Scheme Code;Scheme Name;ISIN Div Payout/ISIN Growth;ISIN Div Reinvestment;Net Asset Value;Repurchase Price;Sale Price;Date

Open Ended Schemes ( Income )


Aditya Birla Sun Life Mutual Fund
106270;BIRLA SUN LIFE CAPITAL PROTECTION ORIENTED FUND-3 YRS- DIVIDEND;;;10.3783;10.3783;0.0000;14-Nov-2008
106269;BIRLA SUN LIFE CAPITAL PROTECTION ORIENTED FUND-3 YRS- GROWTH;;;10.3783;10.3783;0.0000;14-Nov-2008
106271;BIRLA SUN LIFE CAPITAL PROTECTION ORIENTED FUND-5 YRS-DIVIDEND;;;9.8721;9.8721;0.0000;14-Nov-2008
106272;BIRLA SUN LIFE CAPITAL PROTECTION ORIENTED FUND-5 YRS-GROWTH;;;9.8721;9.8721;0.0000;14-Nov-2008
102855;Birla Sun Life Fixed Maturity Plan - Annual  Series 3-Dividend;;;9.9856;9.9856;9.9856;14-Nov-2008
102856;Birla Sun Life Fixed Maturity Plan - Annual  Series 3-Growth;;;12.3997;12.3997;12.3997;14-Nov-2008
102754;Birla Sun Life Fixed Maturity Plan - Annual Series 1-Dividend;;;10.0037;9.8036;10.0037;14-Nov-2008
102755;Birla Sun Life Fixed Maturity Plan - Annual Series 1-Growth;;;10.2114;10.0072;10.2114;14-Nov-2008
102682;Birla Sun Life Fixed Maturity Plan - Quarterly Series II-Dividend;;;10.1583;9.9551;10.1583;14-Nov-2008
102683;Birla Sun Life Fixed Maturity Plan - Quarterly Series II-Growth;;;13.7333;13.4586;13.7333;14-Nov-2008
100970;Aditya Birla Sun Life MIP - Regular Plan - Growth;INF209K01694;;19.4418;19.3251;19.4418;14-Nov-2008
100971;Aditya Birla Sun Life MIP - Regular Plan - Monthly Dividend;INF209K01702;;9.6814;9.6233;9.6814;14-Nov-2008
100972;Aditya Birla Sun Life MIP - Regular Plan - Monthly Payment;INF209K01710;;19.4418;19.3251;19.4418;14-Nov-2008
101713;Aditya Birla Sun Life MIP II - Saving 5 Plan - Growth - Regular Plan;INF209K01728;;14.2796;14.2796;14.2796;14-Nov-2008
101711;Aditya Birla Sun Life MIP II - Savings 5 Plan - Monthly Dividend - Regular Plan;INF209K01736;INF209K01DE3;10.6790;10.6790;10.6790;14-Nov-2008
101712;Aditya Birla Sun Life MIP II - Savings 5 Plan - Monthly Growth /Payment;INF209K01744;;14.2796;14.2796;14.2796;14-Nov-2008
103184;Aditya Birla Sun Life Monthly Income - Dividend - Regular Plan;INF209K01AX9;INF209K01DX3;9.5881;9.4922;9.5881;14-Nov-2008
103185;Aditya Birla Sun Life Monthly Income - Growth - Regular Plan;INF209K01AZ4;;26.1736;25.9119;26.1736;14-Nov-2008
103186;Aditya Birla Sun Life Monthly Income - Quarterly Dividend - Regular Plan;INF209K01AY7;INF209K01DY1;9.9325;9.8332;9.9325;14-Nov-2008

Bandhan Mutual Fund
108784;BANDHAN Dynamic Bond Fund - Annual Dividend;INF194K01QE9;INF194K01QD1;11.2895;11.2895;11.2895;14-Nov-2008
108554;BANDHAN Dynamic Bond Fund - Quarterly Dividend;INF194K01QB5;INF194K01QA7;10.5734;10.5734;10.5734;14-Nov-2008
108625;IDFC - SSIF - ST -Plan B - Growth;INF194K01HM1;;0.0000;0.0000;0.0000;14-Nov-2008
108759;IDFC - SSIF - ST -Plan B - Monthly Dividend;INF194K01HO7;INF194K01HN9;10.0134;10.0134;10.0134;14-Nov-2008
108786;IDFC Dynamic Bond Fund - Growth;INF194K01PZ6;;16.0740;16.0740;16.0740;14-Nov-2008
108742;IDFC Money Manager Fund-Investment Plan-Regular Plan-Daily Div.;INF194K01NW8;INF194K01NV0;10.0150;10.0150;10.0150;14-Nov-2008
108736;IDFC Money Manager Fund-Investment Plan-Regular Plan-Growth;INF194K01NO5;;13.2334;13.2334;13.2334;14-Nov-2008
108739;IDFC Money Manager Fund-Investment Plan-Regular Plan-Monthly Div.;INF194K01OC8;INF194K01OB0;10.0375;10.0375;10.0375;14-Nov-2008
108737;IDFC Money Manager Fund-Investment Plan-Regular Plan-Qtrly Div.;INF194K01NT4;INF194K01NS6;10.4095;10.4095;10.4095;14-Nov-2008
108740;IDFC Money Manager Fund-Investment Plan-Regular Plan-Weekly Div.;INF194K01NZ1;INF194K01NY4;10.0130;10.0130;10.0130;14-Nov-2008
109247;IDFC-Money Manager Fund-Investment Plan A-Weekly Div.;INF194K01NM9;INF194K01NL1;10.0130;10.0130;10.0130;14-Nov-2008
108734;IDFC-Money Manager Fund-Investment Plan-Annual Div.;INF194K01NA4;INF194K01MZ3;10.7610;10.7610;10.7610;14-Nov-2008
108732;IDFC-Money Manager Fund-Investment Plan-Growth;INF194K01MY6;;13.0455;13.0455;13.0455;14-Nov-2008
108741;IDFC-Money Manager Fund-Investment Plan-Plan A-Daily Div.;INF194K01NG1;INF194K01NF3;10.0150;10.0150;10.0150;14-Nov-2008
108735;IDFC-Money Manager Fund-Investment Plan-Plan A-Monthly Div.;INF194K01NJ5;INF194K01NI7;10.0377;10.0377;10.0377;14-Nov-2008
108733;IDFC-Money Manager Fund-Investment Plan-Qtrly Div.;INF194K01ND8;INF194K01NC0;10.2307;10.2307;10.2307;14-Nov-2008
108676;IDFC-Money Manager Fund-Treasury Plan-Plan B - Growth;INF194K01LT8;;13.6112;13.6112;13.6112;14-Nov-2008
108677;IDFC-Money Manager Fund-Treasury Plan-Plan B-Daily Div;INF194K01LY8;INF194K01LX0;10.0703;10.0703;10.0703;14-Nov-2008
108678;IDFC-Money Manager Fund-Treasury Plan-Plan B-Weekly Div;INF194K01MB4;INF194K01MA6;10.0914;10.0914;10.0914;14-Nov-2008
108895;IDFC Quarterly Interval Fund  - Plan A - Retail - Growth;;;11.0799;11.0799;11.0799;14-Nov-2008
108892;IDFC Quarterly Interval Fund - Plan A - Institutional - Dividend;;;10.1150;10.1150;10.1150;14-Nov-2008
108893;IDFC Quarterly Interval Fund - Plan A - Institutional - Growth;;;11.6818;11.6818;11.6818;14-Nov-2008
108894;IDFC Quarterly Interval Fund - Plan A - Retail - Dividend;;;10.1150;10.1150;10.1150;14-Nov-2008

Baroda BNP Paribas Mutual Fund
102670;BARODA PIONEER CHILDREN FUND-GIFT PLAN;;;10.7471;10.6396;10.7471;14-Nov-2008

Canara Robeco Mutual Fund
110147;Canara Robeco Interval Scheme Series2 (Quarterly Plan2) - Regular Plan - Dividend Option;INF760K01BG4;;10.2033;10.2033;0.0000;14-Nov-2008
110146;Canara Robeco Interval Scheme Series2 (Quarterly Plan2) - Regular Plan - Growth Option;INF760K01BH2;;10.2033;10.2033;0.0000;14-Nov-2008
110148;Canara Robeco Interval Scheme Series2 (Quarterly Plan2) - Retail Plan - Dividend Option;INF760K01BI0;;10.1849;10.1849;0.0000;14-Nov-2008
110145;Canara Robeco Interval Scheme Series2 (Quarterly Plan2) - Retail Plan - Growth Option;INF760K01BJ8;;10.1849;10.1849;0.0000;14-Nov-2008
109931;Canara Robeco Interval Scheme- Series2 (Quarterly Plan1)- Institutional Plan- Dividend Option;;;10.2563;10.2563;0.0000;14-Nov-2008
109930;Canara Robeco Interval Scheme- Series2 (Quarterly Plan1)- Institutional Plan- Growth Option;;;10.2558;10.2558;0.0000;14-Nov-2008
109933;Canara Robeco Interval Scheme- Series2 (Quarterly Plan1)- Retail Plan- Dividend Option;;;10.2504;10.2504;0.0000;14-Nov-2008
109932;Canara Robeco Interval Scheme- Series2 (Quarterly Plan1)- Retail Plan- Growth Option;;;10.2504;10.2504;0.0000;14-Nov-2008

DBS Chola Mutual Fund
100576;DBS Chola Freedom Income -Short Term Fund-Cum- Institutional Plan;;;13.7073;13.7073;13.7073;14-Nov-2008
105738;DBS Chola Freedom Income -Short Term Fund-Daily Dividend Re-investment Plan;;;10.1300;10.1300;10.1300;14-Nov-2008
100575;DBS Chola Freedom Income -Short Term Fund-Regular - Cumulative;;;13.5287;13.5287;13.5287;14-Nov-2008
100574;DBS Chola Freedom Income -Short Term Fund-Regular-Monthly Dividend;;;11.2102;11.2102;11.2102;14-Nov-2008
105693;DBS Chola Freedom Income -Short Term Fund-Weekly Dividend- Institutional Plan;;;10.2505;10.2505;10.2505;14-Nov-2008
101192;DBS Chola Freedom Income-STF Regular-Semi Annual Dividend;;;12.8600;12.8600;12.8600;14-Nov-2008
106643;DBS Chola Interval Income Fund - Institutional Plan - Cumulative Option;;;11.1302;11.1191;11.1302;14-Nov-2008
106644;DBS Chola Interval Income Fund - Institutional Plan - Dividend Option;;;10.1530;10.1428;10.1530;14-Nov-2008
106641;DBS Chola Interval Income Fund - Retail Plan - Cumulative Option;;;11.1226;11.1115;11.1226;14-Nov-2008
106642;DBS Chola Interval Income Fund - Retail Plan - Dividend Option;;;10.1530;10.1428;10.1530;14-Nov-2008
107547;DBS Chola Interval Income Fund - Quarterly Plan C (Institutional Plan - Cumulative Option);;;10.7728;10.7189;10.7728;14-Nov-2008
107546;DBS Chola Interval Income Fund - Quarterly Plan C (Institutional Plan - Dividend Option);;;10.0304;9.9802;10.0304;14-Nov-2008
107548;DBS Chola Interval Income Fund - Quarterly Plan C (Retail Plan - Cumulative Option);;;10.7728;10.7189;10.7728;14-Nov-2008
107549;DBS Chola Interval Income Fund - Quarterly Plan C (Retail Plan - Dividend Option);;;10.0304;9.9802;10.0304;14-Nov-2008
101958;DBS Chola Liquid Fund - Institutional Plus Weekly Dividend;;;11.9602;11.9602;11.9602;14-Nov-2008
102019;DBS Chola Monthly Income Plan -Reg.-Quarterly Dividend Plan;;;11.5120;11.5120;11.5120;14-Nov-2008
102018;DBS Chola Monthly Income Plan -Regular - Cumulative Plan;;;16.1964;16.1964;16.1964;14-Nov-2008
101895;DBS Chola Monthly Income Plan-Regular-Monthly Dividend Plan;;;11.4106;11.4106;11.4106;14-Nov-2008
103137;DBS Chola Short Term Floating Rate Fund-Cumulative;;;12.7264;12.7264;12.7264;14-Nov-2008
103134;DBS Chola Short Term Floating Rate Fund-Dividend-Daily;;;10.1583;10.1583;10.1583;14-Nov-2008
103136;DBS Chola Short Term Floating Rate Fund-Dividend-Monthly;;;10.4528;10.4528;10.4528;14-Nov-2008
103135;DBS Chola Short Term Floating Rate Fund-Dividend-Weekly;;;10.3797;10.3797;10.3797;14-Nov-2008
100567;DBS Chola Triple Ace-Regular - Quarterly Dividend;;;11.5721;11.5721;11.5721;14-Nov-2008
100563;DBS Chola Triple Ace-Regular -Cumulative;;;24.5649;24.5649;24.5649;14-Nov-2008
100573;DBS Chola Triple Ace-Regular Bonus;;;13.6627;13.6627;13.6627;14-Nov-2008
100569;DBS Chola Triple Ace-Semi Annual Dividend;;;10.4244;10.4244;10.4244;14-Nov-2008
101784;DBS CholaFreedom Income-STF-Institutional Monthly Dividend;;;12.1119;12.1119;12.1119;14-Nov-2008

Deutsche Mutual Fund
108195;DWS CASH OPPORTUNITIES FUND - DAILY DIV;;INF223J01AD4;10.0200;10.0200;10.0200;14-Nov-2008
106036;DWS CASH OPPORTUNITIES FUND - FORTNIGHTLY DIV;INF223J01AE2;INF223J01AF9;10.1554;10.1351;10.1554;14-Nov-2008
105973;DWS CASH OPPORTUNITIES FUND - GR;INF223J01AG7;;11.3148;11.2922;11.3148;14-Nov-2008
105974;DWS CASH OPPORTUNITIES FUND - MONTHLY DIV;INF223J01AH5;INF223J01AI3;10.1172;10.0970;10.1172;14-Nov-2008
106035;DWS CASH OPPORTUNITIES FUND - WEEKLY DIV;INF223J01AJ1;INF223J01AK9;10.1160;10.0958;10.1160;14-Nov-2008
107382;DWS CASH OPPORTUNITIES FUND INSTITUTIONAL - MONTHLY DIV;INF223J01986;INF223J01994;10.0881;10.0629;10.0881;14-Nov-2008
107380;DWS CASH OPPORTUNITIES FUND INSTITUTIONAL -GR;INF223J01978;;10.7918;10.7648;10.7918;14-Nov-2008
108243;DWS CASH OPPORTUNITIES FUND INSTITUTIONAL -Weekly;INF223J01AA0;INF223J01AB8;10.0902;10.0902;10.0902;14-Nov-2008
108244;DWS CASH OPPORTUNITIES FUND INSTITUTIONAL-Daily;;INF223J01945;10.0200;10.0200;10.0200;14-Nov-2008
106882;DWS Income Advantage Fund - Dividend;INF223J01CA6;INF223J01CB4;10.4069;10.3965;10.4069;14-Nov-2008
106881;DWS Income Advantage Fund - Growth;INF223J01BZ5;;11.0406;11.0296;11.0406;14-Nov-2008
106884;DWS Income Advantage FUND- Inst-Div;INF223J01BW2;INF223J01BX0;10.4322;10.4218;10.4322;14-Nov-2008
104426;DWS Low Duration Fund - Daily Dividend;;INF223J01CC2;10.0082;9.9932;10.0082;14-Nov-2008
104425;DWS Low Duration Fund - Growth;;INF223J01CE8;11.8563;11.8385;11.8563;14-Nov-2008
104428;DWS Low Duration Fund - Monthly Dividend;INF223J01CF5;INF223J01CG3;10.2477;10.2323;10.2477;14-Nov-2008
110073;DWS Low Duration Fund - Regular Plan - Bonus;INF223J01CJ7;;10.1103;10.1103;10.1103;14-Nov-2008
104234;DWS Low Duration Fund - Regular Plan - Daily Dividend;;INF223J01CK5;10.0259;10.0109;10.0259;14-Nov-2008
103591;DWS Low Duration Fund - Regular Plan - Growth;INF223J01CL3;;12.3793;12.3607;12.3793;14-Nov-2008
103590;DWS Low Duration Fund - Regular Plan - Monthly Dividend;INF223J01CM1;INF223J01CN9;10.3304;10.3149;10.3304;14-Nov-2008
103592;DWS Low Duration Fund - Regular Plan - Weekly Dividend;INF223J01CO7;INF223J01CP4;10.1725;10.1572;10.1725;14-Nov-2008
104427;DWS Low Duration Fund - Weekly Dividend;INF223J01CH1;INF223J01CI9;10.1490;10.1338;10.1490;14-Nov-2008
101731;DWS Premier Bond Fund - Annual Dividend;INF223J01CY6;INF223J01CZ3;11.6188;11.5607;11.6188;14-Nov-2008
101732;DWS Premier Bond Fund - Growth;INF223J01DB2;;13.3938;13.3938;13.6617;14-Nov-2008
101730;DWS Premier Bond Fund - Monthly Dividend;INF223J01DC0;INF223J01DD8;11.3536;11.2968;11.3536;14-Nov-2008
101729;DWS Premier Bond Fund - Quarterly Dividend;INF223J01DE6;INF223J01DF3;10.9018;10.8473;10.9018;14-Nov-2008
101627;DWS Short Maturity Fund - Growth;INF223J01DT4;;14.1821;14.1821;14.1821;14-Nov-2008
101625;DWS Short Maturity Fund - Monthly Dividend;INF223J01DU2;INF223J01DV0;10.5049;10.5049;10.5049;14-Nov-2008
101626;DWS Short Maturity Fund - Weekly Dividend;INF223J01DX6;INF223J01DY4;10.2268;10.2268;10.2268;14-Nov-2008
109301;DWS Ultra Short Term Fund - Daily Dividend;;INF223J01FH4;10.0150;10.0150;10.0150;14-Nov-2008
110072;DWS Ultra Short Term Fund - Regular Plan - Bonus;INF223J01GA7;;10.1221;10.1221;10.1221;14-Nov-2008
107821;DWS Ultra Short Term Fund - Regular Plan - Daily Dividend;;INF223J01FW3;10.0147;10.0147;10.0147;14-Nov-2008
107820;DWS Ultra Short Term Fund - Regular Plan - Growth;INF223J01FX1;;13.8689;13.8689;13.8689;14-Nov-2008
107823;DWS Ultra Short Term Fund - Regular Plan - Monthly Dividend;INF223J01FY9;INF223J01FZ6;10.5332;10.5332;10.5332;14-Nov-2008
107822;DWS Ultra Short Term Fund - Regular Plan - Weekly Dividend;INF223J01GB5;INF223J01GC3;10.5180;10.5180;10.5180;14-Nov-2008
109300;DWS Ultra Short Term Fund - Weekly Dividend;INF223J01FO0;INF223J01FP7;10.0940;10.0940;10.0940;14-Nov-2008

DSP Mutual Fund
101742;DSP BlackRock Savings Manager Fund - Moderate-Growth;;;16.2153;16.0531;16.2153;14-Nov-2008
101743;DSP BlackRock Savings Manager Fund - Moderate-Monthly Dividend;;;10.8310;10.7227;10.8310;14-Nov-2008
101744;DSP BlackRock Savings Manager Fund - Moderate-Quarterly Dividend;;;11.2423;11.1299;11.2423;14-Nov-2008
105665;DSP BlackRock Strategic Bond Fund - Regular Plan - Dividend;INF740K01QT7;INF740K01QW1;1028.7430;1023.5993;1028.7430;14-Nov-2008
105666;DSP BlackRock Strategic Bond Fund - Regular Plan - Growth;INF740K01QU5;;1109.3463;1103.7996;1109.3463;14-Nov-2008
105664;DSP BlackRock Strategic Bond Fund - Regular Plan - Monthly Dividend;INF740K01698;INF740K01QX9;1011.4597;1006.4024;1011.4597;14-Nov-2008
105877;DSP BlackRock Strategic Bond Fund - Regular Plan - Weekly Dividend;;;1003.1000;998.0845;1003.1000;14-Nov-2008
104143;DSP BlackRock Ultra Short Fund - Institutional Plan - Daily Dividend Reinvest;;;1000.8000;1000.8000;1000.8000;14-Nov-2008
104142;DSP BlackRock Ultra Short Fund - Institutional Plan - Growth;INF740K01FS2;;1191.7870;1191.7870;1191.7870;14-Nov-2008
104141;DSP BlackRock Ultra Short Fund - Institutional Plan - Weekly Dividend;;;1000.8000;1000.8000;1000.8000;14-Nov-2008
103275;DSP Credit Risk Fund - Institutional Plan-Daily Dividend Reinvest;;;1000.0000;1000.0000;1000.0000;14-Nov-2008
103277;DSP Credit Risk Fund - Institutional Plan-Growth;INF740K01FN3;;1221.6249;1221.6249;1221.6249;14-Nov-2008

Edelweiss Mutual Fund
109955;Edelweiss Bond Fund  - Growth Option;INF754K01AH7;;10.2106;10.2106;10.2106;14-Nov-2008
109950;Edelweiss Bond Fund - Daily Dividend Option;;INF754K01AL9;10.0000;10.0000;10.0000;14-Nov-2008
109956;Edelweiss Bond Fund - Retail Plan - Daily Dividend Option;;INF754K01AE4;10.0000;10.0000;10.0000;14-Nov-2008
109953;Edelweiss Bond Fund - Retail Plan - Fortnightly Dividend Option;;INF754K01AG9;10.0096;10.0096;10.0096;14-Nov-2008
109949;Edelweiss Bond Fund - Retail Plan - Growth Option;INF754K01AA2;;10.2105;10.2105;10.2105;14-Nov-2008
109958;Edelweiss Bond Fund - Retail Plan - Monthly Dividend Option;INF754K01AB0;INF754K01AD6;10.0358;10.0358;10.0358;14-Nov-2008
109951;Edelweiss Bond Fund - Retail Plan - Weekly Dividend Option;;INF754K01AF1;10.0063;10.0063;10.0063;14-Nov-2008
110287;Edelweiss Short Term Income Fund - Dividend Option;INF754K01830;INF754K01848;10.0645;9.9639;10.0645;14-Nov-2008
110285;Edelweiss Short Term Income Fund - Growth Option;INF754K01822;;10.1537;10.0522;10.1537;14-Nov-2008
110288;Edelweiss Short Term Income Fund - Institutional Plan - Dividend Option;INF754K01863;INF754K01871;10.0645;10.0645;10.0645;14-Nov-2008

Fidelity Mutual Fund
104220;Fidelity Flexi Bond Fund - Institutional Plan Dividend Option;;;10.1794;10.1794;10.1794;14-Nov-2008
104219;Fidelity Flexi Bond Fund - Institutional Plan Growth Option;;;11.6086;11.6086;11.6086;14-Nov-2008
104218;Fidelity Flexi Bond Fund - Retail Plan Dividend Option;;;10.0898;10.0898;10.0898;14-Nov-2008
104217;Fidelity Flexi Bond Fund - Retail Plan Growth Option;;;11.5575;11.5575;11.5575;14-Nov-2008
106572;Fidelity Ultra Short Term Debt Fund - Institutional Plan - Daily Dividend Option;;INF677K01999;10.0025;9.9925;10.0025;14-Nov-2008
106571;Fidelity Ultra Short Term Debt Fund - Institutional Plan - Growth Option;;;10.6464;10.6358;10.6464;14-Nov-2008
106579;Fidelity Ultra Short Term Debt Fund - Institutional Plan - Monthly Dividend Option;INF677K01AC1;INF677K01AD9;10.0422;10.0322;10.0422;14-Nov-2008
106573;Fidelity Ultra Short Term Debt Fund - Institutional Plan - Weekly Dividend Option;INF677K01AA5;INF677K01AB3;10.0107;10.0007;10.0107;14-Nov-2008
106574;Fidelity Ultra Short Term Debt Fund - Retail Plan - Growth Option;;;10.9457;10.9348;10.9457;14-Nov-2008
106575;Fidelity Ultra Short Term Debt Fund - Retail Plan - Monthly Dividend Option;;;10.0408;10.0308;10.0408;14-Nov-2008
108409;Fidelity Ultra Short Term Debt Fund - Retail Plan - Weekly Dividend Option;;INF677K01957;10.0093;9.9993;10.0093;14-Nov-2008
106576;Fidelity Ultra Short Term Debt Fund - Super Institutional Plan - Daily Dividend Option;;;10.0025;9.9925;10.0025;14-Nov-2008
106578;Fidelity Ultra Short Term Debt Fund - Super Institutional Plan - Growth Option;;;11.0086;10.9976;11.0086;14-Nov-2008
106580;Fidelity Ultra Short Term Debt Fund - Super Institutional Plan - Monthly Dividend Option;;;10.0000;10.0000;10.0000;14-Nov-2008
106577;Fidelity Ultra Short Term Debt Fund - Super Institutional Plan - Weekly Dividend Option;INF677K01AG2;INF677K01AH0;10.0103;10.0003;10.0103;14-Nov-2008

Fortis Mutual Fund
111315;Fortis Bond Fund - Institutional Plan -Annual-Dividend Option;;;0.0000;0.0000;0.0000;14-Nov-2008
111310;Fortis Bond Fund - Institutional Plan -Growth Option;;;10.0199;9.9197;10.0199;14-Nov-2008
111309;Fortis Bond Fund - Regular Plan - Annual-Dividend Option;;;10.0178;9.9176;10.0178;14-Nov-2008
111307;Fortis Bond Fund - Regular Plan - Fortnightly-Dividend Option;;;10.0178;9.9176;10.0178;14-Nov-2008
111308;Fortis Bond Fund - Regular Plan - Growth Option;;;10.0178;9.9176;10.0178;14-Nov-2008
111314;Fortis Bond Fund - Regular Plan - Monthly-Dividend Option;;;10.0178;9.9176;10.0178;14-Nov-2008
111306;Fortis Bond Fund - Regular Plan - Quarterly-Dividend Option;;;10.0178;9.9176;10.0178;14-Nov-2008
111313;Fortis Bond Fund -Institutional Plan - Fortnightly-Dividend Option;;;10.0197;9.9195;10.0197;14-Nov-2008
111311;Fortis Bond Fund -Institutional Plan - Monthly-Dividend Option;;;0.0000;0.0000;0.0000;14-Nov-2008
111312;Fortis Bond Fund -Institutional Plan - Quarterly-Dividend Option;;;0.0000;0.0000;0.0000;14-Nov-2008
110808;Fortis Flexi Debt Fund-Regular Plan-Daily Dividend Option;;;10.1411;10.1411;10.1411;14-Nov-2008
110805;Fortis Flexi Debt Fund-Regular Plan-Growth Option;;;13.4484;13.4484;13.4484;14-Nov-2008
110807;Fortis Flexi Debt Fund-Regular Plan-Half-Yearly Dividend Option;;;10.2667;10.2667;10.2667;14-Nov-2008
110806;Fortis Flexi Debt Fund-Regular Plan-Quarterly Dividend Option;;;10.2649;10.2649;10.2649;14-Nov-2008
110809;Fortis Flexi Debt Fund-Regular Plan-Weekly Dividend Option;;;10.1412;10.1412;10.1412;14-Nov-2008
110974;Fortis Flexible Short Term Plan - Series A - Regular Plan - Calendar Quarterly Dividend Option- Automatic Redemption;;;10.0143;9.9142;10.0143;14-Nov-2008
110975;Fortis Flexible Short Term Plan - Series A - Regular Plan - Calendar Quarterly Dividend Option- Automatic Renewal;;;10.0143;9.9142;10.0143;14-Nov-2008
110972;Fortis Flexible Short Term Plan - Series A - Regular Plan - Growth Option - Automatic Redemption;;;11.4585;11.3439;11.4585;14-Nov-2008
110968;Fortis Flexible Short Term Plan - Series A - Regular Plan - Growth Option - Automatic Renewal;;;11.4607;11.3461;11.4607;14-Nov-2008
110971;Fortis Flexible Short Term Plan - Series A - Regular Plan - Monthly Dividend Option- Automatic Redemption;;;10.0143;9.9142;10.0143;14-Nov-2008
110970;Fortis Flexible Short Term Plan - Series A - Regular Plan - Monthly Dividend Option- Automatic Renewal;;;10.0143;9.9142;10.0143;14-Nov-2008
110973;Fortis Flexible Short Term Plan - Series A - Regular Plan - Quarterly Dividend Option- Automatic Redemption;;;10.0143;9.9142;10.0143;14-Nov-2008
110969;Fortis Flexible Short Term Plan - Series A - Regular Plan - Quarterly Dividend Option- Automatic Renewal;;;10.0143;9.9142;10.0143;14-Nov-2008
110989;Fortis FLEXIBLE SHORT TERM PLAN - SERIES B - Regular Plan - Growth Option - Compulsory Redemption;;;11.4509;11.3364;11.4509;14-Nov-2008
110984;FORTIS FLEXIBLE SHORT TERM PLAN - SERIES B - Regular Plan - Growth Option - Compulsory Renewal;;;11.4489;11.3344;11.4489;14-Nov-2008
110986;FORTIS FLEXIBLE SHORT TERM PLAN - SERIES B - Regular Plan - Monthly Dividend Option - Compulsory Redemption;;;10.0602;9.9596;10.0602;14-Nov-2008
110987;FORTIS FLEXIBLE SHORT TERM PLAN - SERIES B - Regular Plan - Monthly Dividend Option - Compulsory Renewal;;;10.0603;9.9597;10.0603;14-Nov-2008
110988;FORTIS FLEXIBLE SHORT TERM PLAN - SERIES B - Regular Plan - Quarterly Dividend Option - Compulsory Redemption;;;10.2385;10.1361;10.2385;14-Nov-2008
110985;FORTIS FLEXIBLE SHORT TERM PLAN - SERIES B - Regular Plan - Quarterly Dividend Option - Compulsory Renewal;;;10.2385;10.1361;10.2385;14-Nov-2008
110999;FORTIS FLEXIBLE SHORT TERM PLAN - SERIES C- Regular Plan - Calendar Quarterly Dividend Option - Automatic Redemption;;;10.1604;10.0588;10.1604;14-Nov-2008
110998;FORTIS FLEXIBLE SHORT TERM PLAN - SERIES C- Regular Plan - Calendar Quarterly Dividend Option - Automatic Renewal;;;10.1604;10.0588;10.1604;14-Nov-2008
110993;FORTIS FLEXIBLE SHORT TERM PLAN - SERIES C- Regular Plan - Growth Option - Automatic Redemption;;;11.4074;11.2933;11.4074;14-Nov-2008
110992;FORTIS FLEXIBLE SHORT TERM PLAN - SERIES C- Regular Plan - Growth Option - Automatic Renewal;;;11.4062;11.2921;11.4062;14-Nov-2008
110997;FORTIS FLEXIBLE SHORT TERM PLAN - SERIES C- Regular Plan - Monthly Dividend Option - Automatic Redemption;;;10.0485;9.9480;10.0485;14-Nov-2008
110996;FORTIS FLEXIBLE SHORT TERM PLAN - SERIES C- Regular Plan - Monthly Dividend Option - Automatic Renewal;;;10.0485;9.9480;10.0485;14-Nov-2008
110994;FORTIS FLEXIBLE SHORT TERM PLAN - SERIES C- Regular Plan - Quarterly Dividend Option - Automatic Redemption;;;10.2022;10.1002;10.2022;14-Nov-2008
110995;FORTIS FLEXIBLE SHORT TERM PLAN - SERIES C- Regular Plan - Quarterly Dividend Option - Automatic Renewal;;;10.2021;10.1001;10.2021;14-Nov-2008
110983;FORTIS FLEXIBLE SHORT TERM PLAN - SERIES- D - Regular Plan - Calendar  Quarterly Dividend Option - Compulsory Redemption;;;0.0000;0.0000;0.0000;14-Nov-2008
110982;FORTIS FLEXIBLE SHORT TERM PLAN - SERIES- D - Regular Plan - Calendar Quarterly Dividend Option - Compulsory Renewal;;;10.1474;10.0459;10.1474;14-Nov-2008
110978;FORTIS FLEXIBLE SHORT TERM PLAN - SERIES- D - Regular Plan - Growth Option - Compulsory Redemption;;;0.0000;0.0000;0.0000;14-Nov-2008
110980;FORTIS FLEXIBLE SHORT TERM PLAN - SERIES- D - Regular Plan - Growth Option - Compulsory Renewal;;;11.3755;11.2617;11.3755;14-Nov-2008
110981;FORTIS FLEXIBLE SHORT TERM PLAN - SERIES- D - Regular Plan - Monthly Dividend Option - Compulsory Redemption;;;0.0000;0.0000;0.0000;14-Nov-2008
110977;FORTIS FLEXIBLE SHORT TERM PLAN - SERIES- D - Regular Plan - Monthly Dividend Option - Compulsory Renewal;;;10.0501;9.9496;10.0501;14-Nov-2008
110976;FORTIS FLEXIBLE SHORT TERM PLAN - SERIES- D - Regular Plan - Quarterly Dividend Option - Compulsory Redemption;;;10.1876;10.0857;10.1876;14-Nov-2008
110979;FORTIS FLEXIBLE SHORT TERM PLAN - SERIES- D - Regular Plan - Quarterly Dividend Option - Compulsory Renewal;;;10.1869;10.0850;10.1869;14-Nov-2008
111116;Fortis Interval Fund - Monthly Plan A - Calender Monthly Dividend Option -  Automatic Redemption;;;10.0864;9.9855;10.0864;14-Nov-2008
111117;Fortis Interval Fund - Monthly Plan A - Calender Monthly Dividend Option -  Automatic Renewal;;;10.0864;9.9855;10.0864;14-Nov-2008
111112;Fortis Interval Fund - Monthly Plan A - Growth Option - Automatic Redemption;;;11.1437;11.0323;11.1437;14-Nov-2008
111115;Fortis Interval Fund - Monthly Plan A - Growth Option - Automatic Renewal;;;10.9384;10.8290;10.9384;14-Nov-2008
111114;Fortis Interval Fund - Monthly Plan A - Interval Period Dividend Option - Automatic Redemption;;;10.0864;9.9855;10.0864;14-Nov-2008
111113;Fortis Interval Fund - Monthly Plan A - Interval Period Dividend Option - Automatic Renewal;;;10.0863;9.9854;10.0863;14-Nov-2008
111038;Fortis Interval Fund - Quarterly Plan H -  Regular Plan Quarterly Dividend Option - Compulsory Redemption;;;10.1511;10.0496;10.1511;14-Nov-2008
111035;Fortis Interval Fund - Quarterly Plan H - Regular Plan  Growth Option - Compulsory Redemption;;;10.7159;10.6087;10.7159;14-Nov-2008
111040;Fortis Interval Fund - Quarterly Plan H - Regular Plan  Growth Option - Compulsory Renewal;;;11.1957;11.0837;11.1957;14-Nov-2008
111036;Fortis Interval Fund - Quarterly Plan H - Regular Plan  Interval Period Dividend Option - Compulsory Redemption;;;10.2481;10.1456;10.2481;14-Nov-2008
111039;Fortis Interval Fund - Quarterly Plan H - Regular Plan  Interval Period Dividend Option - Compulsory Renewal;;;10.2481;10.1456;10.2481;14-Nov-2008
111037;Fortis Interval Fund - Quarterly Plan H - Regular Plan  Monthly Dividend Option - Compulsory Redemption;;;10.0605;9.9599;10.0605;14-Nov-2008
111034;Fortis Interval Fund - Quarterly Plan H - Regular Plan  Quarterly Dividend Option - Compulsory Renewal;;;10.1514;10.0499;10.1514;14-Nov-2008
111041;Fortis Interval Fund - Quarterly Plan H - Regular Plan Monthly Dividend Option - Compulsory Renewal;;;0.0000;0.0000;0.0000;14-Nov-2008
111072;Fortis Interval Fund - Quarterly Plan I - Regular Plan -  Monthly Dividend Option - Compulsory Renewal;;;10.0265;9.9262;10.0265;14-Nov-2008
111076;Fortis Interval Fund - Quarterly Plan I - Regular Plan - Growth Option - Compulsory Redemption;;;11.0907;10.9798;11.0907;14-Nov-2008
111077;Fortis Interval Fund - Quarterly Plan I - Regular Plan - Growth Option - Compulsory Renewal;;;11.0909;10.9800;11.0909;14-Nov-2008
111070;Fortis Interval Fund - Quarterly Plan I - Regular Plan - Interval Period Dividend Option - Compulsory Redemption;;;10.1284;10.0271;10.1284;14-Nov-2008
111073;Fortis Interval Fund - Quarterly Plan I - Regular Plan - Interval Period Dividend Option - Compulsory Renewal;;;10.1285;10.0272;10.1285;14-Nov-2008
111071;Fortis Interval Fund - Quarterly Plan I - Regular Plan - Monthly Dividend Option - Compulsory Redemption;;;10.0270;9.9267;10.0270;14-Nov-2008
111074;Fortis Interval Fund - Quarterly Plan I - Regular Plan - Quarterly Dividend Option - Compulsory Redemption;;;10.1077;10.0066;10.1077;14-Nov-2008
111075;Fortis Interval Fund - Quarterly Plan I - Regular Plan - Quarterly Dividend Option - Compulsory Renewal;;;10.1077;10.0066;10.1077;14-Nov-2008
111121;Fortis Interval Fund - Quarterly Plan K - Regular Plan - Growth Option - Automatic Redemption;;;10.0639;9.9633;10.0639;14-Nov-2008
111123;Fortis Interval Fund - Quarterly Plan K - Regular Plan - Growth Option - Automatic Renewal;;;10.0639;9.9633;10.0639;14-Nov-2008
111120;Fortis Interval Fund - Quarterly Plan K - Regular Plan - Interval Period Dividend Option - Automatic Redemption;;;10.0646;9.9640;10.0646;14-Nov-2008
111118;Fortis Interval Fund - Quarterly Plan K - Regular Plan - Interval Period Dividend Option - Automatic Renewal;;;10.0657;9.9650;10.0657;14-Nov-2008
111124;Fortis Interval Fund - Quarterly Plan K - Regular Plan - Monthly Dividend Option - Automatic Redemption;;;10.0408;9.9404;10.0408;14-Nov-2008
111125;Fortis Interval Fund - Quarterly Plan K - Regular Plan - Monthly Dividend Option - Automatic Renewal;;;0.0000;0.0000;0.0000;14-Nov-2008
111122;Fortis Interval Fund - Quarterly Plan K - Regular Plan - Quarterly Dividend Option- Automatic Redemption;;;0.0000;0.0000;0.0000;14-Nov-2008
111119;Fortis Interval Fund - Quarterly Plan K - Regular Plan - Quarterly Dividend Option- Automatic Renewal;;;0.0000;0.0000;0.0000;14-Nov-2008
111132;Fortis Interval Fund - Quarterly Plan L - Regular Plan - Calendar  Monthly Dividend Option - Automatic Redemption;;;10.0566;9.9560;10.0566;14-Nov-2008
111131;Fortis Interval Fund - Quarterly Plan L - Regular Plan - Calendar  Monthly Dividend Option - Automatic Renewal;;;0.0000;0.0000;0.0000;14-Nov-2008
111129;Fortis Interval Fund - Quarterly Plan L - Regular Plan - Calendar  Quarterly Dividend Option- Automatic Renewal;;;10.0716;9.9709;10.0716;14-Nov-2008
111133;Fortis Interval Fund - Quarterly Plan L - Regular Plan - Calendar Quarterly Dividend Option- Automatic Redemption;;;0.0000;0.0000;0.0000;14-Nov-2008
111127;Fortis Interval Fund - Quarterly Plan L - Regular Plan - Growth Option - Automatic Redemption;;;10.8036;10.6956;10.8036;14-Nov-2008
111130;Fortis Interval Fund - Quarterly Plan L - Regular Plan - Growth Option - Automatic Renewal;;;10.8009;10.6929;10.8009;14-Nov-2008
111126;Fortis Interval Fund - Quarterly Plan L - Regular Plan - Interval Period Dividend Option - Automatic Redemption;;;10.0716;9.9709;10.0716;14-Nov-2008
111128;Fortis Interval Fund - Quarterly Plan L - Regular Plan - Interval Period Dividend Option - Automatic Renewal;;;10.0718;9.9711;10.0718;14-Nov-2008
111162;Fortis Interval Fund Sr 2 - Quarterly Plan M - Regular Plan - Calendar  Monthly Dividend Option - Automatic Redemption;;;10.0637;9.9631;10.0637;14-Nov-2008
111160;Fortis Interval Fund Sr 2 - Quarterly Plan M - Regular Plan - Calendar  Monthly Dividend Option - Automatic Renewal;;;10.0639;9.9633;10.0639;14-Nov-2008
111159;Fortis Interval Fund Sr 2 - Quarterly Plan M - Regular Plan - Growth Option - Automatic Redemption;;;10.3536;10.2501;10.3536;14-Nov-2008
111161;Fortis Interval Fund Sr 2 - Quarterly Plan M - Regular Plan - Growth Option - Automatic Renewal;;;10.3560;10.2524;10.3560;14-Nov-2008
111163;Fortis Interval Fund Sr 2 - Quarterly Plan M - Regular Plan - Interval Period Dividend Option - Automatic Redemption;;;10.1041;10.0031;10.1041;14-Nov-2008
111158;Fortis Interval Fund Sr 2 - Quarterly Plan M - Regular Plan - Interval Period Dividend Option - Automatic Renewal;;;10.1041;10.0031;10.1041;14-Nov-2008
111168;Fortis Interval Fund Sr 2 - Quarterly Plan N - Regular Plan - Calendar  Monthly Dividend Option - Automatic Redemption;;;10.0562;9.9556;10.0562;14-Nov-2008
111171;Fortis Interval Fund Sr 2 - Quarterly Plan N - Regular Plan - Calendar  Monthly Dividend Option - Automatic Renewal;;;10.0562;9.9556;10.0562;14-Nov-2008
111170;Fortis Interval Fund Sr 2 - Quarterly Plan N - Regular Plan - Growth Option - Automatic Redemption;;;10.3569;10.2533;10.3569;14-Nov-2008
111166;Fortis Interval Fund Sr 2 - Quarterly Plan N - Regular Plan - Growth Option - Automatic Renewal;;;10.3572;10.2536;10.3572;14-Nov-2008
111167;Fortis Interval Fund Sr 2 - Quarterly Plan N - Regular Plan - Interval Period Dividend Option - Automatic Redemption;;;10.0917;9.9908;10.0917;14-Nov-2008
111169;Fortis Interval Fund Sr 2 - Quarterly Plan N - Regular Plan - Interval Period Dividend Option - Automatic Renewal;;;10.0915;9.9906;10.0915;14-Nov-2008
110770;Fortis Money Plus Fund-Institutional Plan- Daily Dividend Option (Compulsory Reinvestment);;;10.0031;10.0031;10.0031;14-Nov-2008
110767;Fortis Money Plus Fund-Institutional Plan-Growth Option;;;12.6956;12.6956;12.6956;14-Nov-2008
110769;Fortis Money Plus Fund-Institutional Plan-Monthly Dividend Option;;;10.0591;10.0591;10.0591;14-Nov-2008
110768;Fortis Money Plus Fund-Institutional Plan-Weekly Dividend Option;;;10.0000;10.0000;10.0000;14-Nov-2008
110771;Fortis Money Plus Fund-Regular Plan- Daily Dividend Option (Compulsory Reinvestment);;;10.0030;10.0030;10.0030;14-Nov-2008
110764;Fortis Money Plus Fund-Regular Plan-Growth Option;;;12.5904;12.5904;12.5904;14-Nov-2008
110766;Fortis Money Plus Fund-Regular Plan-Monthly Dividend Option;;;10.0574;10.0574;10.0574;14-Nov-2008
110765;Fortis Money Plus Fund-Regular Plan-Weekly Dividend Option;;;10.0000;10.0000;10.0000;14-Nov-2008
110841;Fortis Monthly Income Plan-Regular Plan-Growth Option;;;12.8299;12.8299;12.8299;14-Nov-2008
110842;Fortis Monthly Income Plan-Regular Plan-Monthly Dividend Option;;;9.6439;9.6439;9.6439;14-Nov-2008
110843;Fortis Monthly Income Plan-Regular Plan-Quarterly Dividend Option;;;9.6910;9.6910;9.6910;14-Nov-2008
110832;Fortis Short Term Income Fund-Institutional Plan-Daily Dividend Option;;;10.0031;10.0031;10.0031;14-Nov-2008
110831;Fortis Short Term Income Fund-Institutional Plan-Growth Option;;;0.0000;0.0000;0.0000;14-Nov-2008
110827;Fortis Short Term Income Fund-Institutional Plan-Monthly Dividend Option;;;10.0577;10.0577;10.0577;14-Nov-2008
110840;Fortis Short Term Income Fund-Institutional Plan-Quarterly Dividend Option;;;0.0000;0.0000;0.0000;14-Nov-2008
110833;Fortis Short Term Income Fund-Institutional Plan-Weekly Dividend Option;;;0.0000;0.0000;0.0000;14-Nov-2008
110835;Fortis Short Term Income Fund-Institutional Plus Plan-Daily Dividend Option;;;10.0030;10.0030;10.0030;14-Nov-2008
110834;Fortis Short Term Income Fund-Institutional Plus Plan-Growth Option;;;10.4540;10.4540;10.4540;14-Nov-2008
110836;Fortis Short Term Income Fund-Institutional Plus Plan-Monthly Dividend Option;;;10.0240;10.0240;10.0240;14-Nov-2008
110839;Fortis Short Term Income Fund-Institutional Plus Plan-Quarterly Dividend Option;;;0.0000;0.0000;0.0000;14-Nov-2008
110837;Fortis Short Term Income Fund-Institutional Plus Plan-Weekly Dividend Option;;;0.0000;0.0000;0.0000;14-Nov-2008
110828;Fortis Short Term Income Fund-Regular Plan-Growth Option;;;12.9852;12.9852;12.9852;14-Nov-2008
110829;Fortis Short Term Income Fund-Regular Plan-Monthly Dividend Option;;;10.0576;10.0576;10.0576;14-Nov-2008
110838;Fortis Short Term Income Fund-Regular Plan-Quarterly Dividend Option;;;0.0000;0.0000;0.0000;14-Nov-2008
110830;Fortis Short Term Income Fund-Regular Plan-Weekly Dividend Option;;;10.0000;10.0000;10.0000;14-Nov-2008

Franklin Templeton Mutual Fund
100551;Templeton India Children’s Asset Plan-Education Plan;INF090I01AF4;;26.1629;26.1629;26.4245;14-Nov-2008
100553;Templeton India Children’s Asset Plan-Gift Plan - Dividend;INF090I01AG2;INF090I01AH0;25.0170;25.0170;25.3923;14-Nov-2008
100552;Templeton India Children’s Asset Plan-Gift Plan - Growth;INF090I01AI8;;25.0170;25.0170;25.3923;14-Nov-2008
105469;Templeton Quarterly Interval Plan - Plan A - Institutional - Dividend;;;10.2754;10.2754;10.2754;14-Nov-2008
105707;Templeton Quarterly Interval Plan - Plan B - Institutional - Dividend;;;10.1689;10.1689;10.1689;14-Nov-2008
105705;Templeton Quarterly Interval Plan - Plan B - Retail - Dividend;;;10.1645;10.1645;10.1645;14-Nov-2008
105704;Templeton Quarterly Interval Plan - Plan B - Retail - Growth;;;11.3967;11.3967;11.3967;14-Nov-2008
106054;Templeton Quarterly Interval Plan - Plan C - Institutional Plan - Dividend;;;10.0719;10.0719;10.0719;14-Nov-2008
106053;Templeton Quarterly Interval Plan - Plan C - Institutional Plan - Growth;;;10.3167;10.3167;10.3167;14-Nov-2008
106056;Templeton Quarterly Interval Plan - Plan C - Retail Plan - Dividend;;;10.0698;10.0698;10.0698;14-Nov-2008
106055;Templeton Quarterly Interval Plan - Plan C - Retail Plan - Growth;;;11.2552;11.2552;11.2552;14-Nov-2008

HDFC Mutual Fund
101430;HDFC Regular Savings Fund-GROWTH;INF179K01AY2;;15.3649;15.3265;15.3649;14-Nov-2008
101431;HDFC Regular Savings Fund-Monthly Dividend Option;INF179K01AW6;INF179K01AX4;10.3411;10.3152;10.3411;14-Nov-2008

HSBC Mutual Fund
102257;HSBC MIP - Regular -  Dividend - Monthly;INF336L01057;INF336L01065;10.1443;10.0429;10.1443;14-Nov-2008
102258;HSBC MIP - Regular - Dividend - Quarterly;INF336L01073;INF336L01081;10.2561;10.1535;10.2561;14-Nov-2008
102259;HSBC MIP - Regular - Growth;INF336L01040;;13.2440;13.1116;13.2440;14-Nov-2008

ICICI Prudential Mutual Fund
103062;ICICI Prudential Blended Plan B -  Dividend Option - I;INF109K01EA1;INF109K01AQ5;11.5966;11.5386;11.5966;14-Nov-2008
103061;ICICI Prudential Blended Plan B -  Growth Option - I;INF109K01AR3;;12.9195;12.8549;12.9195;14-Nov-2008
101098;ICICI Prudential Child Care Plan Study - Cumulative;INF109K01597;;20.5156;20.3104;20.8233;14-Nov-2008
106290;ICICI Prudential Interval Fund - Annual Interval Plan I - Retail Dividend;INF109K01KM3;;10.2075;10.2075;10.2075;14-Nov-2008
106292;ICICI Prudential Interval Fund - Annual Interval Plan I - Retail Growth;INF109K01KL5;;11.0920;11.0920;11.0920;14-Nov-2008
106291;ICICI Prudential Interval Fund Annual Interval Plan I -  Growth;INF109K01KN1;;11.1230;11.1230;11.1230;14-Nov-2008
106762;ICICI Prudential Interval Fund - Annual Interval Plan II - Retail Dividend;INF109K01KQ4;;10.2885;10.2885;10.2885;14-Nov-2008
106763;ICICI Prudential Interval Fund - Annual Interval Plan II - Retail Growth;INF109K01KP6;;10.9738;10.9738;10.9738;14-Nov-2008
106761;ICICI Prudential Interval Fund Annual Interval Plan II - Growth;INF109K01KR2;;11.0427;11.0427;11.0427;14-Nov-2008
106778;ICICI Prudential Interval Fund - Annual Interval Plan III - Retail Dividend;INF109K01KU6;;10.2537;10.0486;10.2537;14-Nov-2008
106777;ICICI Prudential Interval Fund - Annual Interval Plan III - Retail Growth;INF109K01KT8;;10.9883;10.7685;10.9883;14-Nov-2008
106780;ICICI Prudential Interval Fund Annual Interval Plan III - Dividend;INF109K01KW2;;10.1508;9.9478;10.1508;14-Nov-2008
106832;ICICI Prudential Interval Fund - Annual Interval Plan IV - Retail Dividend;INF109K01KI1;;10.0461;9.8452;10.0461;14-Nov-2008
106833;ICICI Prudential Interval Fund - Annual Interval Plan IV - Retail Growth;INF109K01KH3;;10.8563;10.6392;10.8563;14-Nov-2008
106831;ICICI Prudential Interval Fund Annual Interval Plan IV - Growth;INF109K01KJ9;;10.0488;9.8478;0.0000;14-Nov-2008
106776;ICICI Prudential Interval Fund - Half Yearly Interval Plan I - Retail Dividend;;;10.0904;10.0904;10.0904;14-Nov-2008
106775;ICICI Prudential Interval Fund - Half Yearly Interval Plan I - Retail Growth;;;10.9240;10.9240;10.9240;14-Nov-2008
106852;ICICI Prudential Interval Fund - Half Yearly Interval Plan II - Retail Dividend;INF109K01LM1;;10.0584;9.8572;10.0584;14-Nov-2008
106853;ICICI Prudential Interval Fund - Half Yearly Interval Plan II - Retail Growth;INF109K01LL3;;10.9290;10.7104;10.9290;14-Nov-2008
105650;ICICI Prudential Interval Fund - Monthly Interval Plan I - Retail Dividend;INF109K01ON3;;10.0795;10.0795;10.0795;14-Nov-2008
105651;ICICI Prudential Interval Fund - Monthly Interval Plan I - Retail Growth;INF109K01OM5;;11.3243;11.3243;11.3243;14-Nov-2008
109680;ICICI Prudential Interval Fund Monthly Interval Plan I - Dividend;INF109K01OL7;INF109K01OK9;10.0032;10.0032;10.0032;14-Nov-2008
109679;ICICI Prudential Interval Fund Monthly Interval Plan I - Growth;INF109K01OJ1;;10.2816;10.2816;10.2816;14-Nov-2008
105711;ICICI Prudential Interval Fund - Quarterly Interval Plan I - Retail Dividend;INF109K01LU4;;10.2612;10.2612;10.2612;14-Nov-2008
105710;ICICI Prudential Interval Fund - Quarterly Interval Plan I - Retail Growth;INF109K01LT6;;11.4534;11.4534;11.4534;14-Nov-2008
105907;ICICI Prudential Interval Fund - Quarterly Interval Plan II - Retail Dividend;INF109K01MC0;;10.1751;10.1751;10.1751;14-Nov-2008
105908;ICICI Prudential Interval Fund - Quarterly Interval Plan II - Retail Growth;INF109K01MB2;;11.3637;11.3637;11.3637;14-Nov-2008
110203;ICICI Prudential Interval Fund II Quarterly Interval - Dividend;INF109K01LZ3;INF109K01LY6;10.1555;10.1555;10.1555;14-Nov-2008
110204;ICICI Prudential Interval Fund II Quarterly Interval - Growth;INF109K01LX8;;10.1555;10.1555;10.1555;14-Nov-2008
106141;ICICI Prudential Interval Fund - Quarterly Interval Plan III - Retail Dividend;INF109K01MK3;;10.0889;10.0889;10.0889;14-Nov-2008
106142;ICICI Prudential Interval Fund - Quarterly Interval Plan III - Retail Growth;INF109K01MJ5;;11.1503;11.1503;11.1503;14-Nov-2008
110556;ICICI Prudential Interval Fund III Quarterly Interval - Dividend;INF109K01MH9;INF109K01MG1;10.0908;10.0908;10.0908;14-Nov-2008
110555;ICICI Prudential Interval Fund III Quarterly Interval - Growth;INF109K01MF3;;10.0908;10.0908;10.0908;14-Nov-2008
106828;ICICI Prudential Interval Fund II - Quarterly Interval Plan A - Retail Dividend;INF109K01MO5;;10.0532;9.8521;10.0532;14-Nov-2008
106829;ICICI Prudential Interval Fund II - Quarterly Interval Plan A - Retail Growth;INF109K01MN7;;10.9847;10.7650;10.9847;14-Nov-2008
110664;ICICI Prudential Interval Fund II Quarterly Interval Plan A - Dividend;INF109K01MT4;INF109K01MS6;10.0546;10.0546;10.0546;14-Nov-2008
110663;ICICI Prudential Interval Fund II Quarterly Interval Plan A - Growth;INF109K01MR8;;10.0546;10.0546;10.0546;14-Nov-2008
106885;ICICI Prudential Interval Fund II - Quarterly Interval Plan B - Retail Dividend;INF109K01MW8;;10.0312;9.8306;10.0312;14-Nov-2008
106886;ICICI Prudential Interval Fund II - Quarterly Interval Plan B - Retail Growth;INF109K01MV0;;10.9749;10.7554;10.9749;14-Nov-2008
111317;ICICI Prudential Interval Fund II Quarterly Interval Plan B - Dividend;INF109K01NB0;INF109K01NA2;10.0211;10.0211;10.0211;14-Nov-2008
111316;ICICI Prudential Interval Fund II Quarterly Interval Plan B - Growth;INF109K01MZ1;;10.0211;10.0211;10.0211;14-Nov-2008
106977;ICICI Prudential Interval Fund II - Quarterly Interval Plan C - Retail Dividend;INF109K01NI5;;10.2371;10.0324;10.2371;14-Nov-2008
106976;ICICI Prudential Interval Fund II - Quarterly Interval Plan C - Retail Growth;INF109K01NH7;;10.9641;10.7448;10.9641;14-Nov-2008
109855;ICICI Prudential Interval Fund II Quarterly Interval Plan C - Dividend;INF109K01NF1;INF109K01NE4;10.2368;10.1856;10.2368;14-Nov-2008
109854;ICICI Prudential Interval Fund II Quarterly Interval Plan C - Growth;INF109K01ND6;;10.2368;10.1856;10.2368;14-Nov-2008
107138;ICICI Prudential Interval Fund II - Quarterly Interval Plan D - Retail Dividend;INF109K01NQ8;;10.1812;10.1303;10.1812;14-Nov-2008
107139;ICICI Prudential Interval Fund II - Quarterly Interval Plan D - Retail Growth;INF109K01NP0;;10.9219;10.8673;10.9219;14-Nov-2008
110014;ICICI Prudential Interval Fund II Quarterly Interval Plan D - Dividend;INF109K01NN5;INF109K01NM7;10.1867;10.1867;10.1867;14-Nov-2008
110013;ICICI Prudential Interval Fund II Quarterly Interval Plan D - Growth;INF109K01NL9;;10.1867;10.1867;10.1867;14-Nov-2008
110205;ICICI Prudential Interval Fund II - Quarterly Interval Plan E - Institutional Dividend;;;10.1554;10.1554;10.1554;14-Nov-2008
107224;ICICI Prudential Interval Fund II - Quarterly Interval Plan E - Retail Dividend;;;10.1515;10.1007;10.1515;14-Nov-2008
107223;ICICI Prudential Interval Fund II - Quarterly Interval Plan E - Retail Growth;;;10.9537;10.8989;10.9537;14-Nov-2008
107309;ICICI Prudential Interval Fund II - Quarterly Interval Plan F - Retail Dividend;INF109K01NU0;;10.1467;10.0960;10.1467;14-Nov-2008
107310;ICICI Prudential Interval Fund II - Quarterly Interval Plan F - Retail Growth;INF109K01NT2;;10.9340;10.8793;10.9340;14-Nov-2008
110384;ICICI Prudential Interval Fund II Quarterly Interval Plan F - Dividend;INF109K01NZ9;INF109K01NY2;10.1479;10.1479;10.1479;14-Nov-2008
110383;ICICI Prudential Interval Fund II Quarterly Interval Plan F - Growth;INF109K01NX4;;10.1479;10.1479;10.1479;14-Nov-2008
109960;ICICI Prudential Interval Fund III - Monthly Interval Plan - Institutional Dividend;;;10.0533;10.0533;10.0533;14-Nov-2008
109959;ICICI Prudential Interval Fund III - Monthly Interval Plan - Institutional Growth;;;10.2356;10.2356;10.2356;14-Nov-2008
109508;ICICI Prudential Interval Fund III - Monthly Interval Plan - Retail Dividend;;;10.0528;10.0327;0.0000;14-Nov-2008
109509;ICICI Prudential Interval Fund III - Monthly Interval Plan - Retail Growth;;;10.3093;10.2887;0.0000;14-Nov-2008
109899;ICICI Prudential Interval Fund IV - Quarterly Interval Plan A - Retail Dividend;;;10.1835;10.1835;10.1835;14-Nov-2008
109897;ICICI Prudential Interval Fund IV - Quarterly Interval Plan A - Retail Growth;;;10.1835;10.1835;10.1835;14-Nov-2008
110345;ICICI Prudential Interval Fund IV - Quarterly Interval Plan B - Retail Dividend;INF109K01OG7;;10.1608;10.1608;10.1608;14-Nov-2008
110348;ICICI Prudential Interval Fund IV - Quarterly Interval Plan B - Retail Growth;INF109K01OF9;;10.1608;10.1608;10.1608;14-Nov-2008
110347;ICICI Prudential Interval Fund IV Quarterly Interval Plan B -Dividend;INF109K01OD4;INF109K01OE2;10.1656;10.1656;10.1656;14-Nov-2008
110479;ICICI Prudential Interval Fund IV - Quarterly Interval Plan C - Institutional Dividend;;;10.1300;10.1300;10.1300;14-Nov-2008
110480;ICICI Prudential Interval Fund IV - Quarterly Interval Plan C - Institutional Growth;;;10.1300;10.1300;10.1300;14-Nov-2008
110478;ICICI Prudential Interval Fund IV - Quarterly Interval Plan C - Retail Dividend;;;10.1274;10.1274;10.1274;14-Nov-2008
110481;ICICI Prudential Interval Fund IV - Quarterly Interval Plan C - Retail Growth;;;10.1274;10.1274;10.1274;14-Nov-2008
110693;ICICI Prudential Interval Fund IV - Quarterly Interval Plan D - Retail Dividend;;;10.0164;10.0164;10.0164;14-Nov-2008
110691;ICICI Prudential Interval Fund IV - Quarterly Interval Plan D - Retail Growth;;;10.0164;10.0164;10.0164;14-Nov-2008
110048;ICICI Prudential Interval Fund V - Monthly Interval Plan A - Retail Dividend;INF109K01OU8;;10.0262;10.0262;10.0262;14-Nov-2008
110047;ICICI Prudential Interval Fund V - Monthly Interval Plan A - Retail Growth;INF109K01OS2;;10.2160;10.2160;10.2160;14-Nov-2008
110046;ICICI Prudential Interval Fund V Monthly Interval Plan A - Dividend;INF109K01OR4;INF109K01OQ6;10.0268;10.0268;10.0268;14-Nov-2008
110045;ICICI Prudential Interval Fund V Monthly Interval Plan A - Growth;INF109K01OP8;;10.1263;10.1263;10.1263;14-Nov-2008
100955;ICICI Prudential MIP - Dividend Half Yearly;INF109K01FG5;INF109K01548;10.4965;10.4440;10.4965;14-Nov-2008
100953;ICICI Prudential MIP - Dividend Monthly;INF109K01FH3;INF109K01522;10.2643;10.2130;10.2643;14-Nov-2008
100954;ICICI Prudential MIP - Dividend Quarterly;INF109K01FI1;INF109K01530;10.5770;10.5241;10.5770;14-Nov-2008
100952;ICICI Prudential MIP - Growth;INF109K01555;;19.1252;19.0296;19.1252;14-Nov-2008

ING Mutual Fund
102223;ING Dynamic Duration Fund-Annual Dividend Option;;;10.7737;10.7737;10.7737;14-Nov-2008
102231;ING Dynamic Duration Fund-Bonus Option;;;12.6916;12.6916;12.6916;14-Nov-2008
102222;ING Dynamic Duration Fund-Growth Option;;;12.6916;12.6916;12.6916;14-Nov-2008
102226;ING Dynamic Duration Fund-Half Yearly Dividend Option;;;10.3642;10.3642;10.3642;14-Nov-2008
102224;ING Dynamic Duration Fund-Monthly Dividend Option;;;10.3182;10.3182;10.3182;14-Nov-2008
102225;ING Dynamic Duration Fund-Quarterly Dividend Option;;;10.3768;10.3768;10.3768;14-Nov-2008
100180;ING Income Fund- Regular Plan - Dividend Option (Annual);INF084M01762;INF084M01770;10.8238;10.8238;10.8238;14-Nov-2008
100185;ING Income Fund-Bonus Option;;;12.8460;12.8460;12.8460;14-Nov-2008
100186;ING Income Fund-Institutional Bonus Option;;;13.2949;13.2949;13.2949;14-Nov-2008
100182;ING Income Fund-Institutional Plan - Dividend Option (Half Yearly);INF084M01812;INF084M01820;10.0000;10.0000;10.0000;14-Nov-2008
100183;ING Income Fund-Institutional Plan - Dividend Option (Quarterly);INF084M01796;INF084M01804;10.0152;10.0152;10.0152;14-Nov-2008
100187;ING Income Fund-Institutional Plan - Growth Option;INF084M01788;;22.2092;22.2092;22.2092;14-Nov-2008
100184;ING Income Fund-Institutional Plan -Dividend Option (Annual);INF084M01838;INF084M01846;10.7885;10.7885;10.7885;14-Nov-2008
100179;ING Income Fund-Regular Plan -Dividend Option (Half Yearly);INF084M01747;INF084M01754;10.3238;10.3238;10.3238;14-Nov-2008
100178;ING Income Fund-Regular Plan -Dividend Option (Quarterly);INF084M01721;INF084M01739;10.3675;10.3675;10.3675;14-Nov-2008
100181;ING Income Fund-Regular Plan -Growth Option;INF084M01713;;21.0687;21.0687;21.0687;14-Nov-2008
102236;ING MIP Fund-Annual Dividend Option;INF084M01994;INF084M01AA0;9.8183;9.8183;9.8183;14-Nov-2008
102240;ING MIP Fund-Bonus Option;;;12.2406;12.2406;12.2406;14-Nov-2008
102232;ING MIP Fund-Growth Option;INF084M01929;;12.2406;12.2406;12.2406;14-Nov-2008
102235;ING MIP Fund-Half Yearly Dividend Option;INF084M01978;INF084M01986;9.9871;9.9871;9.9871;14-Nov-2008
102233;ING MIP Fund-Monthly Dividend Option;INF084M01937;INF084M01945;9.5279;9.5279;9.5279;14-Nov-2008
102234;ING MIP Fund-Quarterly Dividend Option;INF084M01952;INF084M01960;9.9152;9.9152;9.9152;14-Nov-2008
101550;ING Short Term Income Fund -Dividend Option;INF084M01697;INF084M01705;11.5763;11.5763;11.5763;14-Nov-2008
101288;ING Short Term Income Fund-Growth Option;INF084M01689;;15.2526;15.2526;15.2526;14-Nov-2008
105214;ING Treasury Advantage Fund - Institutional Bonus Option;;;10.0000;10.0000;10.0000;14-Nov-2008
105212;ING Treasury Advantage Fund - Institutional Daily Dividend Option;INF084M01622;;10.0033;10.0033;10.0033;14-Nov-2008
105207;ING Treasury Advantage Fund - Institutional Growth Option;INF084M01614;;11.4716;11.4716;11.4716;14-Nov-2008
105209;ING Treasury Advantage Fund - Institutional Monthly Dividend Option;INF084M01648;INF084M01655;10.2692;10.2692;10.2692;14-Nov-2008
105213;ING Treasury Advantage Fund - Institutional Quarterly Dividend Option;INF084M01663;INF084M01671;10.0000;10.0000;10.0000;14-Nov-2008
105208;ING Treasury Advantage Fund - Institutional Weekly Dividend Option;INF084M01630;;10.0428;10.0428;10.0428;14-Nov-2008
105206;ING Treasury Advantage Fund - Regular Bonus Option;;;10.0000;10.0000;10.0000;14-Nov-2008
105203;ING Treasury Advantage Fund - Regular Daily Dividend Option;INF084M01556;;10.0026;10.0026;10.0026;14-Nov-2008
105210;ING Treasury Advantage Fund - Regular Growth Option;INF084M01549;;11.4975;11.4975;11.4975;14-Nov-2008
105204;ING Treasury Advantage Fund - Regular Monthly Dividend Option;INF084M01572;INF084M01580;10.2819;10.2819;10.2819;14-Nov-2008
105205;ING Treasury Advantage Fund - Regular Quarterly Dividend Option;INF084M01598;INF084M01606;10.3695;10.3695;10.3695;14-Nov-2008
105211;ING Treasury Advantage Fund - Regular Weekly Dividend Option;INF084M01564;;10.0442;10.0442;10.0442;14-Nov-2008

Invesco Mutual Fund
109563;Religare Half Yearly Interval Fund - Plan A - Institutional Dividend;;;10.2564;10.2564;10.2564;14-Nov-2008
109564;Religare Half Yearly Interval Fund - Plan A - Institutional Growth;;;10.2563;10.2563;10.2563;14-Nov-2008
109562;Religare Half Yearly Interval Fund - Plan A - Regular Dividend;;;10.2532;10.2532;10.2532;14-Nov-2008
109565;Religare Half Yearly Interval Fund - Plan A - Regular Growth;;;10.2532;10.2532;10.2532;14-Nov-2008
109148;Religare Monthly Interval Fund - Plan A - Dividend;;;9.9645;9.9396;9.9645;14-Nov-2008
109147;Religare Monthly Interval Fund - Plan A - Growth;;;10.3025;10.2767;10.3025;14-Nov-2008
109187;Religare Monthly Interval Fund - Plan B - Dividend;;;10.1109;10.0856;10.1109;14-Nov-2008
109188;Religare Monthly Interval Fund - Plan B - Growth;;;10.3530;10.3271;10.3530;14-Nov-2008
107055;Religare Quarterly Interval Fund - Plan A -Growth;;;10.9129;10.8038;10.9129;14-Nov-2008
107054;Religare Quarterly Interval Fund - Plan A-Dividend;;;10.0965;9.9955;10.0965;14-Nov-2008
107094;Religare Quarterly Interval Fund - Plan B -Growth;;;10.9502;10.8407;10.9502;14-Nov-2008
107095;Religare Quarterly Interval Fund - Plan B-Dividend;;;10.2072;10.1051;10.2072;14-Nov-2008
107197;Religare Quarterly Interval Fund - Plan C -Dividend;;;10.1870;10.0851;10.1870;14-Nov-2008
107198;Religare Quarterly Interval Fund - Plan C -Growth;;;10.9233;10.8141;10.9233;14-Nov-2008
107200;Religare Quarterly Interval Fund - Plan D -Dividend;;;10.1314;10.0301;10.1314;14-Nov-2008
107199;Religare Quarterly Interval Fund - Plan D -Growth;;;10.8799;10.7711;10.8799;14-Nov-2008
107239;Religare Quarterly Interval Fund - Plan E -Dividend;;;10.0336;9.9333;10.0336;14-Nov-2008
107240;Religare Quarterly Interval Fund - Plan E -Growth;;;10.7744;10.6667;10.7744;14-Nov-2008
107273;Religare Quarterly Interval Fund - Plan F -Dividend;;;10.1149;10.1149;10.1149;14-Nov-2008
107274;Religare Quarterly Interval Fund - Plan F -Growth;;;10.8660;10.8660;10.8660;14-Nov-2008
109651;Religare Quarterly Interval Fund - Plan G -Regular Growth;;;10.2641;10.1615;10.2641;14-Nov-2008
109652;Religare Quarterly Interval Fund Plan G - Institutional Dividend;;;10.0072;9.9071;10.0072;14-Nov-2008
109654;Religare Quarterly Interval Fund Plan G - Institutional Growth;;;10.2680;10.1653;10.2680;14-Nov-2008
109653;Religare Quarterly Interval Fund Plan G - Regular Dividend;;;10.0072;9.9071;10.0072;14-Nov-2008
109733;Religare Quarterly Interval Fund Plan H - Institutional Dividend;;;10.2262;10.1239;10.2262;14-Nov-2008
109732;Religare Quarterly Interval Fund Plan H - Institutional Growth;;;10.2262;10.1239;10.2262;14-Nov-2008
109734;Religare Quarterly Interval Fund Plan H - Regular Dividend;;;10.2226;10.1204;10.2226;14-Nov-2008
109735;Religare Quarterly Interval Fund Plan H - Regular Growth;;;10.2226;10.1204;10.2226;14-Nov-2008
110358;Religare Quarterly Interval Fund - Plan I -Regular Growth;;;10.0130;9.9129;10.0130;14-Nov-2008
110356;Religare Quarterly Interval Fund Plan I - Institutional Dividend;;;10.0144;9.9143;10.0144;14-Nov-2008
110355;Religare Quarterly Interval Fund Plan I - Institutional Growth;;;10.0144;9.9143;10.0144;14-Nov-2008
110357;Religare Quarterly Interval Fund Plan I - Regular Dividend;;;10.0131;9.9130;10.0131;14-Nov-2008
110489;Religare Quarterly Interval Fund - Plan J -Regular Growth;;;10.0311;9.9308;10.0311;14-Nov-2008
110486;Religare Quarterly Interval Fund Plan J - Institutional Dividend;;;10.0318;9.9315;10.0318;14-Nov-2008
110487;Religare Quarterly Interval Fund Plan J - Institutional Growth;;;10.0318;9.9315;10.0318;14-Nov-2008
110488;Religare Quarterly Interval Fund Plan J - Regular Dividend;;;10.0311;9.9308;10.0311;14-Nov-2008

JM Financial Mutual Fund
102904;JM Equity & Derivative Fund-Bonus-Bonus option;;;11.9432;11.9432;11.9432;14-Nov-2008
102903;JM Equity & Derivative Fund-Dividend-dividend option;;;10.1885;10.1885;10.1885;14-Nov-2008
102902;JM Equity & Derivative Fund-Growth-growth option;;;12.8895;12.8895;12.8895;14-Nov-2008
102026;JM MIP FUND-Annual Dividend;INF192K01AI8;INF192K01AJ6;11.1600;11.1600;11.1600;14-Nov-2008
102027;JM MIP FUND-Growth;INF192K01AK4;;13.4130;13.4130;13.4130;14-Nov-2008
102024;JM MIP FUND-Monthly Dividend;INF192K01AE7;INF192K01AF4;9.6565;9.6565;9.6565;14-Nov-2008
102025;JM MIP FUND-Quarterly Dividend;INF192K01AG2;INF192K01AH0;10.4914;10.4914;10.4914;14-Nov-2008

JPMorgan Mutual Fund
109183;JPMorgan India Active Bond Fund - Institutional Plan - Dividend Option;INF843K01385;INF843K01393;10.1695;10.1441;10.1695;14-Nov-2008
109176;JPMorgan India Active Bond Fund - Institutional Plan - Growth Option;INF843K01377;;10.3719;10.3460;10.3719;14-Nov-2008
109184;JPMorgan India Active Bond Fund - Retail Plan - Dividend Option;INF843K01351;INF843K01369;10.1373;10.0866;10.1373;14-Nov-2008
109175;JPMorgan India Active Bond Fund - Retail Plan - Growth Option;INF843K01344;;10.3396;10.2879;10.3396;14-Nov-2008
106563;JPMorgan India Treasury Fund - Retail Plan - Daily Dividend Option;;INF843K01302;10.0150;10.0150;10.0150;14-Nov-2008
106564;JPMorgan India Treasury Fund - Retail Plan - Growth Option;INF843K01294;;10.1616;10.1616;10.1616;14-Nov-2008
109182;JPMorgan India Treasury Fund - Retail Plan - Monthly Dividend Option;;INF843K01336;10.0647;10.0647;10.0647;14-Nov-2008
109180;JPMorgan India Treasury Fund - Retail Plan - Weekly Dividend Option;;INF843K01310;10.0231;10.0231;10.0231;14-Nov-2008
110157;JPMorgan India Treasury Fund - Super Institutional Plan - Daily Dividend Option;;INF843K01252;10.0089;10.0089;10.0089;14-Nov-2008
110154;JPMorgan India Treasury Fund - Super Institutional Plan - Fortnightly Dividend Option;INF843K01526;INF843K01278;10.0503;10.0503;10.0503;14-Nov-2008
110156;JPMorgan India Treasury Fund - Super Institutional Plan - Growth Option;INF843K01245;;11.0549;11.0549;11.0549;14-Nov-2008
110155;JPMorgan India Treasury Fund - Super Institutional Plan - Monthly Dividend Option;INF843K01534;INF843K01286;10.0559;10.0559;10.0559;14-Nov-2008
110158;JPMorgan India Treasury Fund - Super Institutional Plan - Weekly Dividend Option;INF843K01518;INF843K01260;10.0133;10.0133;10.0133;14-Nov-2008

Kotak Mahindra Mutual Fund
102867;Kotak Flexi-Debt - Regular Plan - Dividend;;INF174K01EW9;10.3206;10.3206;10.3206;14-Nov-2008
102868;Kotak Flexi-Debt - Regular Plan - Growth;INF174K01EV1;;13.3549;13.3549;13.3549;14-Nov-2008
102869;Kotak Flexi-Debt- Regular Plan - Daily Dividend;INF174K01EZ2;INF174K01EY5;10.0311;10.0311;10.0311;14-Nov-2008
108372;Kotak Flexi Debt - Regular Plan- Weekly Dividend;;INF174K01EX7;10.0441;10.0441;10.0441;14-Nov-2008
101954;Kotak Income Plus-(Growth);;;13.132;13.132;13.132;14-Nov-2008
101953;Kotak Income Plus-(Monthly Dividend);;;9.7238;9.7238;9.7238;14-Nov-2008
101955;Kotak Income Plus-(Quaterly Dividend);;;9.7638;9.7638;9.7638;14-Nov-2008
109979;Kotak Monthly Interval Plan Series 2 - Dividend;;;10.0475;10.0475;10.0475;14-Nov-2008
109980;Kotak Monthly Interval Plan Series 2 - Growth;;;10.2193;10.2193;10.2193;14-Nov-2008
110223;Kotak Monthly Interval Plan Series 3 - Dividend;;;10.0199;10.0199;10.0199;14-Nov-2008
110224;Kotak Monthly Interval Plan Series 3 - Growth;;;10.2026;10.2026;10.2026;14-Nov-2008
106662;Kotak Quarterly Interval Plan Series 1 - Dividend;INF174K01BJ2;INF174K01BK0;10.1576;10.1576;10.1576;14-Nov-2008
106661;Kotak Quarterly Interval Plan Series 1 - Growth;INF174K01BI4;;11.1398;11.1398;11.1398;14-Nov-2008
110673;Kotak Quarterly Interval Plan Series 10 - Dividend;INF174K01CL6;;10.0694;10.0694;10.0694;14-Nov-2008
110674;Kotak Quarterly Interval Plan Series 10 - Growth;INF174K01CJ0;;10.0694;10.0694;10.0694;14-Nov-2008
106734;Kotak Quarterly Interval Plan Series 2 - Dividend;INF174K01BM6;INF174K01BN4;10.126;10.126;10.126;14-Nov-2008
106735;Kotak Quarterly Interval Plan Series 2 - Growth;INF174K01BL8;;11.0837;11.0837;11.0837;14-Nov-2008
107092;Kotak Quarterly Interval Plan Series 3 - Dividend;INF174K01BP9;INF174K01BQ7;10.2285;10.2285;10.2285;14-Nov-2008
107093;Kotak Quarterly Interval Plan Series 3 - Growth;INF174K01BO2;;10.9455;10.9455;10.9455;14-Nov-2008
107211;Kotak Quarterly Interval Plan Series 4 - Dividend;INF174K01BS3;INF174K01BT1;10.1705;10.1705;10.1705;14-Nov-2008
107212;Kotak Quarterly Interval Plan Series 4 - Growth;INF174K01BR5;;10.9021;10.9021;10.9021;14-Nov-2008
107486;Kotak Quarterly Interval Plan Series 5-Dividend;INF174K01BV7;INF174K01BW5;10.055;10.055;10.055;14-Nov-2008
107485;Kotak Quarterly Interval Plan Series 5-Growth;INF174K01BU9;;10.7873;10.7873;10.7873;14-Nov-2008
107631;Kotak Quarterly Interval Plan Series 6 - Dividend;INF174K01BY1;INF174K01BZ8;10.0077;10.0077;10.0077;14-Nov-2008
107632;Kotak Quarterly Interval Plan Series 6 - Growth;INF174K01BX3;;10.7303;10.7303;10.7303;14-Nov-2008
109982;Kotak Quarterly Interval Plan Series 7 - Dividend;INF174K01CB7;INF174K01CC5;10.2106;10.2106;10.2106;14-Nov-2008
109981;Kotak Quarterly Interval Plan Series 7 - Growth;INF174K01CA9;;10.2107;10.2107;10.2107;14-Nov-2008
110258;Kotak Quarterly Interval Plan Series 8 - Dividend;INF174K01CE1;INF174K01CF8;10.1428;10.1428;10.1428;14-Nov-2008
110259;Kotak Quarterly Interval Plan Series 8 - Growth;INF174K01CD3;;10.1425;10.1425;10.1425;14-Nov-2008
110569;Kotak Quarterly Interval Plan Series 9 - Dividend;INF174K01CH4;INF174K01CI2;10.0889;10.0889;10.0889;14-Nov-2008
110570;Kotak Quarterly Interval Plan Series 9 - Growth;INF174K01CG6;;10.0889;10.0889;10.0889;14-Nov-2008

LIC Mutual Fund
102816;LIC NOMURA MF Floater MIP - Growth;INF767K01600;;14.1806;14.1806;14.1806;14-Nov-2008
102813;LIC NOMURA MF Floater MIP - Monthly Dividend;INF767K01618;INF767K01626;9.5634;9.5634;9.5634;14-Nov-2008
102814;LIC NOMURA MF Floater MIP - Quarterly Dividend;INF767K01634;INF767K01642;9.5946;9.5946;9.5946;14-Nov-2008
102815;LIC NOMURA MF Floater MIP - Yearly Dividend;INF767K01584;INF767K01592;9.8532;9.8532;9.8532;14-Nov-2008

Mirae Asset Mutual Fund
110141;Mirae Asset Interval Fund - Monthly Plan - Series - I - Institutional Dividend;;;10.0693;10.0592;0;14-Nov-2008
110143;Mirae Asset Interval Fund - Monthly Plan - Series - I - Regular Dividend;;;10.0625;10.0524;0;14-Nov-2008
110142;Mirae Asset Interval Fund - Monthly Plan - Series - I - Regular Growth;;;10.0920;10.0819;0;14-Nov-2008
109608;Mirae Asset Interval Fund Quarterly Plan Series I - Institutional Dividend;;;10.0245;9.9944;0;14-Nov-2008
109607;Mirae Asset Interval Fund Quarterly Plan Series I - Regular Dividend;;;10.0235;9.9934;0;14-Nov-2008
109605;Mirae Asset Interval Fund Quarterly Plan Series I - Regular Growth;;;10.2493;10.2186;0;14-Nov-2008
110096;Mirae Asset Interval Fund - Quarterly Plan - Series - II - Institutional Dividend;;;10.1609;10.1304;0;14-Nov-2008
110095;Mirae Asset Interval Fund - Quarterly Plan - Series - II - Institutional Growth;;;10.1607;10.1302;0;14-Nov-2008
110098;Mirae Asset Interval Fund - Quarterly Plan - Series - II - Regular Dividend;;;10.1591;10.1286;0;14-Nov-2008
110097;Mirae Asset Interval Fund - Quarterly Plan - Series - II - Regular Growth;;;10.1591;10.1286;0;14-Nov-2008

Nippon India Mutual Fund
105242;Reliance Liquid Plus Fund-Institutional Plan Growth Option;;;1156.6745;1154.9395;1156.6745;14-Nov-2008
105239;Reliance Liquid Plus Fund-Institutional Plan-Daily Dividend Option;;;1001.1364;999.6347;1001.1364;14-Nov-2008
105244;Reliance Liquid Plus Fund-Institutional Plan-Monthly Dividend Option;;;1011.6298;1010.1124;1011.6298;14-Nov-2008
105241;Reliance Liquid Plus Fund-Institutional Plan-Quarterly Dividend Option;;;1115.7870;1114.1133;1115.7870;14-Nov-2008
105240;Reliance Liquid Plus Fund-Institutional Plan-Weekly Dividend Option;;;1001.2191;999.7173;1001.2191;14-Nov-2008
105234;Reliance Liquid Plus Fund-Retail Plan Bonus Option;;;1143.3823;1141.6672;1143.3823;14-Nov-2008
105233;Reliance Liquid Plus Fund-Retail Plan Growth Option;;;1150.8190;1149.0928;1150.8190;14-Nov-2008
105235;Reliance Liquid Plus Fund-Retail Plan-Daily Dividend Option;;;1000.8857;999.3844;1000.8857;14-Nov-2008
105237;Reliance Liquid Plus Fund-Retail Plan-Monthly Dividend Option;;;1012.7362;1011.2171;1012.7362;14-Nov-2008
105238;Reliance Liquid Plus Fund-Retail Plan-Quarterly Dividend Option;;;1036.8447;1035.2894;1036.8447;14-Nov-2008
105236;Reliance Liquid Plus Fund-Retail Plan-Weekly Dividend option;;;1002.7037;1001.1996;1002.7037;14-Nov-2008

PineBridge Mutual Fund
107718;PineBridge India Short Term Fund- Standard Plan-Growth Option;INF178L01202;;1006.5839;1004.0674;1006.5839;14-Nov-2008
107720;PineBridge India Short Term Fund- Standard Plan-Monthly Dividend Option;INF178L01210;INF178L01228;1006.3083;1003.7925;1006.3083;14-Nov-2008
107722;PineBridge India Short Term Fund- Standard Plan-Weekly Dividend Option;;INF178L01236;1002.1764;999.6710;1002.1764;14-Nov-2008
107715;PineBridge India Short Term Fund-Retail Plan-Growth Option;INF178L01160;;1047.7330;1045.1137;1047.7330;14-Nov-2008
107721;PineBridge India Short Term Fund-Retail Plan-Monthly Dividend Option;INF178L01178;INF178L01186;1006.1594;1003.6440;1006.1594;14-Nov-2008
107717;PineBridge India Short Term Fund-Retail Plan-Weekly Dividend Option;;INF178L01194;1002.1434;999.6380;1002.1434;14-Nov-2008
106524;PineBridge India Total Return Bond Fund- Institutional Plan-Daily Dividend Option;;INF178L01913;10.0110;10.0110;10.0110;14-Nov-2008
106523;PineBridge India Total Return Bond Fund- Institutional Plan-Growth Option;INF178L01921;;11.0403;11.0403;11.0403;14-Nov-2008
106525;PineBridge India Total Return Bond Fund- Institutional Plan-Monthly Dividend Option;INF178L01947;INF178L01939;10.0596;10.0596;10.0596;14-Nov-2008
106535;PineBridge India Total Return Bond Fund- Institutional Plan-Weekly Dividend Option;;INF178L01970;10.0214;10.0214;10.0214;14-Nov-2008
106530;PineBridge India Total Return Bond Fund- Retail Plan- Monthly Dividend Option;INF178L01863;INF178L01855;10.0560;10.0560;10.0560;14-Nov-2008
106531;PineBridge India Total Return Bond Fund- Retail Plan- Quarterly Dividend Option;INF178L01889;INF178L01871;10.1403;10.1403;10.1403;14-Nov-2008
106522;PineBridge India Total Return Bond Fund- Retail Plan- Weekly Dividend Option;;INF178L01897;10.0211;10.0211;10.0211;14-Nov-2008
106534;PineBridge India Total Return Bond Fund- Retail Plan-Daily Dividend Option;;INF178L01830;10.0110;10.0110;10.0110;14-Nov-2008
106521;PineBridge India Total Return Bond Fund- Retail Plan-Growth Option;INF178L01848;;10.9963;10.9963;10.9963;14-Nov-2008
106527;PineBridge India Total Return Bond Fund- Standard Plan-Daily Dividend Option;;INF178L01BU8;10.0110;10.0110;10.0110;14-Nov-2008
106533;PineBridge India Total Return Bond Fund- Standard Plan-Growth Option;INF178L01BO1;;11.0535;11.0535;11.0535;14-Nov-2008
106538;PineBridge India Total Return Bond Fund- Standard Plan-Monthly Dividend Option;INF178L01BQ6;INF178L01BP8;10.0586;10.0586;10.0586;14-Nov-2008
106537;PineBridge India Total Return Bond Fund- Standard Plan-Weekly Dividend Option;;INF178L01BT0;10.0215;10.0215;10.0215;14-Nov-2008

Principal Mutual Fund
106891;Principal Bank CD Fund - Growth Option;INF173K01BE5;;10.9482;10.9482;10.9482;14-Nov-2008
106899;Principal Bank CD Fund -Div Option-daily;;;10.0200;10.0200;10.0200;14-Nov-2008
106892;Principal Bank CD Fund -Div Option-monthly;INF173K01BF2;INF173K01BG0;10.2639;10.2639;10.2639;14-Nov-2008
106898;Principal Ultra Short Term Fund -Reg plan -Div Option-weekly;;;10.0251;10.0251;10.0251;14-Nov-2008

Sahara Mutual Fund
107234;Sahara Classic Fund- Dividend Option;INF515L01411;INF515L01429;10.8119;10.8119;10.8119;14-Nov-2008
107233;Sahara Classic Fund- Growth Option;INF515L01437;;10.8120;10.8120;10.8120;14-Nov-2008
101403;Sahara Income Fund-Dividend;INF515L01015;INF515L01023;12.6392;12.6392;12.6392;14-Nov-2008
101404;Sahara Income Fund-Growth;INF515L01031;;15.3519;15.3519;15.3519;14-Nov-2008
110261;SAHARA INTERVAL FUND QUARTERLY PLAN-SERIES 1 DIVIDEND;INF515L01502;INF515L01510;10.1493;10.1493;10.1493;14-Nov-2008
110260;SAHARA INTERVAL FUND QUARTERLY PLAN-SERIES 1 GROWTH;INF515L01528;;10.1493;10.1493;10.1493;14-Nov-2008

SBI Mutual Fund
102056;SBI Magnum Income Plus Fund - Savings Plan (D);INF200K01750;INF200K01768;10.1077;10.0066;10.1077;14-Nov-2008
102055;SBI Magnum Income Plus Fund - Savings Plan (G);INF200K01743;;10.4478;10.3433;10.4478;14-Nov-2008
102202;SBI MAGNUM NRI - SHORT TERM BOND PLAN-DIVIDEND;;;10.5983;10.5983;10.5983;14-Nov-2008
102201;SBI MAGNUM NRI - SHORT TERM BOND PLAN-GROWTH;;;10.8947;10.8947;10.8947;14-Nov-2008

Sundaram Mutual Fund
106553;SUNDARAM FIXED INCOME INTERVAL FUND QTRLY PLAN A INST  DIVIDEND;INF903J01BV1;;10.2075;10.2075;0.0000;14-Nov-2008
106555;SUNDARAM FIXED INCOME INTERVAL FUND QTRLY PLAN A INST  GROWTH;INF903J01BU3;;11.1765;11.1765;0.0000;14-Nov-2008
106556;SUNDARAM FIXED INCOME INTERVAL FUND QTRLY PLAN A REGULAR DIVIDEND;INF903J01BT5;;10.2071;10.2071;0.0000;14-Nov-2008
106554;SUNDARAM FIXED INCOME INTERVAL FUND QTRLY PLAN A REGULAR GROWTH;INF903J01BS7;;11.1765;11.1765;0.0000;14-Nov-2008
106701;SUNDARAM FIXED INCOME INTERVAL FUND QTRLY PLAN B INST DIVIDEND;INF903J01BZ2;;10.1662;10.1662;0.0000;14-Nov-2008
106703;SUNDARAM FIXED INCOME INTERVAL FUND QTRLY PLAN B INST GROWTH;INF903J01BY5;;11.1816;11.1816;0.0000;14-Nov-2008
106700;SUNDARAM FIXED INCOME INTERVAL FUND QTRLY PLAN B REGULAR  DIVIDEND;INF903J01BX7;;10.1662;10.1662;0.0000;14-Nov-2008
106702;SUNDARAM FIXED INCOME INTERVAL FUND QTRLY PLAN B REGULAR  GROWTH;INF903J01BW9;;11.1816;11.1816;0.0000;14-Nov-2008

Tata Mutual Fund
106133;Tata Corporate Bond Fund Super High Investment Plan Daily Dividend;;INF277K01AF3;1003.2410;1003.2410;1003.2410;14-Nov-2008
107126;Tata Fixed Income Portfolio Fund - Scheme A2 - Regular Plan - Growth;INF277K01JK4;;10.9259;10.8986;10.9532;14-Nov-2008
107125;Tata Fixed Income Portfolio Fund - Scheme A2 - Regular Plan - Monthly Dividend;INF277K01JL2;INF277K01JM0;10.1397;10.1144;10.1650;14-Nov-2008
107129;Tata Fixed Income Portfolio Fund - Scheme A3 - Regular Plan - Growth;INF277K01JQ1;;10.4828;10.4566;10.5090;14-Nov-2008
107130;Tata Fixed Income Portfolio Fund - Scheme A3 - Regular Plan - Monthly Dividend;INF277K01JR9;INF277K01JS7;10.1971;10.1716;10.2226;14-Nov-2008
107146;Tata Fixed Income Portfolio Fund - Scheme B2 - Regular Plan - Growth;INF277K01JY5;;10.9629;10.9081;11.0177;14-Nov-2008
107145;Tata Fixed Income Portfolio Fund - Scheme B2 - Regular Plan - Monthly Dividend;INF277K01JZ2;INF277K01KA3;10.1251;10.0745;10.1757;14-Nov-2008
107144;Tata Fixed Income Portfolio Fund - Scheme B2 - Regular Plan - Quarterly Dividend;INF277K01KB1;INF277K01KC9;10.2605;10.2092;10.3118;14-Nov-2008
107150;Tata Fixed Income Portfolio Fund - Scheme B3 - Regular Plan - Growth;INF277K01KI6;;11.6116;11.5535;11.6697;14-Nov-2008
107151;Tata Fixed Income Portfolio Fund - Scheme B3 - Regular Plan - Monthly Dividend;INF277K01KJ4;INF277K01KK2;10.1248;10.0742;10.1754;14-Nov-2008
107152;Tata Fixed Income Portfolio Fund - Scheme B3 - Regular Plan - Quarterly Dividend;INF277K01KL0;INF277K01KM8;10.1773;10.1264;10.2282;14-Nov-2008
107162;Tata Fixed Income Portfolio Fund - Scheme C2 - Regular Plan - Growth;INF277K01KS5;;10.8365;10.7552;10.9178;14-Nov-2008
107164;Tata Fixed Income Portfolio Fund - Scheme C2 - Regular Plan - Half Yearly Dividend;INF277K01KT3;INF277K01KU1;10.0504;9.9750;10.1258;14-Nov-2008
107163;Tata Fixed Income Portfolio Fund - Scheme C2 - Regular Plan - Monthly Dividend;INF277K01KV9;INF277K01KW7;10.0675;9.9920;10.1430;14-Nov-2008
107168;Tata Fixed Income Portfolio Fund - Scheme C3 - Regular Plan - Growth;INF277K01LC7;;10.8544;10.7730;10.9358;14-Nov-2008
107170;Tata Fixed Income Portfolio Fund - Scheme C3 - Regular Plan - Half Yearly Dividend;INF277K01LD5;INF277K01LE3;10.0277;9.9525;10.1029;14-Nov-2008
107169;Tata Fixed Income Portfolio Fund - Scheme C3 - Regular Plan - Monthly Dividend;INF277K01LF0;INF277K01LG8;10.0648;9.9893;10.1403;14-Nov-2008
107121;Tata Fixed Income Portfolio Fund Scheme A1 Plan A - Growth;INF277K01JB3;;10.9098;10.8825;10.9371;14-Nov-2008
107122;Tata Fixed Income Portfolio Fund Scheme A1 Plan A - Monthly Dividend;INF277K01JC1;INF277K01JD9;10.2075;10.1820;10.2330;14-Nov-2008
107124;Tata Fixed Income Portfolio Fund Scheme A2 Plan A -  Monthly Dividend;INF277K01JI8;INF277K01JJ6;10.0804;10.0552;10.1056;14-Nov-2008
107123;Tata Fixed Income Portfolio Fund Scheme A2 Plan A - Growth;INF277K01JH0;;10.3116;10.2858;10.3374;14-Nov-2008
107128;Tata Fixed Income Portfolio Fund Scheme A3 Regular Plan - Monthly Dividend;INF277K01JO6;INF277K01JP3;10.1533;10.1279;10.1787;14-Nov-2008
107143;Tata Fixed Income Portfolio Fund Scheme B2 Plan A - Quarterly Dividend;INF277K01JW9;INF277K01JX7;10.2426;10.1914;10.2938;14-Nov-2008
107148;Tata Fixed Income Portfolio Fund Scheme B3 Regular Plan - Monthly Dividend;INF277K01KG0;INF277K01KH8;10.0913;10.0408;10.1418;14-Nov-2008
107149;Tata Fixed Income Portfolio Fund Scheme B3 Regular Plan - Quarterly Dividend;INF277K01KE5;INF277K01KF2;10.1482;10.0975;10.1989;14-Nov-2008
102280;Tata M I P Plus Fund - Regular Plan-Monthly Dividend;INF277K01EC2;INF277K01873;9.6015;9.5535;9.6015;14-Nov-2008
102281;Tata M I P Plus Fund -Regular Plan- Quarterly Dividend;INF277K01ED0;INF277K01881;9.4776;9.4302;9.4776;14-Nov-2008
102282;Tata M I P Plus Fund -Regular Plan- Half Yearly Dividend;INF277K01EB4;INF277K01865;9.9591;9.9093;9.9591;14-Nov-2008
102283;Tata MIP Plus Fund -Regular Plan - Growth;INF277K01857;;12.1130;12.0524;12.1130;14-Nov-2008
106136;Tata Treasury Manager Fund Super High Investment Plan Growth;INF277K01AG1;;1125.6757;1125.6757;1125.6757;14-Nov-2008

UTI Mutual Fund
100648;UTI - CRTS 81 - Dividend Option;;;94.3119;94.3119;95.255;14-Nov-2008
104588;UTI - CRTS 81 - Growth Option;;;113.7365;113.7365;114.8739;14-Nov-2008
101608;UTI - MIS-Growth;INF789F01AA8;;14.7938;14.7938;14.7938;14-Nov-2008
101607;UTI - MIS-Income;INF789F01984;INF789F01992;10.4504;10.4504;10.4504;14-Nov-2008
112066;UTI Smart Woman Savings Plan - Growth Option;;;29.7018;29.7018;30.1473;14-Nov-2008

Open Ended Schemes ( Growth )


Aditya Birla Sun Life Mutual Fund
103171;Birla Sun Life Basic Industries Fund-Plan A(Dividend);;;18.76;18.38;19.18;14-Nov-2008
103172;Birla Sun Life Basic Industries Fund-Plan B(Growth);;;48.39;47.42;49.48;14-Nov-2008
103169;Aditya Birla Sun Life Buy India Fund - Dividend - Regular Plan;INF209K01116;INF209K01CC9;13.04;12.78;13.33;14-Nov-2008
103170;Aditya Birla Sun Life Buy India Fund - Growth - Regular Plan;INF209K01124;;18.57;18.20;18.99;14-Nov-2008
111354;Birla Sun Life Commodities Equities Fund Global Multi Commodity Plan -Institutional Dividend;;;0.0000;0.0000;0.0000;14-Nov-2008
111355;Birla Sun Life Commodities Equities Fund Global Multi Commodity Plan -Institutional Growth;;;0.0000;0.0000;0.0000;14-Nov-2008
111352;Bsl Comm Eq Fund-Global Multi Comm Plan - Dividend;INF209K01215;INF209K01CH8;10.0399;9.9395;10.2909;14-Nov-2008
111353;Bsl Comm Eq Fund-Global Multi Comm Plan - Growth;INF209K01223;;10.0399;9.9395;10.2909;14-Nov-2008
111347;Birla Sun Life Commodities Equities Fund Global Precious Metals Plan -Institutional Dividend;;;0.0000;0.0000;0.0000;14-Nov-2008
111345;Birla Sun Life Commodities Equities Fund Global Precious Metals Plan -Institutional Growth;;;0.0000;0.0000;0.0000;14-Nov-2008
111344;Bsl Comm Eq Fund-Global Prec Metals Plan - Dividend;INF209K01173;INF209K01CF2;10.0390;9.9386;10.2900;14-Nov-2008
111346;Bsl Comm Eq Fund-Global Prec Metals Plan - Growth;INF209K01181;;10.0390;9.9386;10.2900;14-Nov-2008
100065;Aditya Birla Sun Life India Opportunities Fund - Dividend - Regular Plan;INF209K01280;INF209K01CK2;10.73;10.52;10.97;14-Nov-2008
100066;Aditya Birla Sun Life India Opportunities Fund - Growth - Regular Plan;INF209K01298;;24.98;24.48;25.54;14-Nov-2008
104339;Aditya Birla Sun Life Long Term Fund- Growth Option;INF209K01SD3;;6.84;6.84;0.00;14-Nov-2008
104338;Aditya Birla Sun Life Long Term Fund-Dividend Option;INF209K01SE1;INF209K01SF8;6.84;6.84;0.00;14-Nov-2008
107505;Aditya Birla Sun Life Special Situations Fund - Dividend;INF209K01553;INF209K01CX5;5.2579;5.1527;5.3762;14-Nov-2008
107504;Aditya Birla Sun Life Special Situations Fund - Growth;INF209K01561;;5.2579;5.1527;5.3762;14-Nov-2008

Bandhan Mutual Fund
110463;IDFC  50-50 Strategic Sector Fund-Regular Plan-Dividend;INF194K01326;INF194K01334;7.8492;7.8492;8.0258;14-Nov-2008
110462;IDFC  50-50 Strategic Sector Fund-Regular Plan-Growth;INF194K01169;;7.8494;7.8494;8.0260;14-Nov-2008

Baroda BNP Paribas Mutual Fund
100069;BARODA PIONEER DIVERSIFIED FUND;;;20.79;20.79;21.26;14-Nov-2008
103602;BARODA PIONEER GLOBAL FUND-Dividend;;;7.7300;7.7283;7.9022;14-Nov-2008

Benchmark Mutual Fund
103237;Benchmark Derivative Fund - Dividend Plan;;;1050.1806;1050.1806;1050.1806;14-Nov-2008
100676;Benchmark Derivative Fund - Growth Plan;;;1316.5040;1316.5040;1316.5040;14-Nov-2008
106837;Benchmark Equity & Derivatives Opportunities Fund - Dividend Plan;;;10.5270;10.4217;10.6323;14-Nov-2008
106836;Benchmark Equity & Derivatives Opportunities Fund - Growth;;;10.8314;10.7231;10.9397;14-Nov-2008

Canara Robeco Mutual Fund
102806;Canara Robeco Nifty Index - Regular Plan - Dividend;INF760K01126;INF760K01134;9.8800;9.8800;9.9800;14-Nov-2008
102805;Canara Robeco Nifty Index - Regular Plan - Growth;INF760K01118;;15.2000;15.2000;15.3500;14-Nov-2008

DBS Chola Mutual Fund
103540;DBS Chola Contra Fund-Cumulative Option;;; 5.62 ;5.62;5.75;14-Nov-2008
103539;DBS Chola Contra Fund-Dividend Option;;; 5.62 ;5.62;5.75;14-Nov-2008
103080;DBS Chola Global Advantage Fund.-Cumulative Option;;;7.37;7.37;7.54;14-Nov-2008
103079;DBS Chola Global Advantage Fund.-Dividend Option;;;5.12;5.12;5.24;14-Nov-2008
101132;DBS Chola Growth Fund-Cumulative;;;19.38;19.38;19.82;14-Nov-2008
101131;DBS Chola Growth Fund-Quarterly Dividend;;;9.15;9.15;9.36;14-Nov-2008
105577;DBS Chola Hedged Equity Fund - Cumulative;;;7.49;7.49;7.68;14-Nov-2008
105576;DBS Chola Hedged Equity Fund - Dividend;;;5.31;5.31;5.44;14-Nov-2008
102578;DBS Chola Mid Cap Fund-Cumulative;;;16.93;16.93;17.31;14-Nov-2008
102577;DBS Chola Mid Cap Fund-Dividend;;;9.77;9.77;9.99;14-Nov-2008
100716;DBS Chola Multi-Cap Fund-Cumulative Option;;;10.08;10.08;10.31;14-Nov-2008
100715;DBS Chola Multi-Cap Fund-Dividend Option;;;8.03;8.03;8.21;14-Nov-2008
100907;DBS Chola Opportunities Fund-Cumulative;;;19.39;19.39;19.83;14-Nov-2008
100906;DBS Chola Opportunities Fund-Regular Quarterly Dividend;;;8.40;8.40;8.59;14-Nov-2008

Deutsche Mutual Fund
101628;DWS Alpha Equity Fund - Dividend;INF223J01218;INF223J01226;10.45;10.45;10.69;14-Nov-2008
101629;DWS Alpha Equity Fund - Growth;INF223J01234;;42.27;42.27;43.22;14-Nov-2008
102195;DWS Equity Income Fund - Annual Dividend option;INF223J01EZ9;INF223J01FA9;11.0341;11.0341;11.0893;14-Nov-2008
102196;DWS Equity Income Fund - Growth Option;INF223J01FB7;;13.4171;13.4171;13.4842;14-Nov-2008
102193;DWS Equity Income Fund - Monthly Dividend option;INF223J01FC5;INF223J01FD3;9.9782;9.9782;10.0281;14-Nov-2008
102194;DWS Equity Income Fund - Quarterly  Dividend;INF223J01FE1;INF223J01FF8;10.1268;10.1268;10.1774;14-Nov-2008
102203;DWS Investment Opportunity Fund - Dividend Option;INF223J01275;INF223J01283;15.14;15.14;15.48;14-Nov-2008
102204;DWS Investment Opportunity Fund - Growth Option;INF223J01291;;19.81;19.81;20.26;14-Nov-2008

DSP Mutual Fund
105868;DSP BlackRock Equity Fund - Institutional Plan - Dividend;INF740K01GA8;INF740K01FZ7;7.5370;7.5370;7.5370;14-Nov-2008
105874;DSP India T.I.G.E.R. Fund - Institutional Plan - Growth;INF740K01GB6;;6.7350;6.7350;6.7350;14-Nov-2008
105873;DSP India T.I.G.E.R. Fund - Institutional Plan - IDCW;INF740K01GD2;INF740K01GC4;4.8100;4.8100;4.8100;14-Nov-2008
108209;DSP Natural Resources And New Energy Fund - Institutional Plan - Growth;INF740K01GX0;;6.3930;6.3930;6.3930;14-Nov-2008
107354;DSP BlackRock Technology.com   Fund - Regular Plan - Dividend;INF740K01193;INF740K01201;11.0430;10.9330;11.2910;14-Nov-2008
100090;DSP BlackRock Technology.com   Fund - Regular Plan - Growth;INF740K01219;;15.1230;14.9720;15.4630;14-Nov-2008
105871;DSP Top 100 Equity Fund - Institutional  Plan - Dividend;INF740K01GG5;INF740K01GF7;6.7560;6.7560;6.7560;14-Nov-2008
105872;DSP Top 100 Equity Fund - Institutional  Plan - Growth;INF740K01GE0;;6.7560;6.7560;6.7560;14-Nov-2008
105869;DSP Equity Opportunities Fund - Institutional Plan - Growth;INF740K01GH3;;4.6780;4.6780;4.6780;14-Nov-2008
105870;DSP Equity Opportunities Fund - Institutional Plan - IDCW;INF740K01GJ9;INF740K01GI1;4.6780;4.6780;4.6780;14-Nov-2008

Fidelity Mutual Fund
102962;Fidelity Equity Fund-Dividend Option;;;10.498;10.393;10.734;14-Nov-2008
102961;Fidelity Equity Fund-Growth Option;;;15.755;15.597;16.109;14-Nov-2008
106570;Fidelity India Growth Fund - Dividend Option;;;5.333;5.280;5.453;14-Nov-2008
106569;Fidelity India Growth Fund - Growth Option;;;5.333;5.280;5.453;14-Nov-2008
103768;Fidelity India Special Situations Fund-Dividend Option;;;8.912;8.823;9.113;14-Nov-2008
103767;Fidelity India Special Situations Fund-Growth Option;;;8.912;8.823;9.113;14-Nov-2008
105803;Fidelity International Opportunities Fund - Dividend Option;;;6.528;6.463;6.675;14-Nov-2008
105802;Fidelity International Opportunities Fund - Growth Option;;;6.528;6.463;6.675;14-Nov-2008

Fortis Mutual Fund
110826;Fortis  Equity Fund-Dividend Plan;;;7.84;7.84;8.02;14-Nov-2008
110825;Fortis  Equity Fund-Growth Plan;;;19.37;19.37;19.81;14-Nov-2008
110741;Fortis China-India Fund-Regular Plan-Dividend Option;;;4.9668;4.9668;5.0910;14-Nov-2008
110742;Fortis China-India Fund-Regular Plan-Growth Option;;;4.9674;4.9674;5.0916;14-Nov-2008
110749;Fortis Dividend Yield Fund-Dividend Option;;;7.422;7.422;7.589;14-Nov-2008
110748;Fortis Dividend Yield Fund-Growth Option;;;8.129;8.129;8.312;14-Nov-2008
110848;Fortis Future  Leaders Fund-Dividend Option;;;4.943;4.943;5.054;14-Nov-2008
110847;Fortis Future  Leaders Fund-Growth Option;;;4.944;4.944;5.055;14-Nov-2008
110778;Fortis Opportunities Fund-Dividend;;;6.606;6.606;6.755;14-Nov-2008
110777;Fortis Opportunities Fund-Growth;;;12.692;12.692;12.978;14-Nov-2008
110955;Fortis Sustainable Development Fund - Dividend Option;;;7.0946;6.8077;7.0946;14-Nov-2008
110956;Fortis Sustainable Development Fund - Growth Option;;;7.0952;6.8083;7.0952;14-Nov-2008

Franklin Templeton Mutual Fund
102270;Franklin FMCG Fund - Dividend;;;18.9123;18.8177;19.3378;14-Nov-2008
100523;Franklin FMCG Fund - Growth;;;30.1323;29.9816;30.8103;14-Nov-2008
105066;Franklin India Index Fund - BSE Plan - Dividend Plan;INF090I01908;INF090I01916;26.5209;26.5209;26.5209;14-Nov-2008
102320;Franklin India Index Fund - BSE Plan - Growth Plan;INF090I01924;;26.5209;26.5209;26.5209;14-Nov-2008
102271;Franklin Pharma Fund - Dividend;;;11.4087;11.3517;11.6654;14-Nov-2008
100902;Franklin Pharma Fund - Growth;;;21.5585;21.4507;22.0436;14-Nov-2008

HDFC Mutual Fund
103468;HDFC Focused Large-Cap Fund-Dividend;INF179K01K57;INF179K01K65;7.09;0;0;14-Nov-2008
103469;HDFC Focused Large-Cap Fund-Growth;INF179K01K73;;7.747;0;0;14-Nov-2008
101282;HDFC Index Fund-Sensex Plus( FV-Rs32.161);INF179K01LB7;;111.2838;110.171;111.2838;14-Nov-2008

HSBC Mutual Fund
105227;HSBC Dividend Yield Equity Fund - Dividend;INF336L01BC0;INF336L01BB2;5.7236;5.5444;0.0000;14-Nov-2008
105228;HSBC Dividend Yield Equity Fund - Growth;INF336L01BD8;;5.7236;5.5444;0.0000;14-Nov-2008

ICICI Prudential Mutual Fund
103028;ICICI Prudential Blended Plan A -  Dividend;INF109K01DZ0;INF109K01AO0;10.3772;10.3253;10.3772;14-Nov-2008
103027;ICICI Prudential Blended Plan A - Growth;INF109K01AP7;;13.1519;13.0861;13.1519;14-Nov-2008
105099;ICICI Prudential Equity Opportunities Fund - Institutional Growth Plan;;;6.16;0.00;0.00;14-Nov-2008
105098;ICICI Prudential Equity Opportunities Fund - Retail Dividend Plan;;;5.67;0.00;0.00;14-Nov-2008
105096;ICICI Prudential Equity Opportunities Fund - Retail Growth Plan;;;6.08;0.00;0.00;14-Nov-2008
103659;ICICI Prudential Fusion Fund - Institutional Option - I - Growth;;;7.00;0.00;0.00;14-Nov-2008
103661;ICICI Prudential Fusion Fund-Dividend Plan;;;6.40;0.00;0.00;14-Nov-2008
103660;ICICI Prudential Fusion Fund-Growth Plan;;;6.79;0.00;0.00;14-Nov-2008
107377;ICICI Prudential Fusion Fund Series-III - Institutional Dividend Plan;;;6.14;0.00;0.00;14-Nov-2008
107374;ICICI Prudential Fusion Fund Series-III - Institutional Growth Plan;;;6.14;0.00;0.00;14-Nov-2008
107375;ICICI Prudential Fusion Fund Series-III - Retail Dividend Plan;;;6.10;0.00;0.00;14-Nov-2008
107376;ICICI Prudential Fusion Fund Series-III - Retail Growth Plan;;;6.10;0.00;0.00;14-Nov-2008

ING Mutual Fund
104273;ING C.U.B (Competitive Upcoming Businesses) Fund-Bonus Option;INF084M01374;;7.4200;7.4200;7.4200;14-Nov-2008
104274;ING C.U.B (Competitive Upcoming Businesses) Fund-Dividend Option;INF084M01358;INF084M01366;7.4200;7.4200;7.4200;14-Nov-2008
104275;ING C.U.B (Competitive Upcoming Businesses) Fund-Growth Option;INF084M01341;;7.4200;7.4200;7.4200;14-Nov-2008
103649;ING Contra Fund -Growth Option;INF084M01382;;7.8700;7.8700;8.0500;14-Nov-2008
103651;ING Contra Fund-Bonus Option;INF084M01416;;7.8700;7.8700;8.0500;14-Nov-2008
103650;ING Contra Fund-Dividend Option;INF084M01390;INF084M01408;7.8700;7.8700;8.0500;14-Nov-2008
100188;ING Core Equity Fund-Dividend Option;INF084M01192;INF084M01200;9.9300;9.9300;10.1500;14-Nov-2008
100189;ING Core Equity Fund-Growth Option;INF084M01184;;18.8000;18.8000;19.2200;14-Nov-2008
103163;ING Dividend Yield Fund-Bonus Option;;;9.2300;9.2300;9.4400;14-Nov-2008
103162;ING Dividend Yield Fund-Dividend Option;INF084M01226;INF084M01234;8.3900;8.3900;8.5800;14-Nov-2008
103161;ING Dividend Yield Fund-Growth Option;INF084M01218;;9.2300;9.2300;9.4400;14-Nov-2008
102718;ING Domestic Opportunities Fund-Bonus Option;;;18.3200;18.3200;18.7300;14-Nov-2008
102717;ING Domestic Opportunities Fund-Dividend Option;INF084M01168;INF084M01176;6.9000;6.9000;7.0600;14-Nov-2008
102716;ING Domestic Opportunities Fund-Growth Option;INF084M01150;;18.3200;18.3200;18.7300;14-Nov-2008
102245;ING Large Cap Equity Fund-Bonus Option;;;14.2800;14.2800;14.6000;14-Nov-2008
102243;ING Large Cap Equity Fund-Dividend Option;INF084M01283;INF084M01291;9.5000;9.5000;9.7100;14-Nov-2008
102242;ING Large Cap Equity Fund-Growth Option;INF084M01275;;14.2800;14.2800;14.6000;14-Nov-2008
102933;ING Midcap Fund-Bonus Option;;;9.8600;9.8600;10.0800;14-Nov-2008
102932;ING Midcap Fund-Dividend Option;INF084M01259;INF084M01267;9.0200;9.0200;9.2200;14-Nov-2008
102931;ING Midcap Fund-Growth Option;INF084M01242;;9.8600;9.8600;10.0800;14-Nov-2008
105619;ING Multi Manager Equity Fund - Option A- Dividend(Payout and Reinvestment);INF084M01AX2;INF084M01AY0;6.10;6.04;6.24;14-Nov-2008
105620;ING Multi Manager Equity Fund - Option A- Growth;INF084M01AW4;;6.10;6.04;6.24;14-Nov-2008
106388;ING OptiMix Multi Manager Equity Fund-Option B-Dividend(Payout and Reinvestment);;;0;0;0;14-Nov-2008
106387;ING OptiMix Multi Manager Equity Fund-Option B-Growth;;;5.67;5.67;5.67;14-Nov-2008

Invesco Mutual Fund
106868;Religare Invesco AGILE Fund - Dividend Option;INF205K01114;INF205K01106;4.13;4.11;4.22;14-Nov-2008
106867;Religare Invesco AGILE Fund - Growth Option;INF205K01098;;4.12;4.10;4.21;14-Nov-2008

JM Financial Mutual Fund
106946;JM AGRI & INFRA FUND - Dividend option;;;2.6219;0.0000;0.0000;14-Nov-2008
106947;JM AGRI & INFRA FUND - Growth option;;;2.6219;0.0000;0.0000;14-Nov-2008
106148;JM Contra Fund - Dividend option;;;4.1641;4.1641;4.2578;14-Nov-2008
106147;JM Contra Fund - Growth option;;;4.1641;4.1641;4.2578;14-Nov-2008
103109;JM Emerging Leaders Fund-Dividend;;;4.4161;4.4161;4.5155;14-Nov-2008
103108;JM Emerging Leaders Fund-Growth;;;4.4062;4.4062;4.5053;14-Nov-2008
104412;JM Financial Services Sector Fund - Dividend Plan;;;7.8755;7.8755;8.0527;14-Nov-2008
104411;JM Financial Services Sector Fund - Growth Plan;;;7.8764;7.8764;8.0536;14-Nov-2008
103752;JM HIFI Fund-Dividend;;;5.3901;5.3901;5.5114;14-Nov-2008
103751;JM HIFI Fund-Growth;;;5.3894;5.3894;5.5107;14-Nov-2008
102480;JM Large Cap Fund-Dividend;;;10.2797;10.2797;10.5110;14-Nov-2008
102481;JM Large Cap Fund-Growth;;;12.9640;12.9640;13.2557;14-Nov-2008
102478;JM Mid Cap Fund-Dividend;;;8.4491;8.4491;8.6392;14-Nov-2008
102479;JM Mid Cap Fund-Growth;;;11.0382;11.0382;11.2866;14-Nov-2008
105039;JM Small & Mid-cap Fund - Regular Plan - Dividend option;;;4.1985;4.1985;4.2930;14-Nov-2008
105038;JM Small & Mid-cap Fund - Regular Plan - Growth option;;;4.1985;4.1985;4.2930;14-Nov-2008
104414;JM Telecom Sector Fund - Dividend Plan;;;6.2264;6.2264;6.3665;14-Nov-2008
104413;JM Telecom Sector Fund - Growth Plan;;;6.2268;6.2268;6.3669;14-Nov-2008

JPMorgan Mutual Fund
110159;JPMorgan India Alpha Fund-Dividend;;;10.1320;10.0310;10.3600;14-Nov-2008
110160;JPMorgan India Alpha Fund-Growth;;;10.1320;10.0310;10.3600;14-Nov-2008
105583;JPMorgan India Equity Fund - Regular Plan - Dividend Option;INF843K01054;INF843K01062;6.013;5.953;6.148;14-Nov-2008
105582;JPMorgan India Equity Fund - Regular Plan - Growth Option;INF843K01047;;6.474;6.409;6.620;14-Nov-2008
107302;JPMorgan India Mid and Small Cap Fund - Regular Plan - Dividend Option;INF843K01021;INF843K01039;3.612;3.576;3.693;14-Nov-2008
107301;JPMorgan India Mid and Small Cap Fund - Regular Plan - Growth Option;INF843K01013;;3.612;3.576;3.693;14-Nov-2008

Kotak Mahindra Mutual Fund
101733;Kotak 30-(Dividend);;;20.032;20.032;20.483;14-Nov-2008
101734;Kotak 30-(Growth);;;54.725;54.725;55.956;14-Nov-2008
102182;Kotak Global-India-Dividend;;;10.723;10.723;10.964;14-Nov-2008
102183;Kotak Global-India-Growth;;;15.133;15.133;15.473;14-Nov-2008
107393;Kotak Indo World Infrastructure Fund  - Dividend;;;4.054;4.054;4.054;14-Nov-2008
107394;Kotak Indo World Infrastructure Fund  - Growth;;;4.053;4.053;4.053;14-Nov-2008
103473;KOTAK LIFESTYLE FUND---Dividend;;;5.911;5.911;6.044;14-Nov-2008
103474;KOTAK LIFESTYLE FUND---Growth;;;6.825;6.825;6.979;14-Nov-2008
100290;Kotak MNC;;;18.158;18.158;18.567;14-Nov-2008
100289;Kotak Tech;;;4.385;4.385;4.484;14-Nov-2008

LIC Mutual Fund
104672;LIC NOMURA MF INDIA VISION FUND - DIVIDEND OPTION;INF767K01659;INF767K01667;5.7935;5.7935;0.0000;14-Nov-2008
104671;LIC NOMURA MF INDIA VISION FUND - GROWTH OPTION;INF767K01675;;5.7935;5.7935;0.0000;14-Nov-2008
102900;LIC NOMURA MF Opportunities Fund-Dividend;INF767K01212;INF767K01204;6.0483;6.0483;6.0483;14-Nov-2008
102901;LIC NOMURA MF Opportunities Fund-Growth;INF767K01220;;10.6265;10.6265;10.6265;14-Nov-2008
106692;LIC NOMURA MF SYSTEMATIC ASSET ALLOCATION FUND - DIVIDEND OPTION;INF767K01741;INF767K01758;8.5377;8.5377;0.0000;14-Nov-2008
106693;LIC NOMURA MF SYSTEMATIC ASSET ALLOCATION FUND - GROWTH OPTION;INF767K01766;;8.5377;8.5377;0.0000;14-Nov-2008
107337;LIC NOMURA MF TOP 100 FUND - DIVIDEND OPTION;INF767K01774;INF767K01782;4.9837;4.9837;0.0000;14-Nov-2008
107338;LIC NOMURA MF TOP 100 FUND - GROWTH OPTION;INF767K01790;;4.9837;4.9837;0.0000;14-Nov-2008

Mirae Asset Mutual Fund
109137;Mirae Asset Global Commodity Stocks - Dividend Option;INF769K01069;INF769K01051;5.9440;5.8850;6.0780;14-Nov-2008
109138;Mirae Asset Global Commodity Stocks - Growth Option;INF769K01044;;5.9440;5.8850;6.0780;14-Nov-2008

Morgan Stanley Mutual Fund
108196;Morgan Stanley A.C.E. Fund- Regular Dividend Plan;INF063A01068;INF063A01076;6.180;6.118;6.319;14-Nov-2008
108197;Morgan Stanley A.C.E. Fund- Regular Growth Plan;INF063A01050;;6.180;6.118;6.319;14-Nov-2008
100347;Morgan Stanley Growth Fund- Regular Growth Plan;INF063A01027;;30.88;0.00;0.00;14-Nov-2008

Nippon India Mutual Fund
106251;Reliance Focused Large Cap  Fund Institutional Plan Dividend Option;INF204K01612;INF204K01620;9.6030;9.6030;9.6030;14-Nov-2008
106249;Reliance Focused Large Cap  Fund Institutional Plan Growth Plan Growth Option;INF204K01646;;9.6030;9.6030;9.6030;14-Nov-2008
106250;Reliance Focused Large Cap Fund Institutional Plan Growth Plan Bonus Option;INF204K01638;;9.6030;9.6030;9.6030;14-Nov-2008
103749;Reliance Focused Large Cap Fund-Dividend Plan;INF204K01653;INF204K01661;9.6030;9.5070;9.8200;14-Nov-2008
103748;Reliance Focused Large Cap Fund-Growth Plan-Bonus Option;INF204K01679;;9.6030;9.5070;9.8200;14-Nov-2008
103747;Reliance Focused Large Cap Fund-Growth Plan-Growth Option;INF204K01687;;9.6030;9.5070;9.8200;14-Nov-2008
110255;Reliance Natural Resources Fund - Institutional Plan - Bonus Option;INF204K01778;;5.7274;5.7274;5.7274;14-Nov-2008
110257;Reliance Natural Resources Fund - Institutional Plan - Dividend Option;INF204K01786;INF204K01794;5.7274;5.7274;5.7274;14-Nov-2008
110256;Reliance Natural Resources Fund - Institutional Plan - Growth Option;INF204K01802;;5.7274;5.7274;5.7274;14-Nov-2008
107637;Reliance Natural Resources Fund-Dividend Plan-Dividend Option;INF204K01810;INF204K01828;5.7274;5.6701;5.8563;14-Nov-2008
107635;Reliance Natural Resources Fund-Growth Plan-Bonus Option;INF204K01836;;5.7274;5.6701;5.8563;14-Nov-2008
107636;Reliance Natural Resources Fund-Growth Plan-Growth Option;INF204K01844;;5.7274;5.6701;5.8563;14-Nov-2008

PineBridge Mutual Fund
105601;PineBridge India Equity Fund- Institutional Plan- Dividend Option;INF178L01046;INF178L01053;5.810;5.781;5.810;14-Nov-2008
105599;PineBridge India Equity Fund- Institutional Plan- Growth Option;INF178L01061;;5.810;5.781;5.810;14-Nov-2008
105600;PineBridge India Equity Fund- Standard Plan- Dividend Option;INF178L01012;INF178L01020;5.764;5.706;5.894;14-Nov-2008
105598;PineBridge India Equity Fund- Standard Plan- Growth Option;INF178L01038;;5.764;5.706;5.894;14-Nov-2008
107407;PineBridge Infrastructure & Economic Reform Fund - Institutional Plan-Dividend;INF178L01103;INF178L01111;4.672;4.649;4.672;14-Nov-2008
107406;PineBridge Infrastructure & Economic Reform Fund - Institutional Plan-Growth;INF178L01129;;4.672;4.649;4.672;14-Nov-2008
107408;PineBridge Infrastructure & Economic Reform Fund - Standard Plan-Dividend;INF178L01079;INF178L01087;4.651;4.604;4.756;14-Nov-2008
107405;PineBridge Infrastructure & Economic Reform Fund - Standard Plan-Growth;INF178L01095;;4.651;4.604;4.756;14-Nov-2008

Principal Mutual Fund
103058;Principal Junior Cap Fnd -Dividend Option;;;8.6400;8.6400;8.8300;14-Nov-2008
103059;Principal Junior Cap Fnd-Growth Option;;;8.6400;8.6400;8.8300;14-Nov-2008
105316;Principal Pnb Long Term Equity Fund - Dividend Option;;;5.4400;5.4400;5.4400;14-Nov-2008
105317;Principal Pnb Long Term Equity Fund - Growth Option;;;5.4400;5.4400;5.4400;14-Nov-2008
102427;Principal Resurgent India Equity Fund-Dividend;;;7.0100;6.9000;7.1700;14-Nov-2008
102426;Principal Resurgent India Equity Fund-Growth;;;49.3000;48.5600;50.4100;14-Nov-2008
100150;Principal Child Benefit Fund-Super Saver-Future Guard Plan;;;50.3300;48.8200;51.4600;14-Nov-2008
100151;Principal Retail Equity Savings Fund - Growth Option;INF173K01CP9;;51.0400;50.7800;52.1900;14-Nov-2008
103453;Principal Services Industries Fund-DIVIDEND;INF173K01999;INF173K01AA5;7.4800;7.4400;7.6500;14-Nov-2008
103454;Principal Services Industries Fund-GROWTH;INF173K01981;;7.4800;7.4400;7.6500;14-Nov-2008

Sahara Mutual Fund
109493;SAHARA BANKING & FINANCIAL SERVICES FUND- GROWTH OPTION;INF515L01494;;10.4499;10.4499;10.6850;14-Nov-2008
109494;SAHARA BANKING & FINANCIAL SERVICES FUND-DIVIDEND OPTION;INF515L01478;INF515L01486;10.4484;10.4484;10.6835;14-Nov-2008
101529;Sahara Growth Fund-Dividend;INF515L01155;INF515L01163;16.5374;16.5374;16.9095;14-Nov-2008
101528;Sahara Growth Fund-Growth;INF515L01171;;44.0898;44.0898;45.0818;14-Nov-2008
103730;Sahara Infrastructure Fund ---FIXED PRICING OPTION-Dividend Option;INF515L01320;INF515L01338;6.3761;6.3761;6.5196;14-Nov-2008
103731;Sahara Infrastructure Fund ---FIXED PRICING OPTION-Growth Option;INF515L01346;;8.7176;8.7176;8.9137;14-Nov-2008
103732;Sahara Infrastructure Fund ---VARIABLE PRICING OPTION-Dividend Option;INF515L01353;INF515L01361;6.5208;6.5208;6.6675;14-Nov-2008
103733;Sahara Infrastructure Fund ---VARIABLE PRICING OPTION-Growth Option;INF515L01379;;8.8763;8.8763;9.076;14-Nov-2008
100798;Sahara Midcap Fund-Auto Payout;INF515L01247;;12.9814;12.9814;13.2735;14-Nov-2008
100799;Sahara Midcap Fund-Bonus;INF515L01254;;12.9814;12.9814;13.2735;14-Nov-2008
100797;Sahara Midcap Fund-Dividend Plan;INF515L01213;INF515L01221;8.8142;8.8142;9.0125;14-Nov-2008
100796;Sahara Midcap Fund-Growth Plan;INF515L01239;;12.9814;12.9814;13.2735;14-Nov-2008
108320;Sahara Power & Natural Resources Fund - Dividend Option;INF515L01445;INF515L01452;6.2519;6.2519;6.3926;14-Nov-2008
108321;Sahara Power & Natural resources Fund- Growth Option;INF515L01460;;6.2515;6.2515;6.3922;14-Nov-2008
103119;Sahara Wealth Plus Fund-Fixed Pricing Option-Dividend Option;INF515L01262;INF515L01270;11.1614;11.1614;11.4125;14-Nov-2008
103120;Sahara Wealth Plus Fund-Fixed Pricing Option-Growth Option;INF515L01288;;11.1614;11.1614;11.4125;14-Nov-2008
103121;Sahara Wealth Plus Fund-Variable Pricing Option-Dividend Option;INF515L01296;INF515L01304;11.4011;11.4011;11.6576;14-Nov-2008
103122;Sahara Wealth Plus Fund-Variable Pricing Option-Growth Option;INF515L01312;;11.4011;11.4011;11.6576;14-Nov-2008

SBI Mutual Fund
102208;SBI MAGNUM NRI FLEXIASSET PLAN-DIVIDEND;INF200K01511;INF200K01529;15.8807;15.7219;16.2380;14-Nov-2008
102207;SBI MAGNUM NRI FLEXIASSET PLAN-GROWTH;INF200K01503;;15.7852;15.6273;16.1404;14-Nov-2008
104763;SBI ONE INDIA FUND - DIVIDEND (PREVIOUSLY CLOSE ENDED UPTO 14/01/2010);INF200K01CX4;INF200K01CY2;5.62;5.43;0;14-Nov-2008
104762;SBI ONE INDIA FUND - GROWTH (PREVIOUSLY CLOSE ENDED UPTO 14/01/2010);INF200K01CW6;;5.62;5.43;0;14-Nov-2008

Sundaram Mutual Fund
103210;Sundaram CAPEX Opportunities Fund-Dividend;INF903J01249;INF903J01256;9.5563;9.5563;9.7713;14-Nov-2008
103211;Sundaram CAPEX Opportunities Fund-Growth;INF903J01231;;12.5156;12.5156;12.7972;14-Nov-2008
107350;Sundaram Energy Opportunities Fund Dividend;INF903J01DX3;INF903J01DY1;4.8087;4.8087;0.0000;14-Nov-2008
107351;Sundaram Energy Opportunities Fund Growth;INF903J01DW5;;4.8088;4.8088;0.0000;14-Nov-2008
109132;Sundaram Entertainment Opportunities Fund - Inst  Dividend;INF903J01694;INF903J01702;0.0000;0.0000;0.0000;14-Nov-2008
109130;Sundaram Entertainment Opportunities Fund - Inst  Growth;INF903J01710;;9.4763;9.4763;9.4763;14-Nov-2008
109131;Sundaram Entertainment Opportunities Fund - Regular Dividend;INF903J01660;INF903J01678;9.4425;9.4425;9.6550;14-Nov-2008
109129;Sundaram Entertainment Opportunities Fund - Regular Growth;INF903J01686;;9.4428;9.4428;9.6553;14-Nov-2008
100612;Sundaram Growth Fund-Dividend;INF903J01330;INF903J01348;7.8806;7.8806;8.0579;14-Nov-2008
100613;Sundaram Growth Fund-Growth;INF903J01355;;49.6731;49.6731;50.7907;14-Nov-2008
102483;Sundaram India Leadership Fund-Dividend;INF903J01397;INF903J01405;7.7169;7.7169;7.8905;14-Nov-2008
102482;Sundaram India Leadership Fund-Growth;INF903J01413;;21.2202;21.2202;21.6977;14-Nov-2008

Tata Mutual Fund
103337;Tata Contra Fund Plan A -  Dividend;INF277K01DA8;INF277K01AM9;6.9974;6.9974;6.9974;14-Nov-2008
103336;Tata Contra Fund Plan A -  Growth;INF277K01AN7;;7.4539;7.4539;7.4539;14-Nov-2008
103760;Tata Equity Management Fund Plan A- Div;INF277K01DG5;INF277K01394;6.9650;6.9650;7.1217;14-Nov-2008
103761;Tata Equity Management Fund Plan A - Growth;INF277K01402;;7.5094;7.5094;7.6784;14-Nov-2008
107624;Tata Growing Economies Infrastructure Fund Scheme A Plan A - Dividend;INF277K01DQ4;INF277K01584;6.5799;6.5141;6.7279;14-Nov-2008
107623;Tata Growing Economies Infrastructure Fund Scheme A  Plan A - Growth;INF277K01592;;6.5801;6.5143;6.7279;14-Nov-2008
107626;Tata Growing Economies Infrastructure Fund Scheme B Plan A - Dividend;INF277K01DR2;INF277K01600;6.4821;6.4173;6.7279;14-Nov-2008
107625;Tata Growing Economies Infrastructure Fund Scheme B Plan A - Growth;INF277K01618;;6.4821;6.4173;6.7279;14-Nov-2008
101871;Tata Life Science & Technology Fund - Dividend Option;INF277K01DZ5;INF277K01816;15.8762;15.7174;16.2334;14-Nov-2008
101000;Tata Life Sciences & Technology Fund - Growth;INF277K01824;;27.4213;27.1471;28.0383;14-Nov-2008
103072;Tata Mid Cap Fund Plan A- Dividend;INF277K01EA6;INF277K01832;7.6221;7.6221;7.7936;14-Nov-2008
103071;Tata Mid Cap Fund Plan A- Growth;INF277K01840;;8.1596;8.1596;8.3432;14-Nov-2008
102930;Tata Service Industries Fund - Appreciation;INF277K01AL1;;11.2141;11.1020;11.4664;14-Nov-2008
102929;Tata Service Industries Fund - Dividend;INF277K01CZ7;INF277K01AK3;9.8846;9.7858;10.1070;14-Nov-2008

UTI Mutual Fund
100712;UTI - INDEX SELECT FUND-Growth Option;;;25.22;25.22;25.79;14-Nov-2008
100711;UTI - INDEX SELECT FUND-Income Option;;;11.06;11.06;11.31;14-Nov-2008
100749;UTI - Master Index Fund-Growth Option;INF789F01JK8;;29.153;29.153;29.153;14-Nov-2008
100748;UTI - Master Index Fund-Income Option;INF789F01JI2;INF789F01JJ0;29.1529;29.1529;29.1529;14-Nov-2008
100656;UTI - Master Plus Unit Scheme-Growth Option;INF789F01943;;44.48;44.48;45.48;14-Nov-2008
100657;UTI - Master Plus Unit Scheme-Income Option;INF189A01061;INF789F01935;34.1;34.1;34.87;14-Nov-2008
100751;UTI - Master Value Fund-Growth Option;INF789F01AD2;;20.56;20.56;21.02;14-Nov-2008
100750;UTI - Master Value Fund-Income Option;INF789F01AB6;INF789F01AC4;13.36;13.36;13.66;14-Nov-2008
103455;UTI Bluechip Flexicap Fund - Regular Plan - Dividend Option;INF789F01760;INF789F01778;8.45;8.45;8.64;14-Nov-2008
103457;UTI Bluechip Flexicap Fund - Regular Plan - Growth option;INF789F01786;;8.46;8.46;8.65;14-Nov-2008
103534;UTI Contra Fund-Growth-Growth Option;INF789F01430;;7.58;7.58;7.75;14-Nov-2008
103532;UTI Contra Fund-Income-Dividend Option;INF789F01414;INF789F01422;7.58;7.58;7.75;14-Nov-2008

Open Ended Schemes ( Balanced )


Aditya Birla Sun Life Mutual Fund
100035;Birla Sun Life Freedom Fund-Plan A (Dividend);;;16.23;16.07;16.60;14-Nov-2008
100036;Birla Sun Life Freedom Fund-Plan B (Growth);;;24.41;24.17;24.96;14-Nov-2008

HDFC Mutual Fund
100121;HDFC Balanced Fund - Dividend Option;INF179K01376;INF179K01384;12.837;12.837;13.126;14-Nov-2008
100122;HDFC Balanced Fund - Growth Option;INF179K01392;;25.499;25.499;26.073;14-Nov-2008
101978;HDFC Prudence Fund - Dividend Option;INF179K01AT2;INF179K01AU0;18.282;18.282;18.693;14-Nov-2008
101977;HDFC Prudence Fund - Growth Option;INF179K01AV8;;90.509;90.509;92.545;14-Nov-2008

ING Mutual Fund
100202;ING Balanced Fund-Dividend Option;INF084M01AC6;INF084M01AD4;10.1900;10.1900;10.4200;14-Nov-2008
100203;ING Balanced Fund-Growth Option;INF084M01AB8;;14.5800;14.5800;14.9100;14-Nov-2008

UTI Mutual Fund
101662;UTI - Variable Investment Scheme-Growth Option;;;11.4195;11.4195;11.5908;14-Nov-2008
101661;UTI - Variable Investment Scheme-Income Option;;;8.5941;8.5941;8.723;14-Nov-2008

Open Ended Schemes ( Liquid )


Aditya Birla Sun Life Mutual Fund
101294;Birla Sun Life Cash Plus Sweep Plan-Dividend Option;;;10.0863;10.0863;10.0863;14-Nov-2008

Bandhan Mutual Fund
108794;IDFC Liquid Fund - Daily Dividend;INF194K01GJ9;INF194K01GI1;1000.2100;1000.2100;1000.2100;14-Nov-2008
108793;IDFC Liquid Fund - Growth;INF194K01GE0;;1214.3840;1214.3840;1214.3840;14-Nov-2008
108796;IDFC Liquid Fund - Monthly Dividend;INF194K01GG5;INF194K01GF7;1002.5021;1002.5021;1002.5021;14-Nov-2008
108795;IDFC Liquid Fund-Weekly Dividend;INF194K01GM3;INF194K01GL5;1000.2000;1000.2000;1000.2000;14-Nov-2008

DBS Chola Mutual Fund
100989;DBS Chola Liquid Fund-Cum -Institutional Plus;;;17.3376;17.3376;17.3376;14-Nov-2008
104329;DBS Chola Liquid Fund-Cum -Super Institutional;;; 11.7900 ; 11.7900 ; 11.7900 ;14-Nov-2008
100978;DBS Chola Liquid Fund-Daily Dividend Reinvestment Plan;;;10.0521;10.0521;10.0521;14-Nov-2008
100975;DBS Chola Liquid Fund-Regular Cumulative;;;17.1679;17.1679;17.1679;14-Nov-2008
101307;DBS Chola Liquid Fund - Regular Weekly Dividend;;;11.9945;11.9945;11.9945;14-Nov-2008

Deutsche Mutual Fund
105672;DWS INSTA CASH PLUS FUND - Regular Plan BONUS OPTION;INF223J01BH3;;10.6531;10.6531;10.6531;14-Nov-2008
106471;DWS Insta Cash Plus Fund -Growth;INF223J01BP6;;11.0798;11.0798;11.0798;14-Nov-2008
106467;DWS Insta Cash Plus Fund-Daily Dividend;;INF223J01BO9;10.0200;10.0200;10.0200;14-Nov-2008
101718;DWS Insta Cash Plus Fund-DIVIDEND-Daily Dividend;;INF223J01BI1;10.3010;10.3010;10.3010;14-Nov-2008
101717;DWS Insta Cash Plus Fund-DIVIDEND-MONTHLY DIVIDEND;INF223J01BK7;INF223J01BL5;10.8782;10.8782;10.8782;14-Nov-2008
101716;DWS Insta Cash Plus Fund-DIVIDEND-WEEKLY DIVIDEND;INF223J01BM3;INF223J01BN1;10.3718;10.3718;10.3718;14-Nov-2008
101719;DWS Insta Cash Plus Fund-Growth-GROWTH;INF223J01BJ9;;14.3510;14.3510;14.3510;14-Nov-2008
101722;DWS Insta Cash Plus Fund-Institutional Plan-Daily Dividend;;INF223J01BA8;10.0195;10.0195;10.0195;14-Nov-2008
101721;DWS Insta Cash Plus Fund-Institutional Plan-Growth;INF223J01BB6;;13.4573;13.4573;13.4573;14-Nov-2008
101723;DWS Insta Cash Plus Fund-Institutional Plan-Weekly Dividend;INF223J01BF7;INF223J01BG5;10.0083;10.0083;10.0083;14-Nov-2008

DSP Mutual Fund
106861;DSP BlackRock Cash Manager Fund - Institutional Plan - Daily Dividend Reinvest;;;1000.1000;1000.1000;1000.1000;14-Nov-2008
106863;DSP BlackRock Cash Manager Fund - Institutional Plan - Growth;;;1096.7162;1096.7162;1096.7162;14-Nov-2008
106862;DSP BlackRock Cash Manager Fund - Institutional Plan - Weekly Dividend Reinvest;;;1000.4368;1000.4368;1000.4368;14-Nov-2008
106859;DSP BlackRock Cash Manager Fund - Regular Plan - Growth;;;1096.0524;1096.0524;1096.0524;14-Nov-2008
106860;DSP BlackRock Cash Manager Fund - Regular Plan - Weekly Dividend Reinvest;;;1000.4356;1000.4356;1000.4356;14-Nov-2008

Edelweiss Mutual Fund
109935;Edelweiss Liquid Fund - Daily Dividend Option;;INF754K01BG7;10.0000;10.0000;10.0000;14-Nov-2008
109946;Edelweiss Liquid Fund - Growth Option;INF754K01BC6;;10.2018;10.2018;10.2018;14-Nov-2008
109934;Edelweiss Liquid Fund - Retail Plan - Daily Dividend Option;;INF754K01AS4;10.0000;10.0000;10.0000;14-Nov-2008
109940;Edelweiss Liquid Fund - Retail Plan - Growth Option;INF754K01AO3;;10.2020;10.2020;10.2020;14-Nov-2008
109939;Edelweiss Liquid Fund - Retail Plan - Monthly Dividend Option;INF754K01AP0;INF754K01AR6;10.0365;10.0365;10.0365;14-Nov-2008
109937;Edelweiss Liquid Fund - Retail Plan - Weekly Dividend Option;;INF754K01AT2;10.0059;10.0059;10.0059;14-Nov-2008

Fidelity Mutual Fund
104498;Fidelity Cash Fund - Institutional Plan - Daily Dividend Option;;INF677K01AQ1;10.0025;10.0025;10.0025;14-Nov-2008
104497;Fidelity Cash Fund - Institutional Plan - Growth Option;;;11.6953;11.6953;11.6953;14-Nov-2008
104548;Fidelity Cash Fund - Institutional Plan - Monthly Dividend Option;INF677K01AS7;INF677K01AT5;10.0495;10.0495;10.0495;14-Nov-2008
104546;Fidelity Cash Fund - Institutional Plan - Weekly Dividend Option;;INF677K01AR9;10.0165;10.0165;10.0165;14-Nov-2008
104495;Fidelity Cash Fund - Retail Plan - Daily Dividend option;;INF677K01AL2;10.0024;10.0024;10.0024;14-Nov-2008
104493;Fidelity Cash Fund - Retail Plan - Growth option;;;11.6053;11.6053;11.6053;14-Nov-2008
104547;Fidelity Cash Fund - Retail Plan - Monthly Dividend Option;;;10.0470;10.0470;10.0470;14-Nov-2008
104549;Fidelity Cash Fund - Retail Plan - Weekly Dividend Option;;INF677K01AM0;10.0092;10.0092;10.0092;14-Nov-2008
104494;Fidelity Cash Fund - Super Institutional Plan - Daily Dividend Option;;INF677K01AV1;10.0027;10.0027;10.0027;14-Nov-2008
104496;Fidelity Cash Fund - Super Institutional Plan - Growth Option;INF677K01AU3;;11.7196;11.7196;11.7196;14-Nov-2008
104551;Fidelity Cash Fund - Super Institutional Plan - Monthly Dividend Option;INF677K01AX7;INF677K01AY5;10.0000;10.0000;10.0000;14-Nov-2008
104550;Fidelity Cash Fund - Super Institutional Plan - Weekly Dividend Option;;INF677K01AW9;10.0000;10.0000;10.0000;14-Nov-2008

Fortis Mutual Fund
110922;Fortis Overnight Fund-Institutional Plan-Daily Dividend Option;;;10.0030;10.0030;10.0030;14-Nov-2008
110915;Fortis Overnight Fund-Institutional Plan-Growth Option;;;12.9508;12.9508;12.9508;14-Nov-2008
110919;Fortis Overnight Fund-Institutional Plan-Monthly Dividend Payout Option;;;10.0507;10.0507;10.0507;14-Nov-2008
110923;Fortis Overnight Fund-Institutional Plan-Weekly Dividend Option;;;0.0000;0.0000;0.0000;14-Nov-2008
110914;Fortis Overnight Fund-Institutional Plus Plan-Daily Dividend Option;;;10.0030;10.0030;10.0030;14-Nov-2008
110920;Fortis Overnight Fund-Institutional Plus Plan-Growth Option;;;10.5603;10.5603;10.5603;14-Nov-2008
110916;Fortis Overnight Fund-Institutional Plus Plan-Monthly Dividend Option;;;0.0000;0.0000;0.0000;14-Nov-2008
110917;Fortis Overnight Fund-Institutional Plus Plan-Weekly Dividend Option;;;0.0000;0.0000;0.0000;14-Nov-2008
110921;Fortis Overnight Fund-Regular Plan-Growth Option;;;12.7532;12.7532;12.7532;14-Nov-2008
110913;Fortis Overnight Fund-Regular Plan-Monthly Dividend Payout Option;;;10.0495;10.0495;10.0495;14-Nov-2008
110918;Fortis Overnight Fund-Regular Plan-Weekly Dividend Option;;;10.0027;10.0027;10.0027;14-Nov-2008

ING Mutual Fund
106913;ING High Yield Liquidity Fund - Institutional Growth Option;;;10.0000;10.0000;10.0000;14-Nov-2008
106914;ING High Yield Liquidity Fund - Institutional Quarterly Dividend Option;;;10.0000;10.0000;10.0000;14-Nov-2008
106904;ING High Yield Liquidity Fund - Regular Daily Dividend Option;;;10.5011;10.5011;10.5011;14-Nov-2008
106912;ING High Yield Liquidity Fund- Institutional Bonus Option;;;10.0000;10.0000;10.0000;14-Nov-2008
106909;ING High Yield Liquidity Fund- Institutional Daily Dividend Option;;;10.0000;10.0000;10.0000;14-Nov-2008
106911;ING High Yield Liquidity Fund- Institutional Monthly Dividend Option;;;10.0000;10.0000;10.0000;14-Nov-2008
106910;ING High Yield Liquidity Fund- Institutional Weekly Dividend Option;;;10.0000;10.0000;10.0000;14-Nov-2008
106908;ING High Yield Liquidity Fund- Regular Bonus Option;;;10.0000;10.0000;10.0000;14-Nov-2008
106903;ING High Yield Liquidity Fund- Regular Growth Option;;;10.6519;10.6519;10.6519;14-Nov-2008
106907;ING High Yield Liquidity Fund- Regular Monthly Dividend Option;;;10.0000;10.0000;10.0000;14-Nov-2008
106906;ING High Yield Liquidity Fund- Regular Quarterly Dividend Option;;;10.0000;10.0000;10.0000;14-Nov-2008
106905;ING High Yield Liquidity Fund- Regular Weekly Dividend Option;;;10.5100;10.5100;10.5100;14-Nov-2008
100194;ING Liquid Fund-Auto Sweep Growth Option;;;10.0000;10.0000;10.0000;14-Nov-2008
100195;ING Liquid Fund-Auto Sweep Weekly Dividend Option;;;10.0000;10.0000;10.0000;14-Nov-2008
100198;ING Liquid Fund-Institutional Daily Dividend Option;INF084M01473;;10.0121;10.0121;10.0121;14-Nov-2008
100196;ING Liquid Fund-Institutional Growth Option;INF084M01465;;13.4511;13.4511;13.4511;14-Nov-2008
100197;ING Liquid Fund-Institutional Weekly Dividend Option;INF084M01499;INF084M01481;10.0639;10.0639;10.0639;14-Nov-2008
100192;ING Liquid Fund-Regular Daily Dividend Option;INF084M01432;;10.7873;10.7873;10.7873;14-Nov-2008
100190;ING Liquid Fund-Regular Growth Option;INF084M01424;;18.0160;18.0160;18.0160;14-Nov-2008
100191;ING Liquid Fund-Regular Weekly Dividend Option;INF084M01457;INF084M01440;10.8348;10.8348;10.8348;14-Nov-2008
100200;ING Liquid Fund-Super Institutional Daily Dividend Option;INF084M01515;;10.0048;10.0048;10.0048;14-Nov-2008
100199;ING Liquid Fund-Super Institutional Growth Option;INF084M01507;;12.7606;12.7606;12.7606;14-Nov-2008
100201;ING Liquid Fund-Super Institutional Weekly Dividend Option;INF084M01531;INF084M01523;10.0000;10.0000;10.0000;14-Nov-2008
102802;ING Treasury Management Fund-Annual Dividend Option;;;10.9259;10.9259;10.9259;14-Nov-2008
102803;ING Treasury Management Fund-Bonus Option;;;13.2314;13.2314;13.2314;14-Nov-2008
102804;ING Treasury Management Fund-Daily Dividend Option;;;10.3588;10.3588;10.3588;14-Nov-2008
102798;ING Treasury Management Fund-Growth Option;;;13.2314;13.2314;13.2314;14-Nov-2008
102801;ING Treasury Management Fund-Half Yearly Dividend Option;;;10.4448;10.4448;10.4448;14-Nov-2008
102800;ING Treasury Management Fund-Quarterly Dividend Option;;;10.4916;10.4916;10.4916;14-Nov-2008
102799;ING Treasury Management Fund-Weekly Dividend Option;;;10.7845;10.7845;10.7845;14-Nov-2008

Invesco Mutual Fund
106502;Religare Invesco Overnight Fund - Daily Dividend Reinvestment;;INF205K01HS2;10.0000;10.0000;10.0000;14-Nov-2008
106501;Religare Invesco Overnight Fund - Growth;INF205K01HR4;;10.8133;10.8133;10.8133;14-Nov-2008

JM Financial Mutual Fund
101420;JM Floater Short Term Fund - Daily Dividend Option;;INF192K01767;10.0883;10.0883;10.0883;14-Nov-2008
101421;JM Floater Short Term Fund - Growth Option;INF192K01775;;13.9218;13.9218;13.9218;14-Nov-2008

JPMorgan Mutual Fund
106562;JPMorgan India Liquid Fund - Retail Plan - Daily Dividend Option;;INF843K01203;10.0150;10.0150;10.0150;14-Nov-2008
106561;JPMorgan India Liquid Fund - Retail Plan - Growth Option;INF843K01195;;10.1810;10.1810;10.1810;14-Nov-2008
109179;JPMorgan India Liquid Fund - Retail Plan - Monthly Dividend Option;;INF843K01237;10.0676;10.0676;10.0676;14-Nov-2008
109177;JPMorgan India Liquid Fund - Retail Plan - Weekly Dividend Option;;INF843K01211;10.0226;10.0226;10.0226;14-Nov-2008
110149;JPMorgan India Liquid Fund - Super Institutional Plan - Daily Dividend Option;;INF843K01153;10.0079;10.0079;10.0079;14-Nov-2008
110150;JPMorgan India Liquid Fund - Super Institutional Plan - Growth Option;INF843K01146;;11.0386;11.0386;11.0386;14-Nov-2008
110151;JPMorgan India Liquid Fund - Super Institutional Plan - Monthly Dividend Option;INF843K01500;INF843K01187;10.0584;10.0584;10.0584;14-Nov-2008
110153;JPMorgan India Liquid Fund - Super Institutional Plan - Weekly Dividend Option;INF843K01484;INF843K01161;10.0127;10.0127;10.0127;14-Nov-2008

Mirae Asset Mutual Fund
107657;Mirae Asset Liquid Fund- Institutional Plan - Daily Dividend;;INF769K01671;919.6784;919.6784;919.6784;14-Nov-2008
107660;Mirae Asset Liquid Fund- Regular Plan - Bonus;INF769K01580;;952.1375;952.1375;952.1375;14-Nov-2008
107646;Mirae Asset Liquid Fund- Regular Plan - Daily Dividend;;INF769K01606;920.4350;920.4350;920.4350;14-Nov-2008
107648;Mirae Asset Liquid Fund- Regular Plan - Growth;INF769K01572;;966.8085;966.8085;966.8085;14-Nov-2008
107649;Mirae Asset Liquid Fund- Regular Plan - Monthly Dividend;INF769K01630;INF769K01622;923.8154;923.8154;923.8154;14-Nov-2008
107647;Mirae Asset Liquid Fund- Regular Plan - Weekly Dividend;;INF769K01614;921.7472;921.7472;921.7472;14-Nov-2008

PineBridge Mutual Fund
106513;PineBridge India Liquid Fund- Standard Plan-Daily Dividend Option;;INF178L01699;1001.0000;1001.0000;1001.0000;14-Nov-2008
106508;PineBridge India Liquid Fund- Standard Plan-Growth Option;INF178L01715;;1103.3127;1103.3127;1103.3127;14-Nov-2008
106509;PineBridge India Liquid Fund- Standard Plan-Weekly Dividend Option;;INF178L01764;1002.1050;1002.1050;1002.1050;14-Nov-2008
106506;PineBridge India Liquid Fund-Institutional Plan-Daily Dividend Option;;INF178L01616;1001.0000;1001.0000;1001.0000;14-Nov-2008
106511;PineBridge India Liquid Fund-Institutional Plan-Growth Option;INF178L01632;;1102.0423;1102.0423;1102.0423;14-Nov-2008
106507;PineBridge India Liquid Fund-Institutional Plan-Weekly Dividend Option;;INF178L01681;1002.0939;1002.0939;1002.0939;14-Nov-2008
106503;PineBridge India Liquid Fund-Retail Plan-DailyDividend Option;;INF178L01533;1001.0000;1001.0000;1001.0000;14-Nov-2008
106514;PineBridge India Liquid Fund-Retail Plan-Growth Option;INF178L01558;;1098.0488;1098.0488;1098.0488;14-Nov-2008
106504;PineBridge India Liquid Fund-Retail Plan-Monthly Dividend Option;INF178L01566;INF178L01574;1005.8023;1005.8023;1005.8023;14-Nov-2008
106510;PineBridge India Liquid Fund-Retail Plan-Weekly Dividend Option;;INF178L01608;1002.0610;1002.0610;1002.0610;14-Nov-2008

Sahara Mutual Fund
101397;Sahara Liquid Fund-Fixed Pricing -  Weekly Dividend Option;;INF515L01064;1026.2355;1026.2355;1026.2355;14-Nov-2008
101393;Sahara Liquid Fund-Fixed Pricing - Daily Dividend Option;;INF515L01049;1024.9045;1024.9045;1024.9045;14-Nov-2008
101394;Sahara Liquid Fund-Fixed Pricing - Growth option;INF515L01056;;1528.0684;1528.0684;1528.0684;14-Nov-2008
101398;Sahara Liquid Fund-Fixed Pricing - Monthly Dividend Option;;INF515L01072;1030.2747;1030.2747;1030.2747;14-Nov-2008
101399;Sahara Liquid Fund-Variable Pricing - Daily Dividend option;;INF515L01080;1024.9262;1024.9262;1024.9262;14-Nov-2008
101402;Sahara Liquid Fund-Variable Pricing - Growth option;INF515L01114;;1538.0529;1538.0529;1538.0529;14-Nov-2008
101400;Sahara Liquid Fund-Variable Pricing - Weekly Dividend Option;;INF515L01098;1026.4981;1026.4981;1026.4981;14-Nov-2008
101401;Sahara Liquid Fund-Variable Pricing- Monthly Dividend Option;;INF515L01106;1030.7117;1030.7117;1030.7117;14-Nov-2008

Tata Mutual Fund
101987;Tata Liquid Fund Reglar Plan - Monthly Dividend;INF277K01LR5;INF277K01LS3;1153.7345;1153.7345;1153.7345;14-Nov-2008
101861;Tata Liquid Fund-Regular Plan  - Weekly Dividend;INF277K016C5;;1151.4073;1151.4073;1151.4073;14-Nov-2008
101984;Tata Liquid High Investment Plan - Daily;;;1114.3379;1114.3379;1114.3379;14-Nov-2008
101860;Tata Liquid High Investment Plan - Growth;INF277K01LN4;;1427.8158;1427.8158;1427.8158;14-Nov-2008
101985;Tata Liquid High Investment Plan - Monthly;INF277K01LO2;INF277K01LP9;1023.5342;1023.5342;1023.5342;14-Nov-2008
101859;Tata Liquid High Investment Plan - Weekly;;;1147.3850;1147.3850;1147.3850;14-Nov-2008
101982;Tata Liquid Retail Investment PLan - Daily;;;1116.8143;1116.8143;1116.8143;14-Nov-2008
101983;Tata Liquid Retail Investment Plan - Fortnightly;;;1144.9739;1144.9739;1144.9739;14-Nov-2008
101858;Tata Liquid Retail Investment Plan - Growth;INF277K01LM6;;1977.5999;1977.5999;1977.5999;14-Nov-2008
103631;Tata Liquidity Management Fund - Regular Plan - Daily Dividend;;;1002.6089;1002.6089;1002.6089;14-Nov-2008
103632;Tata Liquidity Management Fund - Regular Plan - Growth;INF277K01LW5;;1207.8852;1207.8852;1207.8852;14-Nov-2008
103519;Tata Liquidity Management Fund - Regular Plan  -Weekly Dividend;;;1006.0421;1006.0421;1006.0421;14-Nov-2008

Open Ended Schemes ( Money Market )


Franklin Templeton Mutual Fund
100561;Templeton India Money Market Account - Bonus Plan;;;1.0000;1.0000;1.0000;14-Nov-2008
104554;Templeton India Money Market Account - Dividend Plan;;;1.0000;1.0000;1.0000;14-Nov-2008

Tata Mutual Fund
102152;Tata Money Market Fund Regular (Bonus / Dividend);;;10.1563;10.1563;10.1563;14-Nov-2008
102153;Tata Money Market Fund Regular (Growth);INF277K01LY1;;13.7561;13.7561;13.7561;14-Nov-2008

Open Ended Schemes ( Gilt )


Aditya Birla Sun Life Mutual Fund
103190;Aditya Birla Sun Life Government Securities Fund - Short Term Plan - Growth - Regular Plan;INF209K01BD9;;17.4067;17.4067;17.4067;14-Nov-2008
110515;Aditya Birla Sun Life Government Seurities Fund - Short Term Plan - Daily Dividend - Regular Plan;INF209K01BB3;;10.0031;10.0031;10.0031;14-Nov-2008
110666;Aditya Birla Sun Life Govt, Securities Short Term Fund-Institutional Daily Dividend Option;;;10.0039;10.0039;10.0039;14-Nov-2008
110668;Aditya Birla Sun Life Govt, Securities Short Term Fund-Institutional Plan A(Dividend);INF209K01KJ7;;10.0129;10.0129;10.0129;14-Nov-2008
110665;Aditya Birla Sun Life Govt, Securities Short Term Fund-Institutional Weekly Dividend Option;;;10.0000;10.0000;10.0000;14-Nov-2008
103189;Aditya Birla Sun Life Govt, Securities Short Term Fund-Retail Plan A(Dividend);;INF209K01DZ8;10.3013;10.3013;10.3013;14-Nov-2008
110516;Aditya Birla Sun Life Govt, Securities Short Term Fund-Retail Weekly Dividend Option;;;10.0114;10.0114;10.0114;14-Nov-2008

Bandhan Mutual Fund
108752;BANDHAN GSF - Investment Plan - Growth;INF194K01DP3;;16.2261;16.2261;16.2261;14-Nov-2008
108754;BANDHAN GSF - Investment Plan - Half Yearly Dividend;INF194K01DR9;INF194K01DQ1;11.1230;11.1230;11.1230;14-Nov-2008
108643;BANDHAN GSF - Investment Plan - Quarterly Dividend;INF194K01DX7;INF194K01DW9;11.1572;11.1572;11.1572;14-Nov-2008
108659;IDFC GSF-Provident Fund-Inst Plan B-Growth;INF194K01ET3;;13.4515;13.4515;13.4515;14-Nov-2008
108660;IDFC GSF-Provident Fund-Inst Plan B-Quarterly Dividend;INF194K01EY3;INF194K01EX5;10.9553;10.9553;10.9553;14-Nov-2008
108663;IDFC GSF-Provident Fund-Regular Plan-Annual Dividend;INF194K01EO4;INF194K01EN6;11.4365;11.4365;11.4365;14-Nov-2008
108661;IDFC GSF-Provident Fund-Regular Plan-Growth;INF194K01EM8;;13.4211;13.4211;13.4211;14-Nov-2008
108662;IDFC GSF-Provident Fund-Regular Plan-Quarterly Dividend;INF194K01ER7;INF194K01EQ9;10.9744;10.9744;10.9744;14-Nov-2008

DBS Chola Mutual Fund
100580;DBS Chola Gilt-Investment-Cumulative;;;22.3531;22.3531;22.3531;14-Nov-2008
100579;DBS Chola Gilt-Investment-Quarterly Dividend;;;12.2929;12.2929;12.2929;14-Nov-2008

Deutsche Mutual Fund
110703;DWS Gilt Fund - Dividend;INF223J01AO1;INF223J01AP8;10.0251;10.0251;0.0000;14-Nov-2008
110706;DWS Gilt Fund - Growth;INF223J01AQ6;;10.0251;10.0251;0.0000;14-Nov-2008
110705;DWS Gilt Fund - Institutional Plan - Dividend;INF223J01AL7;INF223J01AM5;10.0285;10.0285;0.0000;14-Nov-2008
110704;DWS Gilt Fund - Institutional Plan - Growth;INF223J01AN3;;10.0285;10.0285;0.0000;14-Nov-2008

Fidelity Mutual Fund
109557;Fidelity Flexi Gilt Fund - Dividend Option;INF677K01BA3;INF677K01BB1;10.8472;10.7930;10.8472;14-Nov-2008
109556;Fidelity Flexi Gilt Fund - Growth Option;INF677K01AZ2;;10.8472;10.7930;10.8472;14-Nov-2008

HDFC Mutual Fund
101081;HDFC Gilt Fund-Short Term-Dividend;INF179K01780;INF179K01798;10.7854;10.7854;10.7854;14-Nov-2008
101082;HDFC Gilt Fund-Short Term-Growth;INF179K01806;;15.1013;15.1013;15.1013;14-Nov-2008

HSBC Mutual Fund
102065;HSBC Gilt Fund  - Dividend;INF336L01735;INF336L01727;10.7625;10.7625;10.7625;14-Nov-2008
102066;HSBC Gilt Fund  - Growth;INF336L01719;;12.1068;12.1068;12.1068;14-Nov-2008
110457;HSBC Gilt Fund - Dividend - Weekly;;INF336L01743;10.0223;10.0223;10.0223;14-Nov-2008

ICICI Prudential Mutual Fund
102060;ICICI Prudential Gilt Fund Investment Plan PF Option - Growth;INF109K01JS2;;15.4871;15.3942;15.4871;14-Nov-2008
102248;ICICI Prudential Gilt Fund Treasury Plan PF Option - Growth;INF109K01KA8;;13.2966;13.1902;13.2966;14-Nov-2008

ING Mutual Fund
101406;ING Gilt Fund-Dividend Option;;;13.2419;13.2419;13.2419;14-Nov-2008
101405;ING Gilt Fund-Growth Option;;;13.2419;13.2419;13.2419;14-Nov-2008
102384;ING Gilt Fund Provident Fund - Dynamic Plan-Annual Dividend Option;INF084M01903;INF084M01911;10.5402;10.5402;10.5402;14-Nov-2008
108106;ING Gilt Fund Provident Fund - Dynamic Plan-Cyclical Series Option 2008;;;10.4009;10.4009;10.4009;14-Nov-2008
102382;ING Gilt Fund Provident Fund - Dynamic Plan-Growth Auto Income Payout Option;INF084M01861;;12.9188;12.9188;12.9188;14-Nov-2008
102381;ING Gilt Fund Provident Fund - Dynamic Plan-Growth Option;INF084M01853;;12.9188;12.9188;12.9188;14-Nov-2008
102383;ING Gilt Fund Provident Fund - Dynamic Plan-Half Yearly Dividend Option;INF084M01887;INF084M01895;10.0530;10.0530;10.0530;14-Nov-2008

Invesco Mutual Fund
107481;Religare Invesco GILT Fund - Short Duration Plan - Growth;INF205K01SZ4;;10.3419;10.3419;10.3419;14-Nov-2008
107480;Religare Invesco GILT Fund - Short Duration Plan - Monthly Dividend;INF205K01TA5;INF205K01TB3;10.0689;10.0689;10.0689;14-Nov-2008

JM Financial Mutual Fund
102180;JM G-Sec - PF Plus-Dividend Plan;;;10.2731;10.2731;10.2731;14-Nov-2008
102179;JM G-Sec - PF Plus-Growth Plan;;;10.2696;10.2696;10.2696;14-Nov-2008

Principal Mutual Fund
101121;Principal Gilt Fund-Savings-Dividend;;;10.6908;10.6908;10.6908;14-Nov-2008
101120;Principal Gilt Fund-Savings-Growth;;;15.1279;15.1279;15.1279;14-Nov-2008
101117;Principal Government Securities Fund-Dividend Option - Quarterly;INF173K01AN8;INF173K01AO6;11.6818;11.6818;11.6818;14-Nov-2008
101119;Principal Government Securities Fund-Dividend Option- Annually;INF173K01AQ1;INF173K01AR9;13.7956;13.7956;13.7956;14-Nov-2008
101118;Principal Government Securities Fund-Growth;INF173K01AM0;;18.6203;18.6203;18.6203;14-Nov-2008
101116;Principal Government Securities Fund-Investment-Dividend - Half Yearly;;;11.5348;11.5348;11.5348;14-Nov-2008

Sahara Mutual Fund
101171;Sahara Gilt Fund-Dividend;INF515L01122;INF515L01130;12.5749;12.5749;12.5749;14-Nov-2008
101170;Sahara Gilt Fund-Growth;INF515L01148;;15.0685;15.0685;15.0685;14-Nov-2008

Tata Mutual Fund
102079;Tata Gilt Retirement Plan (28-2-09) Dividend;;;11.7208;11.6622;11.7208;14-Nov-2008
102062;Tata Gilt Retirement Plan (28-2-09) Growth;;;11.7893;11.7304;11.7893;14-Nov-2008
102045;Tata Gilt Retirement Plan (28-2-10) Growth;;;11.7868;11.7279;11.7868;14-Nov-2008
102067;Tata Gilt Retirement Plan (28-2-11) Growth;;;11.7758;11.7169;11.7758;14-Nov-2008
102086;Tata Gilt Retirement Plan (28-2-13) Dividend;;;11.9252;11.8656;11.9252;14-Nov-2008
101956;Tata Gilt Retirement Plan (28-2-13) Growth;;;11.8515;11.7922;11.8515;14-Nov-2008
102126;Tata Gilt Retirement Plan (28-2-15) Growth;;;11.7056;11.6471;11.7056;14-Nov-2008
102116;Tata Gilt Retirement Plan (28-2-16) Growth;;;11.6815;11.6231;11.6815;14-Nov-2008
101828;Tata Gilt Securities Short Maturity Fund -Regular Fund-Quarterly DIvidend;INF277K01DP6;INF277K01568;10.8924;10.8924;10.8924;14-Nov-2008
101883;Tata Gilt Securities Short Maturity Fund -Regular Plan-Growth;INF277K01576;;13.7568;13.7568;13.7568;14-Nov-2008

Taurus Mutual Fund
101094;Taurus Gilt Fund-Dividend;INF044D01AL0;INF044D01AM8;13.3274;13.2941;13.3274;14-Nov-2008
101095;Taurus Gilt Fund-Growth;INF044D01AN6;;13.6006;13.5666;13.6006;14-Nov-2008

Open Ended Schemes ( ELSS )


DBS Chola Mutual Fund
103357;DBS Chola Tax Saver Fund-Cumulative Option;;;7.45;7.45;7.62;14-Nov-2008
103356;DBS Chola Tax Saver Fund-Dividend Option;;;6.92;6.92;7.08;14-Nov-2008

Deutsche Mutual Fund
103559;DWS TAX SAVING FUND-DIVIDEND;INF223J01333;INF223J01341;7.0227;7.0227;7.1807;14-Nov-2008
103558;DWS TAX SAVING FUND-GROWTH;INF223J01358;;7.5127;7.5127;7.6817;14-Nov-2008

Fidelity Mutual Fund
103421;Fidelity Tax Advantage Fund-Dividend Option;;;8.596;8.596;8.789;14-Nov-2008
103420;Fidelity Tax Advantage Fund-Growth Option;;;9.574;9.574;9.789;14-Nov-2008

Fortis Mutual Fund
110752;Fortis Tax  Advantage Plan (ELSS)-Dividend Option;;;5.966;5.966;6.100;14-Nov-2008
110751;Fortis Tax  Advantage Plan (ELSS)-Growth Option;;;7.490;7.490;7.659;14-Nov-2008

Franklin Templeton Mutual Fund
101037;Franklin India Index Tax Fund;;;21.9073;21.9073;21.9073;14-Nov-2008

ING Mutual Fund
102317;ING Tax Savings Fund-Bonus Option;INF084M01333;;13.5400;13.5400;13.8400;14-Nov-2008
102316;ING Tax Savings Fund-Dividend Option;INF084M01317;INF084M01325;6.6700;6.6700;6.8200;14-Nov-2008
102315;ING Tax Savings Fund-Growth Option;INF084M01309;;13.5200;13.5200;13.8200;14-Nov-2008

Sahara Mutual Fund
100337;SaharaTax Gain-Dividend;INF515L01189;INF515L01197;9.6256;9.6256;9.8422;14-Nov-2008
100338;SaharaTax Gain-Growth;INF515L01205;;16.9025;16.9025;17.2828;14-Nov-2008

Open Ended Schemes ( Floating Rate )


HDFC Mutual Fund
101671;HDFC Floating Rate Income Fund-Long Term Plan-GROWTH;INF179K01624;;14.2572;14.2572;14.2572;14-Nov-2008
101670;HDFC Floating Rate Income Fund-Long Term Plan-Weekly Dividend Option;;INF179K01616;10.1832;10.1832;10.1832;14-Nov-2008

HSBC Mutual Fund
106669;HSBC Floating Rate Fund - Long Term - Dividend - Fortnightly;;INF336L01677;10.0373;10.0273;10.0373;14-Nov-2008
102831;HSBC Floating Rate Fund - Long Term - Dividend - Monthly;INF336L01701;INF336L01693;10.1212;10.1111;10.1212;14-Nov-2008
102830;HSBC Floating Rate Fund - Long Term - Dividend - Weekly;INF336L01628;INF336L01610;11.2456;11.2344;11.2456;14-Nov-2008
102829;HSBC Floating Rate Fund - Long Term - Growth;INF336L01685;;13.3381;13.3248;13.3381;14-Nov-2008
110015;HSBC Floating Rate Fund - Long Term - Inst -Dividend -Daily;;;10.0156;10.0056;10.0156;14-Nov-2008
110016;HSBC Floating Rate Fund - Long Term - Regular - Dividend - Daily;;;10.0045;9.9545;10.0045;14-Nov-2008
102828;HSBC Floating Rate Fund - Long Term - Regular - Dividend - Monthly;INF336L01669;INF336L01651;10.0332;9.9830;10.0332;14-Nov-2008
102827;HSBC Floating Rate Fund - Long Term - Regular - Growth;INF336L01636;;13.2068;13.1408;13.2068;14-Nov-2008
102836;HSBC Floating Rate Fund - Short Term - Inst. - Dividend - Daily;;;10.0623;10.0623;10.0623;14-Nov-2008
102838;HSBC Floating Rate Fund - Short Term - Inst. - Dividend - Monthly;;;10.1630;10.1630;10.1630;14-Nov-2008
102837;HSBC Floating Rate Fund - Short Term - Inst. - Dividend - Weekly;;;10.3716;10.3716;10.3716;14-Nov-2008
102835;HSBC Floating Rate Fund - Short Term - Inst. - Growth;;;13.2094;13.2094;13.2094;14-Nov-2008
102840;HSBC Floating Rate Fund - Short Term - Inst. Plus - Dividend - Daily;;;0.0000;0.0000;0.0000;14-Nov-2008
102842;HSBC Floating Rate Fund - Short Term - Inst. Plus - Dividend - Monthly;;;0.0000;0.0000;0.0000;14-Nov-2008
102841;HSBC Floating Rate Fund - Short Term - Inst. Plus - Dividend - Weekly;;;10.0484;10.0484;10.0484;14-Nov-2008
102839;HSBC Floating Rate Fund - Short Term - Inst. Plus - Growth;;;11.2102;11.2102;11.2102;14-Nov-2008
102833;HSBC Floating Rate Fund - Short Term - Regular - Dividend - Daily;;;10.0000;10.0000;10.0000;14-Nov-2008
102834;HSBC Floating Rate Fund - Short Term - Regular - Dividend - Weekly;;;10.0314;10.0314;10.0314;14-Nov-2008
102832;HSBC Floating Rate Fund - Short Term - Regular - Growth;;;13.0917;13.0917;13.0917;14-Nov-2008

LIC Mutual Fund
102268;LIC NOMURA MF Floating Rate Fund - Short Term Plan-Growth;INF767K01477;;13.8655;13.8655;13.8655;14-Nov-2008
102269;LIC NOMURA MF Floating Rate Fund - Short Term Plan-Weekly Dividend;INF767K01451;INF767K01469;10.1571;10.1571;10.1571;14-Nov-2008

SBI Mutual Fund
102508;SBI Magnum Income Fund - F R P - Long Term - Inst. (D);;;0;0;0;14-Nov-2008
102507;OLD-SBI Magnum Income Fund - F R P - Long Term - Inst. (G);;;0;0;0;14-Nov-2008

Tata Mutual Fund
102155;Tata Floating Rate Fund - Long Term Plan- Regular Plan - Growth;INF277K01YF3;;12.9862;12.9213;12.9862;14-Nov-2008
102154;Tata Floating Rate Fund - Regular Plan- Dividend;INF277K01DM3;INF277K01493;10.2621;10.2108;10.2621;14-Nov-2008

Open Ended Schemes ( Fund of Funds - Domestic )


Aditya Birla Sun Life Mutual Fund
102184;Aditya Birla Sun Life Asset Allocation Fund-Aggressive Plan-Dividend Plan;INF209K01AR1;INF209K01DU9;17.6284;17.6284;17.8928;14-Nov-2008
102185;Aditya Birla Sun Life Asset Allocation Fund-Aggressive Plan-Growth Plan;INF209K01AS9;;17.6284;17.6284;17.8928;14-Nov-2008
102188;Aditya Birla Sun Life Asset Allocation Fund-Conservative Plan-Dividend Plan;INF209K01AV3;INF209K01DW5;15.4870;15.4870;15.5644;14-Nov-2008
102189;Aditya Birla Sun Life Asset Allocation Fund-Conservative Plan-Growth Plan;INF209K01AW1;;15.4870;15.4870;15.5644;14-Nov-2008
102186;Aditya Birla Sun Life Asset Allocation Fund-Moderate Plan-Dividend Plan;INF209K01AT7;INF209K01DV7;17.0125;17.0125;17.1826;14-Nov-2008
102187;Aditya Birla Sun Life Asset Allocation Fund-Moderate Plan-Growth Plan;INF209K01AU5;;17.0125;17.0125;17.1826;14-Nov-2008

Fidelity Mutual Fund
103419;Fidelity MultiManager Cash Fund-Dividend Re-investment Option;;;10.0086;10.0086;10.0086;14-Nov-2008
103418;Fidelity MultiManager Cash Fund-Growth Option;;;12.3075;12.3075;12.3075;14-Nov-2008

ING Mutual Fund
104757;ING 5 Star Multi-Manager FoF Scheme - Dividend;INF084M01AR4;INF084M01AS2;6.4495;6.3850;6.5946;14-Nov-2008
104756;ING 5 Star Multi-Manager FoF Scheme - Growth;INF084M01AQ6;;7.4571;7.3825;7.6249;14-Nov-2008
104649;ING Active Debt Multi-Manager FoF Scheme- Dividend;INF084M01AI3;INF084M01AJ1;10.0823;10.0823;10.0823;14-Nov-2008
104650;ING Active Debt Multi-Manager FoF Scheme- Growth;INF084M01AH5;;11.5270;11.5270;11.5270;14-Nov-2008
104174;ING Asset Allocator Multi-Manager FoF Scheme - Dividend;INF084M01AF9;INF084M01AG7;11.4575;11.3429;11.7153;14-Nov-2008
104175;ING Asset Allocator Multi-Manager FoF Scheme - Growth;INF084M01AE2;;12.4375;12.3131;12.7173;14-Nov-2008
104561;ING Income Growth Multi-Manager FoF Scheme -15% Equity Plan Option B -Growth;;;0;0;0;14-Nov-2008
103740;ING Income Growth Multi-Manager FoF Scheme Option A -15% Equity Plan-Growth;INF084M01AK9;;10.6839;10.6839;10.7907;14-Nov-2008
103739;ING Income Growth Multi-Manager FoF Scheme-15% Equity Plan Option A-Dividend;INF084M01AL7;INF084M01AM5;10.3319;10.3319;10.4352;14-Nov-2008
104563;ING Income Growth Multi-Manager FoF Scheme-15% Equity Plan Option B-Dividend;;;0;0;0;14-Nov-2008
103741;ING Income Growth Multi-Manager FoF Scheme-30% Equity Plan Option A -Dividend;INF084M01AO1;INF084M01AP8;9.8206;9.8206;9.9188;14-Nov-2008
103742;ING Income Growth Multi-Manager FoF Scheme-30% Equity Plan Option A -Growth;INF084M01AN3;;10.1584;10.1584;10.2600;14-Nov-2008
104562;ING Income Growth Multi-Manager FoF Scheme-30% Equity Plan Option B -Dividend;;;0;0;0;14-Nov-2008
104560;ING Income Growth Multi-Manager FoF Scheme-30% Equity Plan Option B -Growth;;;0;0;0;14-Nov-2008
107784;ING OptiMix Active Short Term Fund- Retail Plan - Dividend Option;;;10.2627;10.2319;10.2627;14-Nov-2008
107785;ING OptiMix Active Short Term Fund- Retail Plan - Growth Option;;;10.6763;10.6443;10.6763;14-Nov-2008
108222;ING OptiMix Active Short Term Fund-Inst. Plan-Growth Option;;;10.5697;10.5591;10.5697;14-Nov-2008
108221;ING OptiMix Active Short Term Fund-Inst.Plan-Dividend Option;;;10.1353;10.1252;10.1353;14-Nov-2008

Open Ended Schemes ( GOLD ETFs )


Benchmark Mutual Fund
105085;Gold Benchmark Exchange Traded Scheme (Gold BeES);;;1161.4432 ;1161.4432 ;1161.4432 ;14-Nov-2008

Nippon India Mutual Fund
107015;R * Shares Gold ETF -Dividend Payout Option;INF733I01010;;1135.9261;1135.9261;1135.9261;14-Nov-2008

Open Ended Schemes ( Other ETFs )


Benchmark Mutual Fund
101296;Banking Index Benchmark Exchange Traded Scheme (Bank BeES);;;479.3863 ;479.3863 ;479.3863 ;14-Nov-2008
101884;Liquid Benchmark Exchange Traded Scheme (Liquid BeES);;;1000.0000 ;1000.0000 ;1000.0000 ;14-Nov-2008
101325;Nifty Benchmark Exchange Traded Scheme- Nifty BeES;;;283.3739 ;283.3739 ;283.3739 ;14-Nov-2008
101621;Nifty Junior Benchmark Exchange Traded Scheme (Junior BeES);;;44.8758 ;44.8758 ;44.8758 ;14-Nov-2008
106858;PSU Bank Benchmark Exchange Traded Scheme (PSU Bank BeES);;;183.6041 ;183.6041 ;183.6041 ;14-Nov-2008

Nippon India Mutual Fund
108410;R * Shares Banking ETF -Dividend Payout Option;INF733I01028;;475.5804;475.5804;475.5804;14-Nov-2008

UTI Mutual Fund
101898;UTI Sunder;INF789F01042;;294.9576;294.9576;294.9576;14-Nov-2008

Open Ended Schemes ( Fund of Funds - Overseas )


Deutsche Mutual Fund
106668;DWS Top Euroland Offshore Fund - Dividend;INF223J01AW4;INF223J01AX2;6.02;5.96;6.17;14-Nov-2008
106667;DWS Top Euroland Offshore Fund - Growth;INF223J01AY0;;6.02;5.96;6.17;14-Nov-2008

Franklin Templeton Mutual Fund
101620;Franklin India International Fund;;;11.7510;11.7510;11.7510;14-Nov-2008

ING Mutual Fund
110106;ING Global Commodities Fund- Dividend Option;INF084M01AU8;INF084M01AV6;7.7893;7.7114;7.9840;14-Nov-2008
110105;ING Global Commodities Fund-Growth Option;INF084M01AT0;;7.7893;7.7114;7.9840;14-Nov-2008
108000;ING Global Real Estate Fund - Institutional Plan Bonus Option;;; 10.00 ; 10.00 ; 10.00 ;14-Nov-2008
107998;ING Global Real Estate Fund - Institutional Plan Dividend Option;INF084M01BD2;INF084M01BE0; 6.13 ; 6.13 ; 6.13 ;14-Nov-2008
107999;ING Global Real Estate Fund - Institutional Plan Growth Option;INF084M01BC4;; 6.00 ; 6.00 ; 6.00 ;14-Nov-2008
107339;ING Global Real Estate Fund - Retail Plan - Dividend Option;INF084M01BA8;INF084M01BB6; 6.87 ; 6.87 ; 7.04 ;14-Nov-2008
107341;ING Global Real Estate Fund - Retail Plan Growth Option;INF084M01AZ7;; 6.87 ; 6.87 ; 7.04 ;14-Nov-2008
107340;ING Global Real Estate Fund - Retail Plan- Bonus Option;;; 6.87 ; 6.87 ; 7.04 ;14-Nov-2008
109697;ING Latin America Equity Fund - Bonus Option;;; 5.68 ; 5.68 ; 5.82 ;14-Nov-2008
109695;ING Latin America Equity Fund - Dividend Option;INF084M01BG5;INF084M01BH3; 5.68 ; 5.68 ; 5.82 ;14-Nov-2008
109696;ING Latin America Equity Fund - Growth Option;INF084M01BF7;; 5.68 ; 5.68 ; 5.82 ;14-Nov-2008

PineBridge Mutual Fund
108168;PineBridge World Gold Fund - Standard Plan - Dividend Option;INF178L01137;INF178L01145;5.511;5.456;5.635;14-Nov-2008
108169;PineBridge World Gold Fund - Standard Plan - Growth Option;INF178L01152;;5.511;5.456;5.635;14-Nov-2008

Open Ended Schemes ( Equity Scheme - Multi Cap Fund )


Baroda BNP Paribas Mutual Fund
102020;Baroda BNP Paribas MULTI CAP FUND - Regular Plan - Growth Option;INF955L01674;;24.69;24.69;25.62;14-Nov-2008
102021;Baroda BNP Paribas MULTI CAP FUND - Regular Plan - IDCW Option;INF955L01658;INF955L01666;15.56;15.56;16.15;14-Nov-2008

ICICI Prudential Mutual Fund
101228;ICICI Prudential Multicap Fund - Growth;INF109K01613;;52.61;52.61;53.79;14-Nov-2008
101706;ICICI Prudential Multicap Fund - IDCW;INF109K01FK7;INF109K01621;9.43;9.43;9.64;14-Nov-2008
102957;ICICI Prudential Multicap Fund - Institutional Option - I;INF109K01639;;14.30;14.30;14.62;14-Nov-2008

Invesco Mutual Fund
107353;Invesco India Multicap Fund - Growth Option;INF205K01DN2;;5.64;0.00;0.00;14-Nov-2008
107352;Invesco India Multicap Fund - IDCW (Payout / Reinvestment);INF205K01DO0;INF205K01DP7;5.64;0.00;0.00;14-Nov-2008

Nippon India Mutual Fund
101163;NIPPON INDIA MULTI CAP FUND - IDCW Option;INF204K01455;INF204K01463;10.8076;10.6995;11.0508;14-Nov-2008
106252;Nippon India Multi Cap Fund Institutional Dividend Plan;INF204K01414;INF204K01422;13.5291;13.5291;13.5291;14-Nov-2008
106253;Nippon India Multi Cap Fund Institutional Plan Growth Plan Growth Option;INF204K01448;;13.5291;13.5291;13.5291;14-Nov-2008
101162;Nippon India Multi Cap Fund-Growth Plan-Bonus Option;INF204K01471;;13.5291;13.3938;13.8335;14-Nov-2008
101161;Nippon India Multi Cap Fund-Growth Plan-Growth Option;INF204K01489;;13.5291;13.3938;13.8335;14-Nov-2008
106254;Reliance Equity Opportunities  Fund Institutional Plan Growth Plan Bonus Option;INF204K01430;;13.5291;13.5291;13.5291;14-Nov-2008

Principal Mutual Fund
100966;Principal Multi Cap Growth Fund- Half Yearly Income Distribution CUM Capital Withdrawal Option;INF173K01957;INF173K01965;12.7900;12.7300;13.0800;14-Nov-2008
100967;Principal Multi Cap Growth Fund-Growth Option;INF173K01940;;28.2200;28.0800;28.8500;14-Nov-2008

quant Mutual Fund
100631;quant Multi Cap Fund-GROWTH OPTION - Regular Plan;INF966L01234;;38.0967;38.0967;38.9539;14-Nov-2008
100630;quant Multi Cap Fund-IDCW Option - Regular Plan;INF966L01218;INF966L01226;7.3095;7.3095;7.4740;14-Nov-2008

Open Ended Schemes ( Equity Scheme - Large Cap Fund )


Aditya Birla Sun Life Mutual Fund
103174;Aditya Birla Sun Life Large Cap Fund-Growth;INF209K01BR9;;39.73;38.94;40.62;14-Nov-2008
103173;Aditya Birla Sun Life Large Cap Fund-Regular - IDCW;INF209K01BO6;INF209K01EC5;12.62;12.37;12.90;14-Nov-2008

DSP Mutual Fund
101635;DSP Large Cap Fund - Regular Plan - Growth;INF740K01243;;49.8050;49.3070;50.9260;14-Nov-2008
101636;DSP Large Cap Fund - Regular Plan - IDCW;INF740K01227;INF740K01235;12.4800;12.3550;12.7610;14-Nov-2008

Franklin Templeton Mutual Fund
100470;Franklin India Large Cap Fund - IDCW;INF090I01155;INF090I01163;24.6622;24.5389;25.2171;14-Nov-2008
100471;Franklin India Large Cap Fund-Growth;INF090I01171;;97.8951;97.4056;100.0977;14-Nov-2008

HDFC Mutual Fund
102000;HDFC Large Cap Fund - Growth Option - Regular Plan;INF179K01BE2;;89.254;89.254;91.262;14-Nov-2008
102001;HDFC Large Cap Fund - IDCW Option - Regular Plan;INF179K01BC6;INF179K01BD4;26.438;26.438;27.033;14-Nov-2008

HSBC Mutual Fund
101594;HSBC Large Cap Fund - Regular Growth;INF336L01016;;57.2778;56.7050;58.5666;14-Nov-2008
101593;HSBC Large Cap Fund - Regular IDCW;INF336L01024;INF336L01032;17.9051;17.7260;18.3080;14-Nov-2008

ICICI Prudential Mutual Fund
108467;ICICI Prudential Bluechip Fund - Institutional Option - I - Growth;INF109K01BN0;;6.87;6.87;6.87;14-Nov-2008
108466;ICICI Prudential Large Cap Fund (erstwhile Bluechip Fund)  - Growth;INF109K01BL4;;6.84;6.77;6.99;14-Nov-2008
108465;ICICI Prudential Large Cap Fund (erstwhile Bluechip Fund)  - IDCW;INF109K01EP9;INF109K01BM2;6.84;6.77;6.99;14-Nov-2008

JM Financial Mutual Fund
100219;JM Large Cap Fund (Regular) - Growth Option;INF192K01601;;21.7471;21.7471;22.2364;14-Nov-2008
100218;JM Large Cap Fund (Regular) - IDCW ;INF192K01585;INF192K01593;9.7713;9.7713;9.9912;14-Nov-2008

LIC Mutual Fund
106871;LIC MF Large Cap Fund-Regular Plan-Growth;INF767K01105;;6.4297;6.4297;6.4297;14-Nov-2008
100332;LIC MF Large Cap Fund-Regular Plan-IDCW;INF767K01097;INF767K01089;5.7025;5.7025;5.7025;14-Nov-2008

Mirae Asset Mutual Fund
107578;Mirae Asset Large Cap Fund - Growth Plan;INF769K01010;;6.1400;6.0800;6.2800;14-Nov-2008
107589;Mirae Asset Large Cap Fund -Institutional Option - Dividend Plan;INF769K01AM5;INF769K01AN3;6.1600;6.1600;6.1600;14-Nov-2008
107579;Mirae Asset Large Cap Fund Regular IDCW;INF769K01036;INF769K01028;6.1400;6.0800;6.2800;14-Nov-2008

Nippon India Mutual Fund
106235;Nippon India Large Cap  Fund- Growth Plan -Growth Option;INF204K01562;;6.4274;6.3631;6.5720;14-Nov-2008
106236;NIPPON INDIA LARGE CAP FUND - IDCW Option;INF204K01539;INF204K01547;6.4274;6.3631;6.5720;14-Nov-2008
106240;Nippon India Large Cap Fund- Growth Plan Bonus Option;INF204K01554;;6.4274;6.3631;6.5720;14-Nov-2008
106238;Nippon India Large Cap Fund-Institutional Plan Growth Plan Bonus Option;INF204K01513;;6.5106;6.5106;6.5106;14-Nov-2008
106237;Reliance Top 200  Fund-Institutional Plan Growth Plan Growth Option;INF204K01521;;6.5106;6.5106;6.5106;14-Nov-2008
106239;Reliance Top 200 Fund-Institutional Plan Dividend Option;INF204K01497;INF204K01505;6.5106;6.5106;6.5106;14-Nov-2008

SBI Mutual Fund
103616;SBI Large Cap Fund - Regular Plan - Income Distribution cum Capital Withdrawal Option (IDCW);INF200K01164;INF200K01172;6.45;6.39;6.60;14-Nov-2008
103504;SBI Large Cap FUND-REGULAR PLAN GROWTH;INF200K01180;;7.40;7.33;7.57;14-Nov-2008

Tata Mutual Fund
100475;Tata Large Cap Fund -Regular Plan - Growth Option;INF277K01931;;47.3307;46.8574;48.3956;14-Nov-2008
102036;Tata Large Cap Fund- Regular Plan - Payout of IDCW Option;INF277K01EG3;INF277K01923;20.4632;20.2586;20.9236;14-Nov-2008

Taurus Mutual Fund
101209;Taurus Large Cap Fund - Regular Plan - Growth;INF044D01773;;21.91;21.69;22.40;14-Nov-2008
108403;Taurus Large Cap Fund - Regular Plan - Payout of Income Distribution cum Capital Withdrawal option;INF044D01740;INF044D01757;21.91;21.69;22.40;14-Nov-2008

UTI Mutual Fund
100651;UTI Large Cap Fund - Regular Plan - Growth Option;INF789F01976;;27.57;27.57;28.19;14-Nov-2008
100650;UTI Large Cap Fund - Regular Plan - IDCW;INF189A01038;INF789F01950;18.01;18.01;18.42;14-Nov-2008

Open Ended Schemes ( Equity Scheme - Large & Mid Cap Fund )


Aditya Birla Sun Life Mutual Fund
100033;Aditya Birla Sun Life Large & Mid Cap Fund - Regular Growth;INF209K01165;;78.22;76.66;79.98;14-Nov-2008
100034;Aditya Birla Sun Life Large & Mid Cap Fund -Regular - IDCW;INF209K01157;INF209K01CE5;53.35;52.28;54.55;14-Nov-2008

Bandhan Mutual Fund
108596;Bandhan Large & Mid Cap Fund - Regular Plan - Growth;INF194K01524;;11.5846;11.5846;11.8453;14-Nov-2008
108597;Bandhan Large & Mid Cap Fund - Regular Plan - IDCW;INF194K01532;INF194K01540;8.3850;8.3850;8.5736;14-Nov-2008

Bank of India Mutual Fund
110598;BANK OF INDIA Large & Mid Cap  Equity Fund Regular Plan- Quarterly IDCW;INF761K01116;INF761K01124;10.06;9.96;10.31;14-Nov-2008
110599;BANK OF INDIA Large & Mid Cap Equity Fund Eco Plan- Growth;INF761K01041;;10.06;9.96;10.31;14-Nov-2008
110601;BANK OF INDIA Large & Mid Cap Equity Fund Eco Plan-Bonus;INF761K01017;;10.06;9.96;10.31;14-Nov-2008
110604;BANK OF INDIA Large & Mid Cap Equity Fund Eco Plan-Quarterly IDCW;INF761K01058;INF761K01066;10.06;9.96;10.31;14-Nov-2008
110608;BANK OF INDIA Large & Mid Cap Equity Fund Eco Plan-Regular IDCW;INF761K01025;INF761K01033;10.06;9.96;10.31;14-Nov-2008
110603;BANK OF INDIA Large & Mid Cap Equity Fund Regular Plan- Growth;INF761K01108;;10.06;9.96;10.31;14-Nov-2008
110607;BANK OF INDIA Large & Mid Cap Equity Fund Regular Plan- Regular IDCW;INF761K01082;INF761K01090;10.06;9.96;10.31;14-Nov-2008
110606;BANK OF INDIA Large & Mid Cap Equity Fund Regular Plan-Bonus;INF761K01074;;10.06;9.96;10.31;14-Nov-2008

Canara Robeco Mutual Fund
102920;CANARA ROBECO LARGE AND MID CAP FUND - REGULAR PLAN - GROWTH OPTION;INF760K01167;;8.5900;8.5900;8.7800;14-Nov-2008
102921;CANARA ROBECO LARGE AND MID CAP FUND - REGULAR PLAN - IDCW (Payout/Reinvestment);INF760K01175;INF760K01183;5.9200;5.9200;6.0500;14-Nov-2008
102922;Canara Robeco Large and Mid Cap Fund -BONUS OPTION;INF760K01159;;7.1900;7.1900;7.3500;14-Nov-2008

DSP Mutual Fund
103819;DSP Large & Mid Cap Fund - Regular Plan - Growth;INF740K01094;;38.7630;38.3750;39.6350;14-Nov-2008
103820;DSP Large & Mid Cap Fund - Regular Plan - IDCW;INF740K01078;INF740K01086;15.1100;14.9590;15.4500;14-Nov-2008

Franklin Templeton Mutual Fund
102883;Franklin India Large & Mid Cap Fund - Growth Plan;INF090I01205;;14.4455;14.3733;14.7705;14-Nov-2008
102884;Franklin India Large & Mid Cap Fund - IDCW;INF090I01189;INF090I01197;9.1905;9.1445;9.3973;14-Nov-2008

ICICI Prudential Mutual Fund
100349;ICICI Prudential Large & Mid Cap Fund - Growth;INF109K01431;;67.36;67.36;68.88;14-Nov-2008
100348;ICICI Prudential Large & Mid Cap Fund - IDCW;INF109K01EQ7;INF109K01449;12.66;12.66;12.94;14-Nov-2008
100350;ICICI Prudential Large & Mid Cap Fund - Institutional Option - I - Growth;INF109K01456;;9.23;9.23;9.44;14-Nov-2008

Invesco Mutual Fund
106144;Invesco India Large & Mid Cap Fund - Growth;INF205K01247;;6.53;6.53;6.68;14-Nov-2008
106143;Invesco India Large & Mid Cap Fund - IDCW (Payout / Reinvestment);INF205K01262;INF205K01254;6.53;6.53;6.68;14-Nov-2008

Kotak Mahindra Mutual Fund
103234;Kotak Large & Midcap Fund - Growth-Regular;INF174K01187;;22.418;22.418;22.922;14-Nov-2008
103233;Kotak Large & Midcap Fund - IDCW-Regular;INF174K01203;INF174K01195;8.674;8.674;8.869;14-Nov-2008

Nippon India Mutual Fund
100378;NIPPON INDIA VISION FUND - IDCW Option;INF204K01372;INF204K01380;27.8161;27.5379;28.4420;14-Nov-2008
100379;Nippon India Vision Fund-GROWTH PLAN-Bonus Option;INF204K01398;;22.3183;22.0951;22.8205;14-Nov-2008
100380;Nippon India Vision Fund-GROWTH PLAN-Growth Option;INF204K01406;;132.9434;131.6140;135.9346;14-Nov-2008
106255;Nippon India Vision Large & Mid Cap Fund Institutional Dividend Plan;INF204K01331;INF204K01349;127.5890;127.5890;127.5890;14-Nov-2008
106257;Reliance Vision Fund Institutional Plan Growth Plan Bonus Option;INF204K01356;;132.2674;132.2674;132.2674;14-Nov-2008
106256;Reliance Vision Fund Institutional Plan Growth Plan Growth Option;INF204K01364;;132.2674;132.2674;132.2674;14-Nov-2008

quant Mutual Fund
104515;quant Large & Mid Cap Fund - Bonus Option - Regular Plan;INF966L01424;;7.8033;7.8033;7.9789;14-Nov-2008
104513;quant Large & Mid Cap Fund - Growth Option;INF966L01341;;7.8016;7.8016;7.9771;14-Nov-2008
104514;quant Large & Mid Cap Fund - IDCW Option - Regular Plan;INF966L01325;INF966L01333;6.8605;6.8605;7.0149;14-Nov-2008

SBI Mutual Fund
101530;SBI Large & Midcap Fund - Regular Plan - Income Distribution cum Capital Withdrawal Option (IDCW);INF200K01289;INF200K01297;31.69;31.37;32.40;14-Nov-2008
103024;SBI LARGE & MIDCAP FUND- REGULAR PLAN -Growth;INF200K01305;;39.08;38.69;39.96;14-Nov-2008

Sundaram Mutual Fund
105001;Sundaram Large and Midcap Fund Regular Plan - Growth;INF903J01DT1;;7.6642;7.6642;0.0000;14-Nov-2008
105000;Sundaram Large and Midcap Regular Plan - Income Distribution cum Capital Withdrawal (IDCW);INF903J01DU9;INF903J01DV7;6.2741;6.2741;0.0000;14-Nov-2008

Tata Mutual Fund
101823;Tata Large & Mid Cap Fund Regular Plan - Payout of IDCW Option;INF277K01DH3;INF277K01410;13.1143;12.9832;13.4094;14-Nov-2008
101824;Tata Large & Mid Cap Fund- Regular Plan - Growth Option;INF277K01428;;40.2031;39.8011;41.1077;14-Nov-2008

UTI Mutual Fund
100664;UTI Large & Mid Cap Fund - Regular Plan - Growth Option;INF789F01869;;30.87;30.87;31.56;14-Nov-2008
100663;UTI Large & Mid Cap Fund - Regular Plan - IDCW;INF189A01046;INF789F01851;26.63;26.63;27.23;14-Nov-2008

Open Ended Schemes ( Equity Scheme - Mid Cap Fund )


Aditya Birla Sun Life Mutual Fund
101591;Aditya Birla Sun Life Midcap Fund -REGULAR - IDCW;INF209K01355;INF209K01CN6;12.99;12.73;13.28;14-Nov-2008
101592;Aditya Birla Sun Life MIDCAP Fund-Growth;INF209K01363;;46.86;45.92;47.91;14-Nov-2008

DSP Mutual Fund
104481;DSP Midcap Fund - Regular Plan - Growth;INF740K01128;;6.5760;6.5100;6.7240;14-Nov-2008
104482;DSP Midcap Fund - Regular Plan - IDCW;INF740K01102;INF740K01110;6.5760;6.5100;6.7240;14-Nov-2008

Franklin Templeton Mutual Fund
100472;Franklin India Mid Cap Fund - IDCW;INF090I01726;INF090I01734;26.1731;26.0422;26.7620;14-Nov-2008
100473;Franklin India Mid Cap Fund-Growth;INF090I01809;;118.8062;118.2122;121.4793;14-Nov-2008

HDFC Mutual Fund
105758;HDFC Mid Cap Fund - Growth Plan;INF179K01CR2;;6.24;0;0;14-Nov-2008
105757;HDFC Mid Cap Fund - IDCW Plan;INF179K01CS0;INF179K01CT8;6.24;0;0;14-Nov-2008

ICICI Prudential Mutual Fund
102528;ICICI Prudential MidCap Fund - Growth;INF109K01AN2;;14.48;14.48;14.81;14-Nov-2008
102529;ICICI Prudential MidCap Fund - IDCW;INF109K01EH6;INF109K01AL6;7.91;7.91;8.09;14-Nov-2008
102530;ICICI Prudential MidCap Fund - Institutional Option - I;INF109K01AM4;;5.76;5.76;5.89;14-Nov-2008

Invesco Mutual Fund
105503;Invesco India Midcap Fund - Growth Option;INF205K01BC9;;5.69;0.00;0.00;14-Nov-2008
105504;Invesco India Midcap Fund - IDCW (Payout / Reinvestment);INF205K01BD7;INF205K01BE5;5.69;0.00;0.00;14-Nov-2008

Kotak Mahindra Mutual Fund
104908;Kotak Midcap Fund - Regular Plan - Growth;INF174K01DS9;;5.813;5.813;5.813;14-Nov-2008
104907;Kotak Midcap Fund - Regular Plan - IDCW -Payout & Re-investment of Income Distribution cum capital withdrawal option;INF174K01DU5;INF174K01DT7;5.813;5.813;5.813;14-Nov-2008

Nippon India Mutual Fund
100375;NIPPON INDIA GROWTH FUND - IDCW Option;INF204K01299;INF204K01307;32.6160;32.2898;33.3499;14-Nov-2008
100376;Nippon India Growth Fund-Growth Plan-Bonus Option;INF204K01315;;35.6273;35.2710;36.4289;14-Nov-2008
100377;Nippon India Growth Fund-Growth Plan-Growth Option;INF204K01323;;214.8240;212.6758;219.6575;14-Nov-2008
106260;NIPPON INDIA GROWTH MID CAP FUND - INSTITUTIONAL Plan - IDCW Option;INF204K01257;INF204K01265;214.8805;214.8805;214.8805;14-Nov-2008
106259;Reliance Growth Fund Institutional Plan Growth Plan Bonus Option;INF204K01273;;215.5448;215.5448;215.5448;14-Nov-2008
106258;Reliance Growth Fund Institutional Plan Growth Plan Growth Option;INF204K01281;;215.5448;215.5448;215.5448;14-Nov-2008

quant Mutual Fund
101065;quant Mid Cap Fund - Growth Option - Regular Plan;INF966L01176;;23.1771;23.1771;23.1771;14-Nov-2008
101066;quant Mid Cap Fund - IDCW Option - Regular Plan;INF966L01150;INF966L01168;10.1518;10.1518;10.1518;14-Nov-2008

SBI Mutual Fund
102941;SBI MIDCAP FUND - REGULAR PLAN - GROWTH;INF200K01560;;10.81;10.70;11.05;14-Nov-2008
102942;SBI Midcap Fund - Regular Plan - Income Distribution cum Capital Withdrawal Option (IDCW);INF200K01578;INF200K01586;8.29;8.21;8.48;14-Nov-2008

Sundaram Mutual Fund
101539;Sundaram Mid Cap Fund Regular Plan - Growth;INF903J01173;;62.8948;62.8948;64.3099;14-Nov-2008
101538;Sundaram Mid Cap Fund Regular Plan - Income Distribution cum Capital Withdrawal (IDCW);INF903J01181;INF903J01199;10.7783;10.7783;11.0208;14-Nov-2008

Tata Mutual Fund
102328;Tata Mid Cap Growth Fund Regular Plan- Growth Option;INF277K01626;;20.4620;20.2574;20.9224;14-Nov-2008
102326;Tata Mid Cap Growth Fund-Regular Plan - IDCW Option;INF277K01DS0;INF277K01642;8.9255;8.8362;9.1263;14-Nov-2008
102329;Tata Mid Cap Growth Fund Regular Plan  - Bonus (Growth);INF277K01634;;17.9488;17.7693;18.3526;14-Nov-2008

Taurus Mutual Fund
100477;Taurus Mid Cap Fund - Regular Plan - Growth;INF044D01815;;8.33;8.25;8.52;14-Nov-2008

UTI Mutual Fund
102393;UTI Mid Cap Fund - Regular Plan - IDCW;INF789F01794;INF789F01802;11.48;11.48;11.74;14-Nov-2008
102394;UTI Mid Cap Fund-Growth Option;INF789F01810;;13.59;13.59;13.9;14-Nov-2008

Open Ended Schemes ( Equity Scheme - Small Cap Fund )


Aditya Birla Sun Life Mutual Fund
105804;Aditya Birla Sun Life Small Cap Fund - GROWTH;INF209K01EN2;;5.2024;5.2024;0.0000;14-Nov-2008
105805;Aditya Birla Sun Life Small Cap Fund -Regular - IDCW;INF209K01EO0;INF209K01EP7;5.2024;5.2024;0.0000;14-Nov-2008

Franklin Templeton Mutual Fund
103361;Franklin India Small Cap Fund - IDCW;INF090I01544;INF090I01551;5.7877;5.7877;5.7877;14-Nov-2008
103360;Franklin India Small Cap Fund-Growth;INF090I01569;;6.2509;6.2509;6.2509;14-Nov-2008

ICICI Prudential Mutual Fund
106823;ICICI Prudential Smallcap Fund - Growth;INF109K01BI0;;5.02;5.02;5.13;14-Nov-2008
106822;ICICI Prudential Smallcap Fund - IDCW;INF109K01FA8;INF109K01BJ8;5.02;5.02;5.13;14-Nov-2008
106821;ICICI Prudential Smallcap Fund - Institutional Growth;INF109K01BK6;;5.02;5.02;5.02;14-Nov-2008

Kotak Mahindra Mutual Fund
102875;Kotak-Small Cap Fund - Growth;INF174K01211;;11.228;11.228;11.481;14-Nov-2008
102874;Kotak-Small Cap Fund - Payout of Income Distribution cum capital withdrawal option;INF174K01237;INF174K01229;8.614;8.614;8.808;14-Nov-2008

quant Mutual Fund
100177;quant Small Cap Fund - Growth - Regular Plan;INF966L01AA0;;22.8571;22.8571;22.8571;14-Nov-2008
100176;quant Small Cap Fund - IDCW Option - Regular Plan;INF206A01022;INF966L01044;19.2918;19.2918;19.2918;14-Nov-2008

Sundaram Mutual Fund
100795;Sundaram Small Cap Fund Regular Plan - Growth;INF903J01470;;14.0883;13.7713;14.4053;14-Nov-2008
100794;Sundaram Small Cap Fund Regular Plan - Income Distribution cum Capital Withdrawal (IDCW);INF903J01454;INF903J01462;7.9439;7.7652;8.1226;14-Nov-2008

Open Ended Schemes ( Equity Scheme - Dividend Yield Fund )


Aditya Birla Sun Life Mutual Fund
101738;Aditya Birla Sun Life Dividend Yield Fund - Growth - Regular Plan;INF209K01405;;34.78;34.08;35.56;14-Nov-2008
101737;Aditya Birla Sun Life Dividend Yield Fund -REGULAR - IDCW;INF209K01397;INF209K01CP1;7.81;7.65;7.99;14-Nov-2008

Franklin Templeton Mutual Fund
103679;Franklin India Dividend Yield Fund - IDCW;INF090I01932;INF090I01940;7.2868;7.2504;7.4508;14-Nov-2008
103678;Franklin India Dividend Yield Fund-Growth Plan;INF090I01957;;8.4592;8.4169;8.6495;14-Nov-2008

Principal Mutual Fund
102808;Principal Dividend Yield Fund- Half Yearly Income Distribution CUM Capital Withdrawal Plan;INF173K01AD9;INF173K01AE7;8.2500;8.2500;8.4400;14-Nov-2008
102807;Principal Dividend Yield Fund-Growth Plan;INF173K01AC1;;11.1800;11.1800;11.4300;14-Nov-2008

Tata Mutual Fund
102858;Tata Dividend Yield Fund  Regular Plan -( Div);INF277K01DD2;INF277K01337;10.7168;10.7168;10.9579;14-Nov-2008
102859;Tata Dividend Yield Fund Regular Plan;INF277K01345;;13.6475;13.6475;13.9546;14-Nov-2008

UTI Mutual Fund
103025;UTI Dividend Yield Fund - Regular Plan - IDCW;INF789F01448;INF789F01455;8.31;8.31;8.5;14-Nov-2008
103026;UTI-Dividend Yield Fund.-Growth;INF789F01463;;14.49;14.49;14.82;14-Nov-2008

Open Ended Schemes ( Equity Scheme - Value Fund )


Aditya Birla Sun Life Mutual Fund
108167;Aditya Birla Sun Life Value Fund - Growth Option;INF209K01LF3;;7.3713;7.3713;0.0000;14-Nov-2008
108166;Aditya Birla Sun Life Value Fund - Regular - IDCW;INF209K01LE6;INF209K01LG1;7.3713;7.3713;0.0000;14-Nov-2008

Franklin Templeton Mutual Fund
100496;Templeton India Value Fund - Growth Plan;INF090I01296;;51.4659;51.2086;52.6239;14-Nov-2008
100497;Templeton India Value Fund - IDCW ;INF090I01270;INF090I01288;28.2034;28.0624;28.8380;14-Nov-2008

HDFC Mutual Fund
101764;HDFC Value Fund - Growth Plan;INF179K01426;;47.286;47.286;48.35;14-Nov-2008
101765;HDFC Value Fund - IDCW Plan;INF179K01400;INF179K01418;14.932;14.932;15.268;14-Nov-2008

ICICI Prudential Mutual Fund
102596;ICICI Prudential Value Discovery Fund - Institutional Option - I - Growth;INF109K01AE1;;7.05;7.05;7.21;14-Nov-2008
102594;ICICI Prudential Value Fund (erstwhile Value Discovery Fund) - Growth;INF109K01AF8;;16.23;16.23;16.60;14-Nov-2008
102595;ICICI Prudential Value Fund (erstwhile Value Discovery Fund) - IDCW;INF109K01EC7;INF109K01AD3;8.76;8.76;8.96;14-Nov-2008

JM Financial Mutual Fund
100254;JM Value Fund (Regular) - Growth Option;INF137A01037;;10.3331;10.3331;10.5656;14-Nov-2008
106168;JM Value Fund (Regular) - IDCW;INF137A01011;INF137A01029;7.7822;7.7822;7.9573;14-Nov-2008

Nippon India Mutual Fund
103085;Nippon India Value Fund- Growth Plan;INF204K01GB3;;13.3045;13.1715;13.6039;14-Nov-2008
103087;Reliance Regular Savings Fund-BALANCED OPTION-Growth Option;;;10.3202;10.2170;10.5524;14-Nov-2008
103083;Reliance Regular Savings Fund-DEBT OPTION -Growth Option;;;11.4955;11.4955;11.4955;14-Nov-2008

Quantum Mutual Fund
103490;Quantum Value Fund - Direct Plan Growth Option;INF082J01036;;8.73;8.38;8.73;14-Nov-2008
103491;Quantum Value Fund - Direct Plan IDCW;INF082J01044;INF082J01051;8.73;8.38;8.73;14-Nov-2008

Tata Mutual Fund
101672;Tata Equity P/E Fund - Regular Plan -Growth Option;INF277K01451;;20.5667;21.0295;21.0295;14-Nov-2008
102428;Tata Equity P/E Fund Regular Plan - Payout of IDCW-Option B(10%);INF277K01DJ9;INF277K01444;19.6009;18.3526;20.0419;14-Nov-2008

UTI Mutual Fund
103098;UTI Value Fund - Regular Plan - Growth Option;INF789F01AG5;;11.76;11.76;12.02;14-Nov-2008
103097;UTI Value Fund - Regular Plan - IDCW;INF789F01AE0;INF789F01AF7;7.68;7.68;7.85;14-Nov-2008

Open Ended Schemes ( Equity Scheme - Contra Fund )


Invesco Mutual Fund
105460;Invesco India Contra Fund - Growth;INF205K01189;;6.94;6.94;7.10;14-Nov-2008
105459;Invesco India Contra Fund - IDCW (Payout / Reinvestment);INF205K01205;INF205K01197;6.94;6.94;7.10;14-Nov-2008

Kotak Mahindra Mutual Fund
103040;Kotak Contra Fund - Regular Plan - Growth;INF174K01245;;10.778;10.778;11.021;14-Nov-2008
103039;Kotak Contra Fund - Regular Plan - IDCW - Payout & Re-investment of Income Distribution cum capital withdrawal option;INF174K01260;INF174K01252;9.435;9.435;9.647;14-Nov-2008

SBI Mutual Fund
100915;SBI Contra Fund - Regular Plan - Income Distribution cum Capital Withdrawal Option (IDCW);INF200K01347;INF200K01354;16.02;15.86;16.38;14-Nov-2008
102414;SBI CONTRA FUND - REGULAR PLAN -GROWTH;INF200K01362;;28.14;27.86;28.77;14-Nov-2008

Open Ended Schemes ( Equity Scheme - Focused Fund )


Aditya Birla Sun Life Mutual Fund
103309;Aditya Birla Sun Life Focused Fund -Growth Option;INF209K01462;;11.4327;11.2040;11.6899;14-Nov-2008
103308;Aditya Birla Sun Life Focused Fund -Regular - IDCW;INF209K01454;INF209K01CS5;9.3717;9.1843;9.5826;14-Nov-2008

Bandhan Mutual Fund
108592;Bandhan Focused Fund - Regular Plan - Growth;INF194K01466;;10.0531;10.0531;10.2793;14-Nov-2008
108593;Bandhan Focused Fund - Regular Plan - IDCW;INF194K01474;INF194K01482;9.1125;9.1125;9.3175;14-Nov-2008

Franklin Templeton Mutual Fund
105817;Franklin India Focused Equity Fund - Growth Plan;INF090I01981;;5.7152;5.6866;5.8438;14-Nov-2008
105816;Franklin India Focused Equity Fund - IDCW ;INF090I01965;INF090I01973;5.7152;5.6866;5.8438;14-Nov-2008

HDFC Mutual Fund
102760;HDFC Focused Fund - GROWTH PLAN;INF179K01574;;15.991;15.991;16.351;14-Nov-2008
102761;HDFC Focused Fund - IDCW PLAN;INF179K01558;INF179K01566;11.011;11.011;11.259;14-Nov-2008

Nippon India Mutual Fund
104638;NIPPON INDIA FOCUSED  FUND - IDCW OPTION;INF204K01GF4;INF204K01GG2;7.3539;7.0597;7.3539;14-Nov-2008
104637;Nippon India Focused Fund -Growth Plan -Growth Option;INF204K01GE7;;7.3539;7.0597;7.3539;14-Nov-2008

Principal Mutual Fund
103335;Principal Focused Multicap Fund-Growth Option;INF173K01189;;11.8300;11.6500;12.1000;14-Nov-2008
103334;Principal Focused Multicap Fund-Half Yearly Income Distribution CUM Capital Withdrawal Option;INF173K01197;INF173K01205;9.8800;9.7300;10.1000;14-Nov-2008

quant Mutual Fund
109275;quant Focused Fund - Growth Option - Regular Plan;INF966L01374;;6.5129;6.5129;6.5129;14-Nov-2008
109274;quant Focused Fund - IDCW Option - Regular Plan;INF966L01358;INF966L01366;6.5130;6.5130;6.5130;14-Nov-2008

SBI Mutual Fund
102765;SBI Focused Fund - Regular Plan - Income Distribution cum Capital Withdrawal Option (IDCW);INF200K01388;INF200K01396;8.46;8.38;8.65;14-Nov-2008
102756;SBI FOCUSED FUND - REGULAR PLAN -GROWTH;INF200K01370;;15.65;15.49;16.00;14-Nov-2008

Sundaram Mutual Fund
108305;Sundaram Select Focus Institutional Plan - Growth;INF903J01140;;48.5179;48.5179;48.5179;14-Nov-2008
101537;Sundaram Select Focus Regular Plan - Growth;INF903J01116;;51.2003;51.2003;52.3523;14-Nov-2008
101536;Sundaram Select Focus Regular Plan - Income Distribution cum Capital Withdrawal (IDCW);INF903J01124;INF903J01132;7.8546;7.8546;8.0313;14-Nov-2008

Open Ended Schemes ( Equity Scheme - Sectoral/ Thematic )


Aditya Birla Sun Life Mutual Fund
111350;Aditya Birla Sun Life Commodities Equities Fund Global Agri Plan -Institutional Dividend;;;0.0000;0.0000;0.0000;14-Nov-2008
111351;Aditya Birla Sun Life Commodities Equities Fund Global Agri Plan -Institutional Growth;;;0.0000;0.0000;0.0000;14-Nov-2008
111349;Aditya Birla Sun Life Commodity Equities Fund - Global Agri Plan - Growth - Regular Plan;INF209K01207;;10.0457;9.9452;10.2968;14-Nov-2008
111348;Aditya Birla Sun Life Commodity Equities Fund - Global Agri Plan -Regular - IDCW;INF209K01199;INF209K01CG0;10.0457;9.9452;10.2968;14-Nov-2008
103168;Aditya Birla Sun Life Digital India Fund - Growth - Regular Plan;INF209K01140;;10.40;10.19;10.63;14-Nov-2008
103167;Aditya Birla Sun Life Digital India Fund -Regular - IDCW;INF209K01132;INF209K01CD7;8.24;8.08;8.43;14-Nov-2008
103110;Aditya Birla Sun Life India Gennext Fund -Regular - IDCW;INF209K01439;INF209K01CR7;10.23;10.03;10.46;14-Nov-2008
103111;Aditya Birla Sun Life India Gennext Fund-Growth Option;INF209K01447;;12.35;12.10;12.63;14-Nov-2008
103475;Aditya Birla Sun Life Infrastructure Fund -  Regular - IDCW;INF209K01470;INF209K01CT3;7.55;7.40;7.72;14-Nov-2008
103476;Aditya Birla Sun Life Infrastructure Fund-Growth;INF209K01504;;8.13;7.97;8.31;14-Nov-2008
106873;Aditya Birla Sun Life International Equity Fund - Growth - Regular Plan;INF209K01520;;7.0784;6.9368;7.2554;14-Nov-2008
106872;Aditya Birla Sun Life International Equity Fund - Regular - IDCW;INF209K01512;INF209K01CV9;7.0784;6.9368;7.2554;14-Nov-2008
106876;Aditya Birla Sun Life International Equity Fund - Plan B - Growth - Regular Plan;INF209K01546;;5.4701;5.3607;5.6069;14-Nov-2008
106875;Aditya Birla Sun Life International Equity Fund - Plan B - Regular - IDCW;INF209K01538;INF209K01CW7;5.4701;5.3607;5.6069;14-Nov-2008
100064;Aditya Birla Sun Life MNC Fund - Growth - Regular Plan;INF209K01322;;81.40;79.77;83.23;14-Nov-2008
100063;Aditya Birla Sun Life MNC Fund - Regular - IDCW;INF209K01314;INF209K01CL0;40.80;39.98;41.72;14-Nov-2008

Canara Robeco Mutual Fund
103390;CANARA ROBECO INFRASTRUCTURE FUND - REGULAR PLAN - GROWTH OPTION;INF760K01274;;10.3800;10.3800;10.6100;14-Nov-2008
103389;CANARA ROBECO INFRASTRUCTURE FUND - REGULAR PLAN - IDCW (Payout/Reinvestment);INF760K01258;INF760K01266;8.8600;8.8600;9.0600;14-Nov-2008

DSP Mutual Fund
102434;DSP India T.I.G.E.R. Fund - Regular Plan - Growth;INF740K01151;;23.8260;23.5880;24.3620;14-Nov-2008
102435;DSP India T.I.G.E.R. Fund - Regular Plan - IDCW;INF740K01136;INF740K01144;11.0010;10.8910;11.2490;14-Nov-2008
108202;DSP Natural Resources And New Energy Fund - Regular - Growth;INF740K01060;;6.3580;6.2940;6.5010;14-Nov-2008
108203;DSP Natural Resources And New Energy Fund - Regular Plan - IDCW;INF740K01045;INF740K01052;6.3580;6.2940;6.5010;14-Nov-2008

Franklin Templeton Mutual Fund
106979;Franklin Asian Equity Fund - Growth Plan;INF090I01AB3;;6.4075;6.3755;6.5517;14-Nov-2008
106978;Franklin Asian Equity Fund - IDCW ;INF090I01999;INF090I01AA5;6.4075;6.3755;6.5517;14-Nov-2008
103151;Franklin India Opportunities Fund - Growth;INF090I01841;;16.6926;16.6091;17.0682;14-Nov-2008
100524;Franklin INDIA OPPORTUNITIES FUND - IDCW ;INF090I01858;INF090I01866;8.3326;8.2909;8.5201;14-Nov-2008
100521;Franklin India Technology Fund - IDCW ;INF090I01759;INF090I01767;9.0106;8.9655;9.2133;14-Nov-2008
100522;Franklin India Technology Fund-Growth;INF090I01742;;25.9869;25.8570;26.5716;14-Nov-2008

HDFC Mutual Fund
107524;HDFC Infrastructure Fund - Growth Plan;INF179K01GF8;;5.522;0;0;14-Nov-2008
107525;HDFC Infrastructure Fund - IDCW Plan;INF179K01GE1;INF179K01GG6;5.522;0;0;14-Nov-2008

ICICI Prudential Mutual Fund
109445;ICICI Prudential Banking and Financial Services Fund -  Growth;INF109K01BU5;;7.93;7.85;8.11;14-Nov-2008
109446;ICICI Prudential Banking and Financial Services Fund -  IDCW;INF109K01DY3;INF109K01BV3;7.93;7.85;8.11;14-Nov-2008
103312;ICICI Prudential Exports & Services Fund - Growth;INF109K01BB5;;8.76;8.76;8.96;14-Nov-2008
103313;ICICI Prudential Exports & Services Fund - IDCW;INF109K01FL5;INF109K01BA7;6.59;6.59;6.74;14-Nov-2008
100352;ICICI Prudential FMCG Fund - Growth;INF109K01415;;30.63;30.63;31.32;14-Nov-2008
100351;ICICI Prudential FMCG Fund - IDCW;INF109K01EO2;INF109K01423;20.23;20.23;20.69;14-Nov-2008
103149;ICICI Prudential Infrastructure Fund - Growth;INF109K01AV5;;15.89;15.89;16.25;14-Nov-2008
103150;ICICI Prudential Infrastructure Fund - IDCW;INF109K01FB6;INF109K01AT9;7.27;7.27;7.43;14-Nov-2008
105602;ICICI Prudential Infrastructure Fund - Institutional Option - I - Growth;INF109K01AU7;;8.46;8.46;8.46;14-Nov-2008
100363;ICICI Prudential Technology Fund - Growth;INF109K01506;;6.52;6.52;6.67;14-Nov-2008

Invesco Mutual Fund
108377;Invesco India Financial Services Fund - Regular Plan -  IDCW (Payout / Reinvestment);INF205K01171;INF205K01163;8.80;8.71;9.00;14-Nov-2008
108378;Invesco India Financial Services Fund - Retail Growth;INF205K01155;;8.80;8.71;9.00;14-Nov-2008
106654;Invesco India Infrastructure Fund - Growth Option;INF205K01CD5;;4.78;0.00;0.00;14-Nov-2008
106653;Invesco India Infrastructure Fund - IDCW (Payout / Reinvestment);INF205K01CE3;INF205K01CF0;4.78;0.00;0.00;14-Nov-2008

LIC Mutual Fund
107763;LIC MF Infrastructure Fund-Regular Plan-Growth;INF767K01501;;5.4870;5.4870;0.0000;14-Nov-2008
107764;LIC MF Infrastructure Fund-Regular Plan-IDCW;INF767K01485;INF767K01493;5.4870;5.4870;0.0000;14-Nov-2008

Nippon India Mutual Fund
101864;Nippon India Banking & Financial Services Fund - IDCW Option;INF204K01893;INF204K01901;17.0145;16.8444;17.3973;14-Nov-2008
101863;Nippon India Banking & Financial Services Fund-Growth Plan-Bonus Option;INF204K01919;;39.5063;39.1112;40.3952;14-Nov-2008
101862;Nippon India Banking & Financial Services Fund-Growth Plan-Growth Option;INF204K01927;;39.5063;39.1112;40.3952;14-Nov-2008
110253;Reliance Banking & Financial Services Fund - Institutional Plan - Bonus Option;INF204K01851;;39.5063;39.5063;39.5063;14-Nov-2008
110254;Reliance Banking & Financial Services Fund - Institutional Plan - Dividend Option;INF204K01869;INF204K01877;39.5063;39.5063;39.5063;14-Nov-2008
110252;Reliance Banking & Financial Services Fund - Institutional Plan - Growth Option;INF204K01885;;39.5063;39.5063;39.5063;14-Nov-2008
102753;NIPPON INDIA CONSUMPTION FUND - IDCW Option;INF204K01AN1;INF204K01AO9;10.9116;10.8025;11.1571;14-Nov-2008
102752;Nippon India Consumption Fund-Growth Plan-Bonus Option;INF204K01AP6;;13.9710;13.8313;14.2853;14-Nov-2008
102751;Nippon India Consumption Fund-Growth Plan-Growth Option;INF204K01AQ4;;13.9710;13.8313;14.2853;14-Nov-2008
102433;NIPPON INDIA PHARMA FUND - IDCW Option;INF204K01935;INF204K01943;14.3865;14.2426;14.7102;14-Nov-2008
102432;Nippon India Pharma Fund-Growth Plan-Bonus Option;INF204K01950;;18.1499;17.9684;18.5583;14-Nov-2008
102431;Nippon India Pharma Fund-Growth Plan-Growth Option;INF204K01968;;18.1499;17.9684;18.5583;14-Nov-2008
101264;NIPPON INDIA POWER & INFRA FUND - IDCW Option;INF204K01AB6;INF204K01AC4;26.5900;26.3241;27.1883;14-Nov-2008
101262;Nippon India Power & Infra Fund-Growth Plan -Growth Option;INF204K01AE0;;39.6545;39.2580;40.5467;14-Nov-2008
101263;Nippon India Power & Infra Fund-Growth Plan-Bonus Option;INF204K01AD2;;39.6545;39.2580;40.5467;14-Nov-2008
107592;Reliance Diversified Power Sector Fund Institutional Plan -Dividend Option;INF204K01976;INF204K01984;38.7423;38.7423;38.7423;14-Nov-2008
107591;Reliance Diversified Power Sector Fund Institutional Plan Growth Plan Bonus Option;INF204K01992;;38.7423;38.7423;38.7423;14-Nov-2008
107590;Reliance Diversified Power Sector Fund Institutional Plan Growth Plan Growth Option;INF204K01AA8;;38.7423;38.7423;38.7423;14-Nov-2008
108252;NIPPON INDIA QUANT FUND - IDCW Option;INF204K01745;INF204K01752;6.4096;6.3455;6.5538;14-Nov-2008
108249;Nippon India Quant Fund -Growth Plan - Growth Option;INF204K01760;;6.4096;6.3455;6.5538;14-Nov-2008
108258;Nippon India Quant Fund -Growth Plan -Bonus Option;INF204K01737;;6.4096;6.3455;6.5538;14-Nov-2008
108259;Reliance Quant Plus Fund- Institutional Plan-Bonus Option;INF204K01695;;6.4509;6.4509;6.4509;14-Nov-2008
108251;Reliance Quant Plus Fund- Institutional Plan-Dividend Option;INF204K01703;INF204K01711;6.4509;6.4509;6.4509;14-Nov-2008
108250;Reliance Quant Plus Fund- Institutional Plan-Growth Option;INF204K01729;;6.4509;6.4509;6.4509;14-Nov-2008

quant Mutual Fund
106170;quant Infrastructure Fund - Growth Option;INF966L01523;;5.5304;5.0688;5.5304;14-Nov-2008
106169;quant Infrastructure Fund - IDCW Option - Regular Plan;INF966L01507;INF966L01515;5.5341;5.0725;5.5341;14-Nov-2008

SBI Mutual Fund
103145;SBI COMMA Fund - REGULAR PLAN - Growth;INF200K01339;;11.69;11.57;11.95;14-Nov-2008
103146;SBI Comma Fund - Regular Plan - Income Distribution cum Capital Withdrawal Option (IDCW);INF200K01313;INF200K01321;9.38;9.29;9.59;14-Nov-2008
100645;SBI Consumption Opportunities Fund - Regular Plan - Income Distribution cum Capital Withdrawal Option (IDCW);INF200K01404;INF200K01412;11.95;11.83;12.22;14-Nov-2008
104523;SBI ESG Exclusionary Strategy Fund - Regular Plan - Growth;INF200K01214;;20.08;19.88;20.53;14-Nov-2008
101295;SBI ESG Exclusionary Strategy Fund - Regular Plan - Income Distribution cum Capital Withdrawal Option (IDCW);INF200K01198;INF200K01206;17.66;17.48;18.06;14-Nov-2008
100644;SBI Healthcare Opportunities Fund - Regular Plan - Income Distribution cum Capital Withdrawal Option (IDCW);INF200K01453;INF200K01461;15.56;15.40;15.91;14-Nov-2008
102823;SBI HEALTHCARE OPPORTUNITIES FUND - REGULAR PLAN -GROWTH;INF200K01446;;18.88;18.69;19.30;14-Nov-2008
106096;SBI INFRASTRUCTURE FUND -  REGULAR PLAN - GROWTH;INF200K01CT2;;5.69;5.39;0;14-Nov-2008
106095;SBI Infrastructure Fund - Regular Plan - Income Distribution cum Capital Withdrawal Option (IDCW);INF200K01CU0;INF200K01CV8;5.69;5.39;0;14-Nov-2008
103114;SBI Magnum Global Fund - Regular Plan - Income Distribution cum Capital Withdrawal Option (IDCW);INF200K01255;INF200K01263;15.34;15.19;15.69;14-Nov-2008
103034;SBI MNC FUND - REGULAR PLAN -GROWTH;INF200K01271;;23.22;22.99;23.74;14-Nov-2008
100643;SBI Technology Opportunities Fund - Regular Plan - Income Distribution cum Capital Withdrawal Option (IDCW);INF200K01420;INF200K01438;10.21;10.11;10.44;14-Nov-2008

Sundaram Mutual Fund
103743;Sundaram Consumption Fund (Formerly Known as Sundaram Rural and Consumption Fund Regular Plan - Income Distribution cum Capital Withdrawal (IDCW);INF903J01546;INF903J01553;7.2380;7.2380;7.4009;14-Nov-2008
102142;Sundaram Consumption Fund(Formerly Known as Sundaram Rural and Consumption Fund Regular Plan - Growth);INF903J01561;;7.9333;7.9333;8.1118;14-Nov-2008
109061;Sundaram Financial Services Opportunities Fund Institutional Plan - Growth;INF903J01652;;9.1053;9.1053;9.1053;14-Nov-2008
109060;Sundaram Financial Services Opportunities Fund Institutional Plan - Income Distribution cum Capital Withdrawal (IDCW);INF903J01637;INF903J01645;0.0000;0.0000;0.0000;14-Nov-2008
109059;Sundaram Financial Services Opportunities Fund Regular Plan - Growth;INF903J01629;;9.0865;9.0865;9.2909;14-Nov-2008
109058;Sundaram Financial Services Opportunities Fund Regular Plan - Income Distribution cum Capital Withdrawal (IDCW);INF903J01603;INF903J01611;9.0866;9.0866;9.2910;14-Nov-2008

Tata Mutual Fund
101833;Tata Ethical Fund- Regular Plan - Payout of IDCW Option;INF277K01EH1;INF277K01949;20.4632;20.2586;20.9236;14-Nov-2008
100415;Tata Ethical Fund-Regular Plan - Growth Option;INF277K01956;;27.0025;26.7325;27.6101;14-Nov-2008
101852;TATA Infrastructure Fund Regular Plan - Payout of IDCW Option;INF277K01DY8;INF277K01774;12.9099;12.7808;13.2004;14-Nov-2008
101766;Tata Infrastructure Fund-Regular Plan- Growth Option;INF277K01782;;18.2205;18.0383;18.6305;14-Nov-2008

Taurus Mutual Fund
105417;Taurus Infrastructure Fund - Regular Plan - Growth;INF044D01906;;5.90;5.84;6.03;14-Nov-2008
105418;Taurus Infrastructure Fund - Regular Plan - Payout of Income Distribution cum Capital Withdrawal option;INF044D01872;INF044D01880;5.90;5.84;6.03;14-Nov-2008

UTI Mutual Fund
102401;UTI Banking and Financial Services Fund - Regular Plan - Growth Option;INF789F01372;;17.86;17.86;18.26;14-Nov-2008
102402;UTI Banking and Financial Services Fund - Regular Plan - IDCW;INF789F01356;INF789F01364;12.23;12.23;12.51;14-Nov-2008
100805;UTI Energy Fund-Growth Option;INF789F01497;;6.2;6.2;6.34;14-Nov-2008
100804;UTI Energy Fund-Income Option;INF789F01471;INF789F01489;6.99;6.99;7.15;14-Nov-2008
100807;UTI Healthcare Fund - Regular Plan - Growth Option;INF789F01695;;18.16;18.16;18.57;14-Nov-2008
100806;UTI Healthcare Fund - Regular Plan - IDCW;INF789F01679;INF789F01687;14.84;14.84;15.17;14-Nov-2008
100809;UTI Services Industries Fund-Growth Option;INF789F01729;;28.88;28.88;29.53;14-Nov-2008
100808;UTI Services Industries Fund-Income Option;INF789F01703;INF789F01711;13.51;13.51;13.81;14-Nov-2008
106425;UTI India Consumer Fund - Regular Plan - Growth Option;INF789F01CE6;;6.05;0;0;14-Nov-2008
106426;UTI India Consumer Fund - Regular Plan - IDCW;INF789F01CF3;INF789F01CG1;6.05;0;0;14-Nov-2008
102396;UTI Infrastructure Fund - Regular Plan - IDCW;INF789F01737;INF789F01745;12.88;12.88;13.17;14-Nov-2008
102395;UTI Infrastructure Fund-Growth Option;INF789F01752;;20.91;20.91;21.38;14-Nov-2008
100740;UTI - MNC Fund - Regular Plan - Growth Option;INF789F01844;;25.69;25.69;26.27;14-Nov-2008
100739;UTI MNC Fund - Regular Plan - IDCW;INF789F01828;INF789F01836;17.26;17.26;17.65;14-Nov-2008
102397;UTI Transportation and Logistics Fund - Regular Plan - IDCW;INF789F01273;INF789F01281;7.95;7.95;8.13;14-Nov-2008
102398;UTI-Transportation and Logistics  Fund-Growth Option;INF789F01299;;9.92;9.92;10.14;14-Nov-2008

Open Ended Schemes ( Equity Scheme - ELSS )


Aditya Birla Sun Life Mutual Fund
107745;Aditya Birla Sun Life ELSS Tax Saver Fund - Growth Option;INF209K01108;;5.17;5.07;5.29;14-Nov-2008
103164;Aditya Birla Sun Life ELSS Tax Saver Fund-Regular - IDCW;INF209K01090;INF209K01CB1;43.99;43.11;44.98;14-Nov-2008
104331;Aditya Birla Sun Life Tax Plan - Regular Plan - Growth Option;INF209K01348;;7.27;7.12;7.43;14-Nov-2008
100067;Aditya Birla Sun Life Tax Plan -Regular - IDCW;INF209K01330;INF209K01CM8;34.60;33.91;35.38;14-Nov-2008

Baroda BNP Paribas Mutual Fund
100068;BARODA ELSS 96 - Plan A - IDCW;INF955L01641;;12.82;12.82;13.14;14-Nov-2008

Canara Robeco Mutual Fund
100593;CANARA ROBECO ELSS TAX SAVER - REGULAR PLAN -IDCW (Payout);INF760K01084;INF760K01092;10.5000;10.5000;10.7400;14-Nov-2008

DSP Mutual Fund
104772;DSP ELSS Tax Saver Fund - Regular Plan - Growth;INF740K01185;;7.9420;7.9420;8.1210;14-Nov-2008
104773;DSP ELSS Tax Saver Fund - Regular Plan - IDCW;INF740K01169;INF740K01177;5.9140;5.9140;6.0470;14-Nov-2008

Franklin Templeton Mutual Fund
100525;Franklin India ELSS Tax Saver Fund - IDCW;INF090I01783;INF090I01791;20.4754;20.4754;20.9361;14-Nov-2008
100526;Franklin India ELSS Tax Saver Fund-Growth;INF090I01775;;97.4379;97.4379;99.6303;14-Nov-2008

HDFC Mutual Fund
101979;HDFC ELSS Tax saver - Growth Plan;INF179K01BB8;;96.864;96.864;99.043;14-Nov-2008
101980;HDFC ELSS Tax saver - IDCW Plan;INF179K01AZ9;INF179K01BA0;35.811;35.811;36.617;14-Nov-2008
100998;HDFC Long Term Advantage Plan - Growth Plan;INF179K01996;;61.673;61.673;63.061;14-Nov-2008
100997;HDFC Long Term Advantage Plan - IDCW Plan;INF179K01970;INF179K01988;23.989;23.989;24.529;14-Nov-2008

HSBC Mutual Fund
104707;HSBC Tax Saver Equity Fund - Growth;INF336L01BA4;;7.3166;7.3166;7.4812;14-Nov-2008
104706;HSBC Tax Saver Equity Fund - IDCW;INF336L01AZ3;;7.3166;7.3166;7.4812;14-Nov-2008

ICICI Prudential Mutual Fund
100354;ICICI Prudential ELSS Tax Saver Fund - Growth;INF109K01464;;55.26;55.26;56.50;14-Nov-2008
100353;ICICI Prudential ELSS Tax Saver Fund - IDCW;INF109K01FN1;INF109K01472;10.13;10.13;10.36;14-Nov-2008

Invesco Mutual Fund
104636;Invesco India ELSS Tax Saver Fund - Growth;INF205K01270;;7.80;7.80;7.98;14-Nov-2008
104635;Invesco India ELSS Tax Saver Fund - IDCW (Payout / Reinvestment);INF205K01296;INF205K01288;7.00;7.00;7.16;14-Nov-2008

JM Financial Mutual Fund
107288;JM ELSS Tax Saver Fund (Regular) - Growth option;INF192K01650;;4.5897;0.0000;4.6930;14-Nov-2008
107287;JM ELSS Tax Saver Fund (Regular) - IDCW;INF192K01643;;4.5898;0.0000;4.6931;14-Nov-2008

Kotak Mahindra Mutual Fund
103339;Kotak ELSS Tax Saver Fund-Growth;INF174K01369;;9.333;9.333;9.543;14-Nov-2008
103338;Kotak ELSS Tax Saver Fund-Payout of Income Distribution cum capital withdrawal option;INF174K01385;INF174K01377;5.715;5.715;5.844;14-Nov-2008

LIC Mutual Fund
100865;LIC MF ELSS Tax Saver-Regular Plan-Growth;INF767K01956;;16.3197;16.3197;16.3197;14-Nov-2008
100864;LIC MF ELSS Tax Saver-Regular Plan-IDCW;INF767K01931;INF767K01949;5.8431;5.8431;5.8431;14-Nov-2008
100325;LIC MF ULIS (5 Yrs. Single Premium)-Regular Plan-IDCW Reinvestment;;INF767K01964;6.6642;6.6642;6.6642;14-Nov-2008

Nippon India Mutual Fund
103197;NIPPON INDIA TAX SAVER (ELSS) FUND - IDCW Option;INF204K01GL2;INF204K01GM0;8.5394;8.5394;8.7315;14-Nov-2008
103196;Nippon India Tax Saver (ELSS) Fund-Growth Plan-Growth Option;INF204K01GK4;;9.7421;9.7421;9.9613;14-Nov-2008

Principal Mutual Fund
101815;Principal Personal Tax Saver Fund;INF173K01353;;48.4400;48.4400;49.5300;14-Nov-2008
100156;Principal Tax Savings Fund;INF173K01361;;43.7900;43.7900;44.7800;14-Nov-2008

quant Mutual Fund
100175;quant ELSS Tax Saver Fund - Growth Option - Regular Plan;INF966L01135;;29.6383;29.6383;30.3052;14-Nov-2008
100174;quant ELSS Tax Saver Fund - IDCW Option - Regular Plan;INF966L01119;;6.9530;6.9530;7.1094;14-Nov-2008

SBI Mutual Fund
103883;SBI ELSS Tax Saver Fund - Regular Plan - Income Distribution cum Capital Withdrawal Option (IDCW);INF200K01479;;24.58;24.58;25.13;14-Nov-2008
105628;SBI ELSS Tax Saver FUND - REGULAR PLAN- GROWTH;INF200K01495;;30.25;30.25;30.93;14-Nov-2008

Sundaram Mutual Fund
101853;Sundaram Diversified Equity (ELSS) Regular Plan - Growth;INF903J01538;;23.5393;23.5393;24.0689;14-Nov-2008
100614;Sundaram Diversified Equity (ELSS) Regular Plan - Income Distribution cum Capital Withdrawal (IDCW);INF903J01512;INF903J01520;8.6374;8.6374;8.8317;14-Nov-2008

Tata Mutual Fund
100474;Tata ELSS Tax Saver Fund- Regular Plan - Payout of IDCW Option;INF277K01I60;;27.1966;27.1966;27.8085;14-Nov-2008

Taurus Mutual Fund
100480;Taurus ELSS Tax Saver Fund - Regular Plan - Growth;INF044D01AC9;;16.16;16.16;16.52;14-Nov-2008
108402;Taurus ELSS Tax Saver Fund - Regular Plan - Payout of Income Distribution cum Capital Withdrawal option;INF044D01997;;16.16;16.16;16.52;14-Nov-2008

UTI Mutual Fund
100821;UTI ELSS Tax Saver Fund - Regular Plan - Growth Option;INF789F01547;;21.16;21.16;21.64;14-Nov-2008
100820;UTI ELSS Tax Saver Fund - Regular Plan - IDCW;INF789F01521;INF789F01539;9.88;9.88;10.1;14-Nov-2008

Open Ended Schemes ( Debt Scheme - Overnight Fund )


HDFC Mutual Fund
101996;HDFC Overnight Fund - Growth Option;INF179KB1HS3;;14.5425;14.5425;14.5425;14-Nov-2008
101997;HDFC Overnight Fund - IDCW Option (Daily);;INF179KB1IF8;10.4266;10.4266;10.4266;14-Nov-2008

SBI Mutual Fund
101206;SBI OVERNIGHT FUND - REGULAR PLAN - GROWTH;INF200K01LQ9;;14.7354;14.7354;14.7354;14-Nov-2008
103140;SBI Overnight Fund - Regular Plan - Weekly Income Distribution cum Capital Withdrawal Option (IDCW);INF200K01LO4;INF200K01LP1;10.3114;10.3114;10.3114;14-Nov-2008

UTI Mutual Fund
100812;UTI - G-Sec Fund-GrowthN;INF789F01638;;21.6198;21.6198;21.6198;14-Nov-2008
100811;UTI - G-Sec Fund-Income;INF789F01612;INF789F01620;10.9014;10.9014;10.9014;14-Nov-2008
100814;UTI - Overnight  Fund - Regular Plan - Growth Option;INF789F01604;;13.1505;13.1505;13.1505;14-Nov-2008
100813;UTI Overnight Fund - Regular Plan - Periodic IDCW;INF789F01588;INF789F01596;10.9455;10.9455;10.9455;14-Nov-2008

Open Ended Schemes ( Debt Scheme - Liquid Fund )


Aditya Birla Sun Life Mutual Fund
100049;Aditya Birla Sun Life Cash Plus-Institutional - Fortnightly Dividend;;;10.8210;10.8210;10.8210;14-Nov-2008
100052;Aditya Birla Sun Life Cash Plus-Institutional Premium - Fortnightly Dividend;;;10.0000;10.0000;10.0000;14-Nov-2008
100053;Aditya Birla Sun Life Cash Plus-Institutional Premium Plan-Monthly Dividend;;;10.0364;10.0364;10.0364;14-Nov-2008
100047;Aditya Birla Sun Life Liquid Fund - Growth;INF209K01RU9;;13.6665;13.6665;13.6665;14-Nov-2008
100046;Aditya Birla Sun Life Liquid Fund -Daily IDCW;INF209K01KQ2;INF209K01SQ5;10.0195;10.0195;10.0195;14-Nov-2008
100041;Aditya Birla Sun Life Liquid Fund -Institutional - IDCW;;INF209K01KN9;10.8023;10.8023;10.8023;14-Nov-2008
100048;Aditya Birla Sun Life Liquid Fund -Institutional - weekly  IDCW;INF209KA1LK7;INF209K01KY6;10.8068;10.8068;10.8068;14-Nov-2008
100044;Aditya Birla Sun Life Liquid Fund -Retail - IDCW;;INF209K01KP4;16.3694;16.3694;16.3694;14-Nov-2008
100051;Aditya Birla Sun Life Liquid Fund -weekly IDCW;INF209K01KU4;INF209KA1LJ9;10.0225;10.0225;10.0225;14-Nov-2008
100043;Aditya Birla Sun Life Liquid Fund-Institutional (Growth);INF209K01RT1;;23.1913;23.1913;23.1913;14-Nov-2008
100042;Aditya Birla Sun Life Liquid Fund-Retail (Growth);INF209K01ME4;;22.9711;22.9711;22.9711;14-Nov-2008

Bandhan Mutual Fund
108692;BANDHAN LIQUID Fund - Regular Plan - Daily IDCW;INF194K01VZ4;INF194K01VY7;10.0025;10.0025;10.0025;14-Nov-2008
108690;BANDHAN LIQUID Fund - Regular Plan - Growth;INF194K01VX9;;10.4134;10.4134;10.4134;14-Nov-2008
108693;BANDHAN LIQUID Fund - Regular Plan - Monthly IDCW;INF194K01WF4;INF194K01WE7;10.0393;10.0393;10.0393;14-Nov-2008
108691;BANDHAN LIQUID Fund - Regular Plan - Weekly IDCW;INF194K01WI8;INF194K01WH0;10.0075;10.0075;10.0075;14-Nov-2008
108779;BANDHAN Liquid Fund-Plan A-Dividend (Daily);INF194K01VC3;INF194K01VB5;10.5819;10.5819;10.5819;14-Nov-2008
108778;BANDHAN Liquid Fund-Plan A-Growth;INF194K01UX1;;15.3716;15.3716;15.3716;14-Nov-2008
108607;BANDHAN Liquid Fund - Plan A-Dividend (Weekly);INF194K01VI0;INF194K01VH2;10.1915;10.1915;10.1915;14-Nov-2008
108781;BANDHAN Liquid Fund - Plan B (G) (Institutional Plan);INF194K01VK6;;15.4525;15.4525;15.4525;14-Nov-2008
108681;BANDHAN Liquid Fund - Plan B-Daily-Dividend(Institutional Plan);INF194K01VM2;INF194K01VL4;10.5816;10.5816;10.5816;14-Nov-2008

Bank of India Mutual Fund
109257;BANK OF INDIA Liquid Fund- Institutional Plan- Daily Dividend;;;1000.0017;1000.0017;1000.0017;14-Nov-2008
109256;BANK OF INDIA Liquid Fund- Institutional Plan-Growth;INF761K01314;;1034.3177;1034.3177;1034.3177;14-Nov-2008
109254;BANK OF INDIA Liquid Fund- Regular Plan- Growth;INF761K01306;;1032.2479;1032.2479;1032.2479;14-Nov-2008
109255;BANK OF INDIA Liquid Fund- Regular Plan- Weekly IDCW;;INF761K01CP1;1000.9588;1000.9588;1000.9588;14-Nov-2008
109263;BANK OF INDIA Liquid Fund- Super Institutional Plan-Daily Dividend;;;1000.0017;1000.0017;1000.0017;14-Nov-2008
109258;BANK OF INDIA Liquid Fund- Super Institutional Plan-Growth;INF761K01322;;1034.8729;1034.8729;1034.8729;14-Nov-2008

Baroda BNP Paribas Mutual Fund
101408;Baroda BNP Paribas LIQUID FUND- Defunct Plan -Growth Option;INF955L01575;;14.9648;14.9648;14.9648;14-Nov-2008
101407;Baroda BNP Paribas LIQUID FUND-Defunct Plan- IDCW Option;INF955L01559;INF955L01567;12.8231;12.8231;12.8231;14-Nov-2008

Canara Robeco Mutual Fund
109349;CANARA ROBECO LIQUID FUND - REGULAR PLAN - DAILY IDCW (Reinvestment);;INF760K01CU3;10.0410;10.0410;10.0410;14-Nov-2008
109353;CANARA ROBECO LIQUID FUND - REGULAR PLAN - GROWTH OPTION;INF760K01CW9;;10.3917;10.3917;10.3917;14-Nov-2008
109350;CANARA ROBECO LIQUID FUND - REGULAR PLAN - WEEKLY IDCW (Payout/Reinvestment);INF760K01BZ4;INF760K01CZ2;10.0463;10.0463;10.0463;14-Nov-2008
101363;Canara Robeco Liquid Fund- INSTITUTIONAL-Daily Dividend Reinvestment;;INF760K01CC1;10.0410;10.0410;10.0410;14-Nov-2008
101362;Canara Robeco Liquid Fund- INSTITUTIONAL-Growth;INF760K01CD9;;15.6441;15.6441;15.6441;14-Nov-2008
101361;Canara Robeco Liquid Fund- INSTITUTIONAL-Weekly dividend;;INF760K01CE7;10.0410;10.0410;10.0410;14-Nov-2008
101364;Canara Robeco Liquid Fund-Retail-DRI;;INF760K01CF4;10.0410;10.0410;10.0410;14-Nov-2008
109346;Canara Robeco Liquid Fund-Retail-Fortnightly Div Reinvest;;INF760K01CG2;10.0468;10.0468;10.0468;14-Nov-2008
101365;Canara Robeco Liquid Fund-Retail-Growth;INF760K01CH0;;15.6207;15.6207;15.6207;14-Nov-2008
109347;Canara Robeco Liquid Fund-Retail-Monthly Div Reinvest;;INF760K01CI8;10.0840;10.0840;10.0840;14-Nov-2008
109356;Canara Robeco Liquid Fund-Retail-Weekly Div Reinvest;;INF760K01CJ6;10.0462;10.0462;10.0462;14-Nov-2008

DSP Mutual Fund
103347;DSP Liquidity Fund - Regular Plan - Growth;INF740K01FK9;;1236.9371;1236.9371;1236.9371;14-Nov-2008
103348;DSP Liquidity Fund - Regular Plan - IDCW - Weekly;INF740K01FM5;INF740K01FL7;1000.4235;1000.4235;1000.4235;14-Nov-2008
103349;DSP Liquidity Fund- Regular Plan - IDCW - Daily;;INF740KA1OE0;1000.2000;1000.2000;1000.2000;14-Nov-2008
100943;DSP BlackRock Liquidity Fund - Regular Plan - Daily Dividend;;;10.0100;10.0100;10.0100;14-Nov-2008
100940;DSP BlackRock Liquidity Fund - Regular Plan - Growth;INF740K01CN0;;20.6220;20.6220;20.6220;14-Nov-2008
100941;DSP BlackRock Liquidity Fund - Regular Plan Weekly Dividend;;;12.4027;12.4027;12.4027;14-Nov-2008

Franklin Templeton Mutual Fund
100543;Franklin India Liquid Fund - Liquid Plan - Daily IDCW;;;1000.6730;1000.6730;1000.6730;14-Nov-2008
100544;Franklin India Liquid Fund - Liquid Plan - Growth;;;1297.5088;1297.5088;1297.5088;14-Nov-2008
100542;Franklin India Liquid Fund - Liquid Plan - Weekly Dividend;;;1001.7276;1001.7276;1001.7276;14-Nov-2008
100541;Franklin India Liquid Fund - Regular Plan - Daily - IDCW;;INF090I01BA3;1512.3400;1512.3400;1512.3400;14-Nov-2008
100538;Franklin India Liquid Fund - Regular Plan - Growth;INF090I01BB1;;2118.2009;2118.2009;2118.2009;14-Nov-2008
100537;Franklin India Liquid Fund - Regular Plan - Weekly - IDCW;INF090I01BL0;INF090I01BI6;1245.8000;1245.8000;1245.8000;14-Nov-2008
100547;Franklin India Liquid Fund - Super Institutional Plan - Daily - IDCW;;INF090I01BF2;1000.6730;1000.6730;1000.6730;14-Nov-2008
100546;Franklin India Liquid Fund - Super Institutional Plan - Growth;INF090I01BG0;;1269.2780;1269.2780;1269.2780;14-Nov-2008
100548;Franklin India Liquid Fund - Super Institutional Plan - Weekly - IDCW;INF090I01BM8;INF090I01BH8;1022.3987;1022.3987;1022.3987;14-Nov-2008
102441;Franklin India Liquid Fund - Institution-Growth;INF090I01BD7;;1338.2430;1338.2430;1338.2430;14-Nov-2008
102443;Franklin India Liquid Fund - Institutional Plan - Daily - IDCW;;INF090I01BC9;1000.6730;1000.6730;1000.6730;14-Nov-2008
102442;Franklin India Liquid Fund - Institutional Plan - Weekly - IDCW;INF090I01BJ4;INF090I01BE5;1041.1782;1041.1782;1041.1782;14-Nov-2008

HDFC Mutual Fund
100868;HDFC Liquid Fund - Growth Plan;INF179KB1HK0;;16.9874;16.9874;16.9874;14-Nov-2008
100875;HDFC Liquid Fund - IDCW Daily;;INF179KB1IC5;10.1982;10.1982;10.1982;14-Nov-2008
100876;HDFC Liquid Fund - IDCW Monthly;INF179KB1HM6;INF179KB1HL8;10.3076;10.3076;10.3076;14-Nov-2008
100874;HDFC Liquid Fund - IDCW Plan Weekly;INF179KB1ID3;;10.3203;10.3203;10.3203;14-Nov-2008
100877;HDFC Liquid Fund-Premium Plan - Dividend-Daily;;INF179K01KN4;12.2598;12.2598;12.2598;14-Nov-2008
100881;HDFC Liquid Fund-Premium Plus Plan - Dividend-Weekly;INF179K01KS3;;12.4301;12.4301;12.4301;14-Nov-2008
100872;HDFC Liquid Fund-PREMIUM PLUS- Growth;INF179K01KQ7;;17.1662;17.1662;17.1662;14-Nov-2008
100873;HDFC Liquid Fund-PREMIUM- Growth;INF179KB1HN4;;17.1304;17.1304;17.1304;14-Nov-2008

HSBC Mutual Fund
101700;HSBC Cash Fund - Dividend - Daily;;INF336L01321;10.0056;10.0056;10.0056;14-Nov-2008
101702;HSBC Cash Fund - Dividend - Monthly;INF336L01305;INF336L01297;10.1059;10.1059;10.1059;14-Nov-2008
101701;HSBC Cash Fund - Dividend - Weekly;;INF336L01347;10.2490;10.2490;10.2490;14-Nov-2008
101692;HSBC Cash Fund - Inst. - Dividend - Daily;;INF336L01354;10.4401;10.4401;10.4401;14-Nov-2008
101694;HSBC Cash Fund - Inst. - Dividend - Monthly;INF336L01370;INF336L01362;10.5507;10.5507;10.5507;14-Nov-2008
101693;HSBC Cash Fund - Inst. - Dividend - Weekly;;INF336L01388;10.4777;10.4777;10.4777;14-Nov-2008
101691;HSBC Cash Fund - Inst. - Growth;INF336L01289;;14.3704;14.3704;14.3704;14-Nov-2008
101697;HSBC Cash Fund - Regular - Dividend - Daily;;INF336L01263;10.1930;10.1930;10.1930;14-Nov-2008
101698;HSBC Cash Fund - Regular - Dividend - Weekly;;INF336L01313;10.0300;10.0300;10.0300;14-Nov-2008
101696;HSBC Liquid Fund - Growth closed plan;INF336L01271;;14.2885;14.2885;14.2885;14-Nov-2008
101699;HSBC Liquid Fund Closed;INF336L01339;;13.4626;13.4626;13.4626;14-Nov-2008

ICICI Prudential Mutual Fund
100357;ICICI Prudential Liquid Fund -Quarterly IDCW;INF109K01UU5;INF109K01UT7;10.1184;10.1184;10.1184;14-Nov-2008
100359;ICICI Prudential Liquid Institutional Plus Fund - Div - Daily;INF109K01VJ6;;11.8515;11.8515;11.8515;14-Nov-2008
100360;ICICI Prudential Liquid Institutional Plus Fund - Div - Weekly;INF109K01VM0;;11.8651;11.8651;11.8651;14-Nov-2008
100362;ICICI Prudential Liquid Institutional Plus Fund - Growth;INF109K01VK4;;21.2926;21.2926;21.2926;14-Nov-2008
103343;ICICI Prudential Liquid Fund - Daily IDCW;INF109K01VP3;;10.0005;10.0005;10.0005;14-Nov-2008
103340;ICICI Prudential Liquid Fund - Growth;INF109K01VQ1;;12.6161;12.6161;12.6161;14-Nov-2008
104308;ICICI Prudential Liquid Fund - Half Yearly IDCW;INF109K01UX9;INF109K01UW1;10.1180;10.1180;10.1180;14-Nov-2008
103344;ICICI Prudential Liquid Fund - Institutional Option - I;INF109K01VH0;;12.3516;12.3516;12.3516;14-Nov-2008
103342;ICICI Prudential Liquid Fund - Weekly IDCW;INF109K01VS7;;10.0135;10.0135;10.0135;14-Nov-2008
101748;ICICI Prudential Liquid Fund - Institutional - Daily - Div;INF109K01VE7;;11.8502;11.8502;11.8502;14-Nov-2008
101749;ICICI Prudential Liquid Fund - Institutional - Monthly - Div;;INF109K01VG2;10.0400;10.0400;10.0400;14-Nov-2008
101753;ICICI Prudential Liquid Fund - Institutional - Weekly - Div;INF109K01VI8;;11.8522;11.8522;11.8522;14-Nov-2008
101754;ICICI Prudential Liquid Fund Retail Daily Dividend;INF109K01UR1;;11.8514;11.8514;11.8514;14-Nov-2008
101750;ICICI Prudential Liquid Fund Retail Growth;INF109K01UQ3;;20.8917;20.8917;20.8917;14-Nov-2008
101755;ICICI Prudential Liquid Fund Retail Monthly Dividend;INF109K01US9;;11.8756;11.8756;11.8756;14-Nov-2008
101752;ICICI Prudential Liquid Fund Retail Weekly Dividend;INF109K01UV3;;11.8416;11.8416;11.8416;14-Nov-2008
101751;ICICI Prudential Liquid Institutional Fund - Growth;INF109K01VF4;;21.1832;21.1832;21.1832;14-Nov-2008

Invesco Mutual Fund
104484;Invesco India Liquid Fund - Daily IDCW (Reinvestment);;INF205K01HN3;10.0033;10.0033;10.0033;14-Nov-2008
104486;Invesco India Liquid Fund - Growth;INF205K01HM5;;11.7377;11.7377;11.7377;14-Nov-2008
104488;Invesco India Liquid Fund - Regular - Growth;INF205K01HG7;;11.6609;11.6609;11.6609;14-Nov-2008
104489;Invesco India Liquid Fund - Regular - Weekly IDCW (Reinvestment);;INF205K01HH5;10.0128;10.0128;10.0128;14-Nov-2008
104485;Invesco India Liquid Fund - Weekly IDCW (Reinvestment);;INF205K01HO1;10.0131;10.0131;10.0131;14-Nov-2008
104483;Religare Invesco Liquid Fund - Institutional - Daily Dividend;;INF205K01HJ1;10.0033;10.0033;10.0033;14-Nov-2008
104491;Religare Invesco Liquid Fund - Institutional - Growth;INF205K01HI3;;11.7221;11.7221;11.7221;14-Nov-2008
104490;Religare Invesco Liquid Fund - Institutional - Weekly Dividend;;INF205K01HK9;10.0131;10.0131;10.0131;14-Nov-2008

JM Financial Mutual Fund
100241;JM High Liquidity Fund-- Institutional Plan - Dividend;INF192K01924;INF192K01932;10.3638;10.3638;10.3638;14-Nov-2008
100237;JM High Liquidity Fund-- Institutional Plan - Growth;INF192K01940;;14.1098;14.1098;14.1098;14-Nov-2008
100243;JM High Liquidity Fund-- Premium Plan - Daily Dividend Option;;;10.0000;10.0000;10.0000;14-Nov-2008
100238;JM High Liquidity Fund-Institutional Plan - Daily Dividend;;INF192K01916;10.0159;10.0159;10.0159;14-Nov-2008
100245;JM High Liquidity Fund-Super Institutional Plan- Daily Dividend;;INF192K01957;10.0165;10.0165;10.0165;14-Nov-2008
100246;JM High Liquidity Fund-Super Institutional Plan- Weekly  Dividend;INF192K01965;INF192K01973;10.0000;10.0000;10.0000;14-Nov-2008
100244;JM Liquid Fund (Regular) - Quarterly IDCW;INF192K01866;INF192K01874;13.4647;13.4647;13.4647;14-Nov-2008
100247;JM Liquid Fund (Regular) - Super Institutional Plan - Growth Option;INF192K01981;;13.4160;13.4160;13.4160;14-Nov-2008
100233;JM Liquid Fund (Regular) - Weekly IDCW;INF192K01841;INF192K01858;10.6041;10.6041;10.6041;14-Nov-2008
100234;JM Liquid Fund - Growth Option;INF192K01882;;23.3860;23.3860;23.3860;14-Nov-2008
101549;JM Liquid Fund (Regular) - Bonus Option - Principal Units;INF192K01890;;12.2809;12.2809;12.2809;14-Nov-2008
101078;JM Liquid Fund (Regular) - Daily IDCW;;INF192K01833;10.4302;10.4302;10.4302;14-Nov-2008

Kotak Mahindra Mutual Fund
100833;Kotak Liquid Fund - Regular  - Daily Reinvestment of Income Distribution cum capital withdrawal option;;INF174K01NL3;12.2281;12.2281;12.2281;14-Nov-2008
100835;Kotak Liquid Fund - Regular Plan - Growth;INF174K01NI9;;17.3214;17.3214;17.3214;14-Nov-2008
100831;Kotak Liquid Fund -Institutional Plan - (Daily Dividend);;INF174K01GA0;12.2281;12.2281;12.2281;14-Nov-2008
100834;Kotak Liquid Fund Regular Plan Weekly Reinvestment of Income Distribution cum capital withdrawal option Dividend;INF174K01NK5;;10.0464;10.0464;10.0464;14-Nov-2008
100830;Kotak Liquid-Institutional Plan  (Growth);INF174K01FZ9;;17.0689;17.0689;17.0689;14-Nov-2008
100832;Kotak Liquid-Institutional Plan (Weekly Dividend);;INF174K01GB8;10.0327;10.0327;10.0327;14-Nov-2008
100828;Kotak Liquid-Regular (Dividend);;INF174K01FY2;10.032;10.032;10.032;14-Nov-2008
100829;Kotak Liquid-Regular (Growth);INF174K01NM1;;16.74;16.74;16.74;14-Nov-2008

LIC Mutual Fund
101184;LIC MF Liquid Fund-Regular Plan-Daily IDCW;INF767K01IQ3;INF767K01IR1;10.9801;10.9801;10.9801;14-Nov-2008
101185;LIC MF Liquid Fund-Regular Plan-Growth;INF767K01IS9;;15.5852;15.5852;15.5852;14-Nov-2008

Nippon India Mutual Fund
100852;NIPPON INDIA LIQUID FUND - DAILY IDCW OPTION;;INF204K01UM1;15.2872;15.2872;15.2872;14-Nov-2008
100855;NIPPON INDIA LIQUID FUND - MONTHLY IDCW OPTION;INF204K01UO7;INF204K01UP4;20.8265;20.8265;20.8265;14-Nov-2008
100837;Nippon India Liquid Fund - Retail Option - Growth Plan;INF204K01UL3;;20.5250;20.5250;20.5250;14-Nov-2008
100842;NIPPON INDIA LIQUID FUND - RETAIL Plan - DAILY IDCW OPTION;;INF204K01UJ7;15.2426;15.2426;15.2426;14-Nov-2008
100843;NIPPON INDIA LIQUID FUND - RETAIL plan - MONTHLY IDCW OPTION;INF204K01UT6;INF204K01UU4;12.8771;12.8771;12.8771;14-Nov-2008
100844;NIPPON INDIA LIQUID FUND - RETAIL Plan - QUARTERLY IDCW OPTION;INF204K01UV2;INF204K01UW0;12.3173;12.3173;12.3173;14-Nov-2008
100838;NIPPON INDIA LIQUID FUND - RETAIL Plan - WEEKLY IDCW OPTION;;INF204K01UK5;10.3417;10.3417;10.3417;14-Nov-2008
100853;NIPPON INDIA LIQUID FUND - WEEKLY IDCW OPTION;INF204KC1FM8;INF204K01US8;15.3029;15.3029;15.3029;14-Nov-2008
100851;Nippon India Liquid Fund -Growth Plan;INF204K01UN9;;20.8265;20.8265;20.8265;14-Nov-2008
100849;Reliance Liquid Fund-Cash Plan-Daily Dividend Reinvestment Option;;;11.1415;11.1415;11.1415;14-Nov-2008
100845;Reliance Liquid Fund-Cash Plan-Growth Plan;;;14.4442;14.4442;14.4442;14-Nov-2008
100848;Reliance Liquid Fund-Cash Plan-Weekly Dividend Reinvestment Option;;;10.9169;10.9169;10.9169;14-Nov-2008

Principal Mutual Fund
100895;Principal Cash Management Fund - Daily Income Distribution CUM Capital Withdrawal;;INF173K01DB7;10.0007;10.0007;10.0007;14-Nov-2008
100897;Principal Cash Management Fund - Monthly Income Distribution CUM Capital Withdrawal Option;INF173K01BV9;INF173K01BW7;10.0552;10.0552;10.0552;14-Nov-2008
100896;Principal Cash Management Fund - Weekly Income Distribution CUM Capital Withdrawal Option;;INF173K01DC5;10.0303;10.0303;10.0303;14-Nov-2008
100898;Principal Cash Management Fund -Growth Option;INF173K01DA9;;13.3551;13.3551;13.3551;14-Nov-2008
100892;Principal Cash Management-Liquid Option-Daily Dividend;;;10.0022;10.0022;10.0022;14-Nov-2008
100887;Principal Cash Management-Liquid Option-Dividend Plan;;;10.1248;10.1248;10.1248;14-Nov-2008
100888;Principal Cash Management-Liquid Option-Growth Plan;;;16.6903;16.6903;16.6903;14-Nov-2008
100894;Principal Cash Management-Liquid Option-Institutional - Daily Dividend Plan;;;10.0022;10.0022;10.0022;14-Nov-2008
100893;Principal Cash Management-Liquid Option-Institutional - Growth Plan;;;14.0701;14.0701;14.0701;14-Nov-2008
100891;Principal Cash Management-Liquid Option-Institutional - Monthly Dividend Plan;;;10.0424;10.0424;10.0424;14-Nov-2008
100890;Principal Cash Management-Liquid Option-Institutional - Weekly Dividend Plan;;;10.0065;10.0065;10.0065;14-Nov-2008
100889;Principal Cash Management-Liquid Option-Monthly Dividend;;;10.0414;10.0414;10.0414;14-Nov-2008

quant Mutual Fund
103225;quant Liquid Fund - Growth Option - Regular Plan;INF966L01317;;12.5805;12.5805;12.5805;14-Nov-2008
103228;quant Liquid Fund - Monthly IDCW Option - Regular Plan;INF966L01291;INF966L01309;12.3012;12.3012;12.3012;14-Nov-2008
103227;quant Liquid Fund - Weekly IDCW Option - Regular Plan;INF966L01499;INF966L01283;12.3012;12.3012;12.3012;14-Nov-2008
103226;quant Liquid Fund-Daily IDCW Option - Regular Plan;;INF966L01275;12.3012;12.3012;12.3012;14-Nov-2008

Quantum Mutual Fund
103736;Quantum Liquid Fund - Direct Plan Daily IDCW;;INF082J01135;10.0000;10.0000;10.0000;14-Nov-2008
103734;Quantum Liquid Fund - Direct Plan Growth Option;INF082J01127;;12.2123;12.2123;12.2123;14-Nov-2008
103735;Quantum Liquid Fund - Direct Plan Monthly IDCW;INF082J01143;INF082J01200;10.0577;10.0577;10.0577;14-Nov-2008

SBI Mutual Fund
105274;SBI Liquid Fund - Institutional - Growth;INF200K01LU1;;13.6736;13.6736;13.6736;14-Nov-2008
105275;SBI Liquid Fund - Institutional Daily Income Distribution cum Capital Withdrawal Option (IDCW);;INF200K01LR7;10.0325;10.0325;10.0325;14-Nov-2008
105279;SBI Liquid Fund - Institutional Fortnightly Income Distribution cum Capital Withdrawal Option (IDCW);INF200K01LS5;INF200K01LT3;10.1581;10.1581;10.1581;14-Nov-2008
105278;SBI Liquid Fund - Institutional Weekly Income Distribution cum Capital Withdrawal Option (IDCW);INF200K01LV9;INF200K01LW7;10.6102;10.6102;10.6102;14-Nov-2008
105281;SBI Liquid Fund - Regular Plan - Daily Income Distribution cum Capital Withdrawal Option (IDCW);;INF200K01LX5;10.0325;10.0325;10.0325;14-Nov-2008
105283;SBI Liquid Fund - Regular Plan - Fortnightly Income Distribution cum Capital Withdrawal Option (IDCW);INF200K01LY3;INF200K01LZ0;0;0;0;14-Nov-2008
105282;SBI Liquid Fund - Regular Plan - Weekly Income Distribution cum Capital Withdrawal Option (IDCW);INF200K01MB9;INF200K01MC7;0;0;0;14-Nov-2008
105280;SBI Liquid Fund - REGULAR PLAN -Growth;INF200K01MA1;;13.5182;13.5182;13.5182;14-Nov-2008

Sundaram Mutual Fund
102701;Sundaram Money Fund Institutional Plan - Daily Reinvestment of Income Distribution cum Capital Withdrawal (IDCW);;INF903J01GP2;10.0953;10.0953;10.0953;14-Nov-2008
102702;Sundaram Money Fund Institutional Plan - Fortnightly Reinvestment of Income Distribution cum Capital Withdrawal (IDCW);;INF903J01GR8;0.0000;0.0000;0.0000;14-Nov-2008
102703;Sundaram Money Fund Institutional Plan - Growth;INF903J01GN7;;17.9294;17.9294;17.9294;14-Nov-2008
102704;Sundaram Money Fund Institutional Plan - Monthly Income Distribution cum Capital Withdrawal (IDCW);INF903J01GO5;INF903J01GS6;10.3326;10.3326;10.3326;14-Nov-2008
102705;Sundaram Money Fund Institutional Plan - Quarterly Reinvestment of Income Distribution cum Capital Withdrawal (IDCW);;INF903J01GT4;10.8266;10.8266;0.0000;14-Nov-2008
102706;Sundaram Money Fund Institutional Plan - Weekly Reinvestment of Income Distribution cum Capital Withdrawal (IDCW);;INF903J01GQ0;10.5938;10.5938;10.5938;14-Nov-2008
103392;Sundaram Money Fund Regular Plan - Daily Reinvestment of Income Distribution cum Capital Withdrawal (IDCW);;INF903J01GW8;10.0953;10.0953;10.0953;14-Nov-2008
103395;Sundaram Money Fund Regular Plan - Fortnightly Reinvestment of Income Distribution cum Capital Withdrawal (IDCW);;INF903J01GY4;0.0000;0.0000;0.0000;14-Nov-2008
103397;Sundaram Money Fund Regular Plan - Growth;INF903J01GU2;;18.0716;18.0716;18.0716;14-Nov-2008
103396;Sundaram Money Fund Regular Plan - Monthly Income Distribution cum Capital Withdrawal (IDCW);INF903J01GV0;INF903J01GZ1;0.0000;0.0000;0.0000;14-Nov-2008
103393;Sundaram Money Fund Regular Plan - Quarterly Reinvestment of Income Distribution cum Capital Withdrawal (IDCW);;INF903J01HA2;0.0000;0.0000;0.0000;14-Nov-2008
100620;Sundaram Money Fund Retail Plan - Daily Reinvestment of Income Distribution cum Capital Withdrawal (IDCW);;INF903J01GI7;10.0953;10.0953;10.0953;14-Nov-2008
100622;Sundaram Money Fund Retail Plan - Fortnightly Reinvestment of Income Distribution cum Capital Withdrawal (IDCW);;INF903J01GK3;10.4028;10.4028;10.4028;14-Nov-2008
100618;Sundaram Money Fund Retail Plan - Growth;INF903J01GG1;;17.8106;17.8106;17.8106;14-Nov-2008
100623;Sundaram Money Fund Retail Plan - Monthly Income Distribution cum Capital Withdrawal (IDCW);INF903J01GH9;INF903J01GL1;10.2864;10.2864;10.2864;14-Nov-2008
100619;Sundaram Money Fund Retail Plan - Quarterly Reinvestment of Income Distribution cum Capital Withdrawal (IDCW);;INF903J01GM9;10.6252;10.6252;10.6252;14-Nov-2008
100621;Sundaram Money Fund Retail Plan - Weekly Reinvestment of Income Distribution cum Capital Withdrawal (IDCW);;INF903J01GJ5;10.5628;10.5628;10.5628;14-Nov-2008
103394;Sundaram Money Fund Regular Plan - Weekly Reinvestment of Income Distribution cum Capital Withdrawal (IDCW);;INF903J01GX6;10.6021;10.6021;10.6021;14-Nov-2008

Tata Mutual Fund
102672;Tata Liquid Fund -Regular Plan - Growth Option;INF277K01YD8;;13.4486;13.4486;13.4486;14-Nov-2008
101714;Tata Liquid Fund- Regular Plan - Daily Reinvestment of IDCW Option;;INF277K011D4;10.0152;10.0152;10.0152;14-Nov-2008

Taurus Mutual Fund
104240;Taurus Liquid Fund-Dividend;INF044D01542;INF044D01559;10.0114;10.0114;10.0114;14-Nov-2008
104241;Taurus Liquid Fund-Growth;INF044D01575;;11.5034;11.5034;11.5034;14-Nov-2008

UTI Mutual Fund
102010;UTI Liquid Fund - Regular Plan - Daily IDCW (Reinvestment);;INF789F01PG3;1019.4457;1019.4457;1019.4457;14-Nov-2008
102011;UTI Liquid Fund - Regular Plan - Monthly IDCW;INF789F01PI9;INF789F01PJ7;1028.0924;1028.0924;1028.0924;14-Nov-2008
102013;UTI Liquid Fund - Regular Plan - Weekly IDCW;;INF789F01PK5;1024.2489;1024.2489;1024.2489;14-Nov-2008
102012;UTI-  Liquid Cash Plan - Regular Plan - Growth Option;INF789F01PH1;;1405.4881;1405.4881;1405.4881;14-Nov-2008
102008;UTI-  Liquid Cash Plan- Discontinued - Regular Plan - Monthly Dividend Option;INF789F01BC2;INF789F01BA6;1054.0608;1054.0608;1054.0608;14-Nov-2008
102009;UTI-  Liquid Cash Plan- Discontinued - Regular Plan -Growth;INF789F01BB4;;1392.0479;1392.0479;1392.0479;14-Nov-2008
102007;UTI-  Liquid Cash Plan- Discontinued -Regular Plan Periodic Dividend Option;;INF789F01AZ5;1043.8709;1043.8709;1043.8709;14-Nov-2008

Open Ended Schemes ( Debt Scheme - Ultra Short Duration Fund )


Aditya Birla Sun Life Mutual Fund
101317;Aditya Birla Sun Life Savings Fund - Growth - Regular Plan;INF209K01LZ1;;16.1355;16.1355;16.1355;14-Nov-2008
101315;Aditya Birla Sun Life Savings Fund-Insititutional Fortnightly Dividend;;;10.6959;10.6959;10.6959;14-Nov-2008
105889;Aditya Birla Sun Life Savings Fund-Insititutional Plan - Monthly  Dividend;;;10.1359;10.1359;10.1359;14-Nov-2008
105888;Aditya Birla Sun Life Savings Fund-Regular - DAILY IDCW;INF209K01LY4;;10.0068;10.0068;10.0068;14-Nov-2008
105887;Aditya Birla Sun Life Savings Fund-Regular - weekly IDCW;INF209K01MA2;;10.0323;10.0323;10.0323;14-Nov-2008
109108;Aditya Birla Sun Life Savings Fund-Retail - Daily IDCW;INF209K01MB0;;10.0068;10.0068;10.0068;14-Nov-2008
105886;Aditya Birla Sun Life Savings Fund-Retail - Monthly Dividend;;INF209K01DJ2;10.1260;10.1260;10.1260;14-Nov-2008
101318;Aditya Birla Sun Life Savings Fund-Retail Fortnightly Dividend;;;11.0917;11.0917;11.0917;14-Nov-2008
101316;Aditya Birla Sun Life Savings Fund-Retail Growth;INF209K01MC8;;15.8952;15.8952;15.8952;14-Nov-2008
105881;Aditya Birla Sun Life Savings Fund-Weekly - retail IDCW;INF209K01MD6;;10.0319;10.0319;10.0319;14-Nov-2008

Bank of India Mutual Fund
109268;BANK OF INDIA Ultra Short Duration Fund- Institutional Plan- Daily Dividend;;;1000.0226;997.5225;1000.0226;14-Nov-2008
109265;BANK OF INDIA Ultra Short Duration Fund- Institutional Plan- Growth;INF761K01264;;1035.2413;1032.6532;1035.2413;14-Nov-2008
109267;BANK OF INDIA Ultra Short Duration Fund- Institutional Plan- Monthly Dividend;INF761K01280;INF761K01272;1005.3491;1002.8357;1005.3491;14-Nov-2008
109266;BANK OF INDIA Ultra Short Duration Fund- Institutional Plan- Weekly Dividend;;;1001.9683;999.4634;1001.9683;14-Nov-2008
109269;BANK OF INDIA Ultra Short Duration Fund- Regular Plan- Growth;INF761K01298;;1033.2613;1030.6781;1033.2613;14-Nov-2008
109264;BANK OF INDIA Ultra Short Duration Fund- Regular Plan- Weekly IDCW;;INF761K01CX5;1001.8721;999.3674;1001.8721;14-Nov-2008

Canara Robeco Mutual Fund
106326;Canara Robeco Ultra Short Term Fund - Institutional Plan- Daily Dividend Reinvestment Option;;INF760K01DR7;12.4071;12.4071;12.4071;14-Nov-2008
106330;Canara Robeco Ultra Short Term Fund - Institutional Plan- Growth option;INF760K01CN8;;14.0590;14.0590;14.0590;14-Nov-2008
109369;Canara Robeco Ultra Short Term Fund - Institutional Plan- Monthly Div Reinvest;INF760K01480;INF760K01498;12.4620;12.4620;12.4620;14-Nov-2008
106327;Canara Robeco Ultra Short Term Fund - Institutional Plan- Weekly Dividend Reinvestment option;;INF760K01CO6;12.4137;12.4137;12.4137;14-Nov-2008
109372;CANARA ROBECO ULTRA SHORT TERM FUND - REGULAR PLAN - DAILY IDCW (Reinvestment);;INF760K01DA3;12.4071;12.4071;12.4071;14-Nov-2008
109371;CANARA ROBECO ULTRA SHORT TERM FUND - REGULAR PLAN - GROWTH OPTION;INF760K01DC9;;12.8504;12.8504;12.8504;14-Nov-2008
109366;CANARA ROBECO ULTRA SHORT TERM FUND - REGULAR PLAN - WEEKLY IDCW (Payout/Reinvestment);INF760K01DE5;INF760K01DF2;12.4071;12.4071;12.4071;14-Nov-2008
106325;Canara Robeco Ultra Short Term Fund - Retail Plan- Daily Dividend Reinvestment Option;;INF760K01CP3;12.4071;12.4071;12.4071;14-Nov-2008
109360;Canara Robeco Ultra Short Term Fund - Retail Plan- Fortnightly Div Reinvest;;INF760K01CQ1;12.4141;12.4141;12.4141;14-Nov-2008
106329;Canara Robeco Ultra Short Term Fund - Retail Plan- Growth Option;INF760K01CR9;;14.0538;14.0538;14.0538;14-Nov-2008
106324;Canara Robeco Ultra Short Term Fund - Retail Plan- Income option;INF760K01DQ9;INF760K01548;13.8403;13.8403;13.8403;14-Nov-2008
109361;Canara Robeco Ultra Short Term Fund - Retail Plan- Monthly Div Reinvest;;INF760K01CS7;12.4621;12.4621;12.4621;14-Nov-2008
109359;Canara Robeco Ultra Short Term Fund - Retail Plan- Weekly Div Reinvest;;INF760K01CT5;12.4137;12.4137;12.4137;14-Nov-2008

DSP Mutual Fund
104138;DSP Ultra Short Fund - Regular Plan - Growth;INF740K01QQ3;;1181.5733;1181.5733;1181.5733;14-Nov-2008
104140;DSP Ultra Short Fund - Regular Plan - IDCW - Daily Reinvest;;INF740KA1NW4;1000.8000;1000.8000;1000.8000;14-Nov-2008
104139;DSP Ultra Short Fund - Regular Plan - IDCW - Weekly Reinvest;;;1000.8000;1000.8000;1000.8000;14-Nov-2008

Franklin Templeton Mutual Fund
107248;Franklin India Ultra Short Bond Fund - Institutional - Growth;INF090I01CG8;;10.8592;10.8321;10.8592;14-Nov-2008
109574;Franklin India Ultra Short Bond Fund - Institutional - Weekly Dividend;INF090I01CE3;INF090I01CF0;10.1895;10.1640;10.1895;14-Nov-2008
107251;Franklin India Ultra Short Bond Fund - Institutional Plan - Daily - IDCW;;INF090I01CD5;10.0111;9.9861;10.0111;14-Nov-2008
107247;Franklin India Ultra Short Bond Fund - Retail - Growth;INF090I01CK0;;10.8394;10.8123;10.8394;14-Nov-2008
107252;Franklin India Ultra Short Bond Fund - Retail Plan - Daily - IDCW;;INF090I01CH6;10.0106;9.9856;10.0106;14-Nov-2008
109575;Franklin India Ultra Short Bond Fund - Retail Plan - Weekly - IDCW;INF090I01CI4;INF090I01CJ2;10.0199;9.9949;10.0199;14-Nov-2008
107249;Franklin India Ultra Short Bond Fund - Super Institutional - Growth;INF090I01CN4;;10.8790;10.8518;10.8790;14-Nov-2008
107250;Franklin India Ultra Short Bond Fund - Super Institutional Plan - Daily - IDCW;;INF090I01CL8;10.0116;9.9866;10.0116;14-Nov-2008
109576;Franklin India Ultra Short Bond Fund - Super Institutional Plan - Weekly - IDCW;INF090I01CM6;;10.0207;9.9956;10.0207;14-Nov-2008

JM Financial Mutual Fund
104270;JM Money Manager Fund - Super Plan - Dividend option - Daily dividend;;;10.0096;10.0096;10.0096;14-Nov-2008
106100;JM Money Manager Fund - Super Plan - Dividend option - Fortnightly;;;10.0604;10.0604;10.0604;14-Nov-2008
106099;JM Money Manager Fund - Super Plan - Dividend option - Weekly dividend;;;10.1706;10.1706;10.1706;14-Nov-2008
104269;JM Money Manager Fund - Super Plan - Growth Plan;;;11.8212;11.8212;11.8212;14-Nov-2008
104268;JM Money Manager Fund - Super Plus Plan - Dividend option - Daily dividend;;;10.0041;10.0041;10.0041;14-Nov-2008
106103;JM Money Manager Fund - Super Plus Plan - Dividend option - Fortnightly;;;10.1258;10.1258;10.1258;14-Nov-2008
106102;JM Money Manager Fund - Super Plus Plan - Dividend option - Weekly dividend;;;10.2005;10.2005;10.2005;14-Nov-2008
104267;JM Money Manager Fund - Super Plus Plan - Growth option;;;11.9877;11.9877;11.9877;14-Nov-2008
104272;JM Ultra Short Duration Fund - Daily Dividend;;INF192K01AN8;10.0112;10.0112;10.0112;14-Nov-2008
106101;JM Ultra Short Duration Fund - Fortnightly Dividend;;INF192K01AP3;10.0278;10.0278;10.0278;14-Nov-2008
104271;JM Ultra Short Duration Fund - Growth option;INF192K01AQ1;;11.7473;11.7473;11.7473;14-Nov-2008
106104;JM Ultra Short Duration Fund - Weekly Dividend;;INF192K01AO6;10.1818;10.1818;10.1818;14-Nov-2008

Kotak Mahindra Mutual Fund
102591;Kotak Savings Fund -Growth;INF174K01FD6;;13.4556;13.4556;13.4556;14-Nov-2008
102592;Kotak Savings Fund -Monthly Payout of Income Distribution cum capital withdrawal option;INF174K01FH7;;10.0467;10.0467;10.0467;14-Nov-2008
102590;Kotak Savings Fund -Weekly Weekly Reinvestment of Income Distribution cum capital withdrawal option;INF174K01FF1;;10.084;10.084;10.084;14-Nov-2008
110575;Kotak Treasury Advantage Fund -Daily Reinvestment of Income Distribution cum capital withdrawal option;INF174K01FE4;;10.0798;10.0798;10.0798;14-Nov-2008

Principal Mutual Fund
107325;Principal Money Manager Fund-Regular Plan-Daily Dividend Option;;;10.0247;10.0247;10.0247;14-Nov-2008
107331;Principal Money Manager Fund-Regular Plan-Growth Option;;;10.6519;10.6519;10.6519;14-Nov-2008
107327;Principal Money Manager Fund-Regular Plan-Monthly Dividend Option;;;10.5283;10.5283;10.5283;14-Nov-2008
107326;Principal Money Manager Fund-Regular Plan-Weekly Dividend Option;;;10.1065;10.1065;10.1065;14-Nov-2008
107329;Principal Ultra Short Term Fund-Daily Income Distribution CUM Capital Withdrawal Option;;INF173K01CV7;10.0247;10.0247;10.0247;14-Nov-2008
107328;Principal Ultra Short Term Fund-Growth Option;INF173K01CU9;;10.4975;10.4975;10.4975;14-Nov-2008
107330;Principal Ultra Short Term Fund-Monthly Income Distribution CUM Capital Withdrawal Option;INF173K01CB9;INF173K01CC7;10.4006;10.4006;10.4006;14-Nov-2008
107332;Principal Ultra Short Term Fund-Weekly Income Distribution CUM Capital Withdrawal Option;;INF173K01CW5;10.1161;10.1161;10.1161;14-Nov-2008

SBI Mutual Fund
105080;SBI Magnum Ultra Short Duration Fund - Regular Plan - Daily Income Distribution cum Capital Withdrawal Option (IDCW);;INF200K01LK2;16.7503;16.7503;16.7503;14-Nov-2008
100641;SBI MAGNUM ULTRA SHORT DURATION FUND - REGULAR PLAN - GROWTH;INF200K01LJ4;;19.1057;19.1057;19.1057;14-Nov-2008
103884;SBI Magnum Ultra Short Duration Fund - Regular Plan - Weekly Income Distribution cum Capital Withdrawal Option (IDCW);INF200K01LM8;INF200K01LL0;10.7592;10.7592;10.7592;14-Nov-2008

UTI Mutual Fund
109501;UTI Ultra Short Duration Fund - Regular Plan - Daily IDCW (Reinvestment);;INF789F01554;1008.1975;1008.1975;0;14-Nov-2008
102532;UTI Ultra Short Duration Fund - Regular Plan - Growth Option;INF789F01570;;1384.287;1384.287;1384.287;14-Nov-2008
102531;UTI Ultra Short Duration Fund - Regular Plan - Weekly IDCW (Reinvestment);;INF789F01562;1041.6356;1041.6356;1041.6356;14-Nov-2008

Open Ended Schemes ( Debt Scheme - Low Duration Fund )


Aditya Birla Sun Life Mutual Fund
103192;Aditya Birla Sun Life Low Duration Fund - Growth Plan;INF209K01LQ0;;20.9270;20.9270;20.9270;14-Nov-2008
103195;Aditya Birla Sun Life Low Duration Fund - Institutional Plan - Growth;INF209K01KE8;;14.2780;14.2780;14.2780;14-Nov-2008
103191;Aditya Birla Sun Life Low Duration Fund -INSTITUTIONAL - DAILY IDCW;;INF209K01KD0;10.0030;10.0030;10.0030;14-Nov-2008
103194;Aditya Birla Sun Life Low Duration Fund -Institutional - weekly  IDCW;;INF209K01KG3;10.0077;10.0077;10.0077;14-Nov-2008
103193;Aditya Birla Sun Life Low Duration Fund -REGULAR - WEEKLY IDCW;;INF209KA1LQ4;10.0075;10.0075;10.0075;14-Nov-2008

Bandhan Mutual Fund
108633;BANDHAN Low Duration Fund - Regular Plan - Daily IDCW;INF194K01FW4;INF194K01FV6;10.0125;10.0125;10.0125;14-Nov-2008
108632;BANDHAN Low Duration Fund - Regular Plan - Growth;INF194K01FU8;;11.9282;11.9282;11.9282;14-Nov-2008
108635;BANDHAN Low Duration Fund - Regular Plan - Monthly IDCW;INF194K01FZ7;INF194K01FY0;10.0269;10.0269;10.0269;14-Nov-2008
108634;BANDHAN Low Duration Fund - Regular Plan - Weekly IDCW;INF194K01GC4;INF194K01GB6;10.0025;10.0025;10.0025;14-Nov-2008

Canara Robeco Mutual Fund
104559;CANARA ROBECO SAVINGS FUND - REGULAR PLAN - DAILY IDCW (Reinvestment);;INF760K01803;10.2600;10.2600;10.2600;14-Nov-2008
102913;CANARA ROBECO SAVINGS FUND - REGULAR PLAN - GROWTH OPTION;INF760K01795;;13.1471;13.1471;13.1471;14-Nov-2008
102914;CANARA ROBECO SAVINGS FUND - REGULAR PLAN - IDCW (Payout/Reinvestment);INF760K01779;INF760K01787;12.6414;12.6414;12.6414;14-Nov-2008
102915;CANARA ROBECO SAVINGS FUND - REGULAR PLAN - WEEKLY IDCW (Payout/Reinvestment);INF760K01CB3;INF760K01811;10.2653;10.2653;10.2653;14-Nov-2008

Franklin Templeton Mutual Fund
100503;Franklin India Low Duration Fund - Monthly - IDCW;INF090I01BQ9;INF090I01BR7;10.6022;10.6022;10.6022;14-Nov-2008
100504;Franklin India Low Duration Fund - Quarterly - IDCW;INF090I01BS5;INF090I01BT3;10.5223;10.5223;10.5223;14-Nov-2008
100506;Templeton Monthly Income Plan-Growth;;;20.8746;20.8746;20.8746;14-Nov-2008
100505;Templeton Monthly Income Plan-Half Yearly Dividend;;;11.0736;11.0736;11.0736;14-Nov-2008

HDFC Mutual Fund
105548;HDFC Low Duration  Fund - Daily IDCW;;INF179K01434;10.0315;10.0315;10.0315;14-Nov-2008
102452;HDFC Low Duration  Fund - Growth;INF179K01442;;18.5529;18.5529;18.5529;14-Nov-2008
105543;HDFC Low Duration  Fund - Monthly IDCW;INF179K01459;INF179K01467;10.0523;10.0523;10.0523;14-Nov-2008
102453;HDFC Low Duration  Fund - Weekly IDCW;INF179K01475;INF179K01483;10.0238;10.0238;10.0238;14-Nov-2008
105547;HDFC Low Duration Fund- Wholesale Daily Dividend;;INF179K01541;10.0315;10.0315;10.0315;14-Nov-2008
105546;HDFC Low Duration Fund- Wholesale Monthly Dividend;INF179K01509;INF179K01517;10.0549;10.0549;10.0549;14-Nov-2008
105545;HDFC Low Duration Fund- Wholesale Weekly Dividend;INF179K01525;;10.0242;10.0242;10.0242;14-Nov-2008
105544;HDFC Low Duration Fund- Wholesale- Growth;INF179K01491;;18.6541;18.6541;18.6541;14-Nov-2008

HSBC Mutual Fund
104344;HSBC Low Duration Fund  - Growth;INF336L01AH1;;11.8389;11.8389;11.8389;14-Nov-2008
104350;HSBC Low Duration Fund  - Regular - Growth;INF336L01AP4;;11.8004;11.8004;11.8004;14-Nov-2008
104342;HSBC Low Duration Fund - Daily IDCW;;INF336L01AO7;10.0122;10.0122;10.0122;14-Nov-2008
104346;HSBC Low Duration Fund - Inst. Plus - Monthly IDCW;INF336L01AN9;INF336L01AM1;10.3643;10.3643;10.3643;14-Nov-2008
104345;HSBC Low Duration Fund - Inst. Plus - Weekly IDCW;;INF336L01AK5;10.0520;10.0520;10.0520;14-Nov-2008
104349;HSBC Low Duration Fund - Inst.Plus - Daily IDCW;;INF336L01AS8;10.0431;10.0431;10.0431;14-Nov-2008
104351;HSBC Low Duration Fund - Regular Monthly IDCW;;INF336L01AG3;10.0125;10.0125;10.0125;14-Nov-2008
104343;HSBC Low Duration Fund - Weekly IDCW;;INF336L01AQ2;10.0488;10.0488;10.0488;14-Nov-2008
104347;HSBC Ultra Short Term Bond Fund - Inst. Plus - Growth;INF336L01AR0;;11.8808;11.8808;11.8808;14-Nov-2008

ICICI Prudential Mutual Fund
101618;ICICI Prudential Savings Fund - Daily IDCW;INF109K01738;;10.5735;10.5735;10.5735;14-Nov-2008
101619;ICICI Prudential Savings Fund - Growth;INF109K01746;;15.8124;15.8124;15.8124;14-Nov-2008
101617;ICICI Prudential Savings Fund - Weekly IDCW;INF109K01JO1;INF109K01753;10.5507;10.5507;10.5507;14-Nov-2008

Invesco Mutual Fund
105025;Invesco India Low Duration Fund - Daily IDCW (Reinvestment);;INF205K01HZ7;10.0157;10.0157;10.0157;14-Nov-2008
104726;Invesco India Low Duration Fund - Growth;INF205K01HY0;;11.6841;11.6841;11.6841;14-Nov-2008
104728;Invesco India Low Duration Fund - Regular - Growth;INF205K01HT0;;11.6038;11.6038;11.6038;14-Nov-2008
104723;Invesco India Low Duration Fund - Regular - Monthly IDCW (Reinvestment);;INF205K01HW4;10.0443;10.0443;10.0443;14-Nov-2008
104722;Invesco India Low Duration Fund - Regular - Weekly IDCW (Reinvestment);;INF205K01HV6;10.0248;10.0248;10.0248;14-Nov-2008
105024;Invesco India Low Duration Fund - Regular Daily IDCW (Reinvestment);;INF205K01HU8;10.0152;10.0152;10.0152;14-Nov-2008
104725;Invesco India Low Duration Fund - Weekly IDCW (Payout / Reinvestment);INF205K01IB6;INF205K01IA8;10.0257;10.0257;10.0257;14-Nov-2008
104724;Invesco India Ultra Short Term Fund - Regular - Bonus;INF205K01HX2;;11.1920;11.1920;11.1920;14-Nov-2008

LIC Mutual Fund
101830;LIC MF Low Duration Fund-Regular Plan-Growth;INF767K01AO5;;13.3921;13.3921;13.3921;14-Nov-2008
101829;LIC MF Low Duration Fund-Regular Plan-Monthly IDCW;INF767K01AM9;INF767K01AN7;10.0322;10.0322;10.0322;14-Nov-2008

Mirae Asset Mutual Fund
107694;Mirae Asset Savings Fund-Regular Plan- Bonus;INF769K01853;;993.3717;992.3783;993.3717;14-Nov-2008
107698;Mirae Asset Savings Fund-Regular Plan- Daily Dividend;;INF769K01895;952.5503;951.5977;952.5503;14-Nov-2008
107695;Mirae Asset Savings Fund-Regular Plan- Growth;INF769K01846;;999.6314;998.6318;999.6314;14-Nov-2008
107697;Mirae Asset Savings Fund-Regular Plan- Monthly Dividend;INF769K01879;INF769K01911;954.7421;953.7874;954.7421;14-Nov-2008
107699;Mirae Asset Savings Fund-Regular Plan- Quarterly Dividend;INF769K01887;INF769K01929;971.3123;970.3410;971.3123;14-Nov-2008
107696;Mirae Asset Savings Fund-Regular Plan- Weekly Dividend;;INF769K01903;952.4960;951.5435;952.4960;14-Nov-2008

Principal Mutual Fund
105462;Principal Floating Rate Fund - Conservative - Daily Dividend Option;;;10.0122;10.0122;10.0122;14-Nov-2008
102721;Principal Floating Rate Fund - FMP-Monthly Dividend;;;10.7134;10.6866;10.7134;14-Nov-2008
102720;Principal Floating Rate Fund - FMP-Weekly Dividend;;;10.0056;9.9806;10.0056;14-Nov-2008
102719;Principal Low Duration Fund - Growth;;;13.3991;13.3656;13.3991;14-Nov-2008
102723;Principal Low Duration Fund - Weekly Income Distribution CUM Capital Withdrawal Option;;INF173K01DI2;10.0057;10.0057;10.0057;14-Nov-2008
105461;Principal Low Duration Fund -Daily Income Distribution CUM Capital Withdrawal Option;;INF173K01DH4;10.0123;10.0123;10.0123;14-Nov-2008
102722;Principal Low Duration Fund- Growth Option;INF173K01DG6;;13.4851;13.4851;13.4851;14-Nov-2008
102724;Principal Low Duration Fund- Monthly Income Distribution CUM Capital Withdrawal Option;INF173K01DJ0;INF173K01DK8;10.5396;10.5396;10.5396;14-Nov-2008

SBI Mutual Fund
106213;SBI Magnum Low Duration Fund - Regular Plan - Daily Income Distribution cum Capital Withdrawal Option (IDCW);;INF200K01ML8;10.0048;10.0048;10.0048;14-Nov-2008
106215;SBI Magnum Low Duration Fund - Regular Plan - Fornightly Income Distribution cum Capital Withdrawal Option (IDCW);INF200K01MM6;INF200K01MN4;10.0643;10.0643;10.0643;14-Nov-2008
106212;SBI MAGNUM LOW DURATION FUND - REGULAR PLAN - GROWTH;INF200K01MO2;;11.0537;11.0537;11.0537;14-Nov-2008
106216;SBI Magnum Low Duration Fund - Regular Plan - Monthly Income Distribution cum Capital Withdrawal Option (IDCW);INF200K01MP9;INF200K01MQ7;10.2325;10.2325;10.2325;14-Nov-2008
106214;SBI Magnum Low Duration Fund - Regular Plan - Weekly Income Distribution cum Capital Withdrawal Option (IDCW);INF200K01MR5;INF200K01MS3;10.0807;10.0807;10.0807;14-Nov-2008
106221;SBI Short Horizon Debt Fund - Ultra Short Term Fund - Institutional Plan - Daily Income Distribution cum Capital Withdrawal Option (IDCW);;INF200K01MD5;10.0050;10.0050;10.0050;14-Nov-2008
106217;SBI Short Horizon Debt Fund - Ultra Short Term Fund - Institutional Plan - Growth;INF200K01MG8;;11.1252;11.1252;11.1252;14-Nov-2008
106224;SBI Short Horizon Debt Fund - Ultra Short Term Fund - Institutional Plan - Monthly Income Distribution cum Capital Withdrawal Option (IDCW);INF200K01MH6;INF200K01MI4;10.2800;10.2800;10.2800;14-Nov-2008
106222;SBI Short Horizon Debt Fund - Ultra Short Term Fund- Institutional Plan - Weekly Income Distribution cum Capital Withdrawal Option (IDCW);INF200K01MJ2;INF200K01MK0;10.0711;10.0711;10.0711;14-Nov-2008
106223;SBI Short Horizon Debt Fund -Ultra Short Term Fund - Institutional Plan - Fortnightly Income Distribution cum Capital Withdrawal Option (IDCW);INF200K01ME3;INF200K01MF0;0;0;0;14-Nov-2008

Sundaram Mutual Fund
105554;Sundaram Low Duration Fund Institutional Plan - Daily Reinvestment of Income Distribution cum Capital Withdrawal (IDCW);;INF903J01RE3;10.0250;10.0250;0.0000;14-Nov-2008
105560;Sundaram Low Duration Fund Institutional Plan - Fortnightly Income Distribution cum Capital Withdrawal (IDCW);INF903J01JM3;INF903J01EK8;0.0000;0.0000;0.0000;14-Nov-2008
105562;Sundaram Low Duration Fund Institutional Plan - Growth;INF903J01EG6;;11.3957;11.3957;0.0000;14-Nov-2008
105561;Sundaram Low Duration Fund Institutional Plan - Income Distribution cum Capital Withdrawal (IDCW);INF903J01EH4;INF903J01EL6;0.0000;0.0000;0.0000;14-Nov-2008
105559;Sundaram Low Duration Fund Institutional Plan - Weekly Income Distribution cum Capital Withdrawal (IDCW);INF903J01JL5;INF903J01EJ0;10.3795;10.3795;0.0000;14-Nov-2008
105555;Sundaram Low Duration Fund Institutional Plan -Income Distribution cum Capital Withdrawal (IDCW);INF903J01JN1;INF903J01EM4;10.6537;10.6537;0.0000;14-Nov-2008
105565;Sundaram Low Duration Fund Regular Plan - Daily Reinvestment of Income Distribution cum Capital Withdrawal (IDCW);;INF903J01EP7;10.0250;10.0250;0.0000;14-Nov-2008
105557;Sundaram Low Duration Fund Regular Plan - Fortnightly Income Distribution cum Capital Withdrawal (IDCW);INF903J01JP6;INF903J01ER3;0.0000;0.0000;0.0000;14-Nov-2008
105563;Sundaram Low Duration Fund Regular Plan - Growth;INF903J01EN2;;11.4436;11.4436;0.0000;14-Nov-2008
105566;Sundaram Low Duration Fund Regular Plan - Income Distribution cum Capital Withdrawal (IDCW);INF903J01EO0;INF903J01ES1;0.0000;0.0000;0.0000;14-Nov-2008
105556;Sundaram Low Duration Fund Regular Plan - Weekly Income Distribution cum Capital Withdrawal (IDCW);INF903J01JO9;INF903J01EQ5;10.3919;10.3919;0.0000;14-Nov-2008
105558;Sundaram Low Duration Fund Regular Plan -Income Distribution cum Capital Withdrawal (IDCW);INF903J01JQ4;INF903J01ET9;0.0000;0.0000;0.0000;14-Nov-2008
105553;Sundaram Low Duration Fund Retail Plan - Daily Reinvestment of Income Distribution cum Capital Withdrawal (IDCW);;INF903J01EB7;10.0250;10.0250;0.0000;14-Nov-2008
105550;Sundaram Low Duration Fund Retail Plan - Fortnightly Income Distribution cum Capital Withdrawal (IDCW);INF903J01JJ9;INF903J01ED3;10.2650;10.2650;0.0000;14-Nov-2008
105564;Sundaram Low Duration Fund Retail Plan - Growth;INF903J01DZ8;;11.3668;11.3668;0.0000;14-Nov-2008
105551;Sundaram Low Duration Fund Retail Plan - Income Distribution cum Capital Withdrawal (IDCW);INF903J01EA9;INF903J01EE1;10.2206;10.2206;0.0000;14-Nov-2008
105549;Sundaram Low Duration Fund Retail Plan - Weekly Income Distribution cum Capital Withdrawal (IDCW);INF903J01JI1;INF903J01EC5;10.3711;10.3711;0.0000;14-Nov-2008
105552;Sundaram Low Duration Fund Retail Plan -Income Distribution cum Capital Withdrawal (IDCW);INF903J01JK7;INF903J01EF8;10.6460;10.6460;0.0000;14-Nov-2008

Tata Mutual Fund
103159;Tata Treasury Advantage Fund - Regular Plan - Growth Option;INF277K01MA9;;12.6871;12.6871;12.7505;14-Nov-2008
103160;Tata Treasury Advantage Fund Regular Plan - Daily Reinvestment of IDCW Option;;INF277K01LZ8;10.0356;10.0356;10.0858;14-Nov-2008
103158;Tata Treasury Advantage Fund Regular Plan - Weekly Payout of IDCW Option;INF277K01MD3;INF277K01MB7;10.0886;10.0886;10.1390;14-Nov-2008

UTI Mutual Fund
102538;UTI Low Duration Fund - Discontinued - Annaul Dividend Option;INF789F01OK8;INF789F01OL6;1230.113;1230.113;1230.113;14-Nov-2008
105578;UTI Low Duration Fund - Discontinued - Periodic Dividend Plan;;INF789F01349;1027.8162;1027.8162;1027.8162;14-Nov-2008
102541;UTI Low Duration Fund - Discontinued - Quarterly Dividend Option;INF789F01OO0;INF789F01OP7;1247.4178;1247.4178;1247.4178;14-Nov-2008
102539;UTI Low Duration Fund - Discontinued Bonus Option;INF789F01OM4;;1448.8385;1448.8385;1448.8385;14-Nov-2008
105659;UTI Low Duration Fund - Discontinued Flexi Dividend Plan;INF789F01PA6;;1023.022;1023.022;1023.022;14-Nov-2008
102540;UTI Low Duration Fund - Discontinued Growth Option;INF789F01331;;2173.4998;2173.4998;2173.4998;14-Nov-2008
105670;UTI Low Duration Fund - Discontinued Monthly Dividend Option;INF789F01OY9;INF789F01OZ6;1021.0168;1021.0168;1021.0168;14-Nov-2008
102545;UTI Low Duration Fund - Regular Plan - Bonus Option;INF789F01OS1;;1336.1282;1336.1282;1336.1282;14-Nov-2008
105605;UTI Low Duration Fund - Regular Plan - Daily IDCW (Reinvestment);;INF789F01ON2;1000.214;1000.214;1000.214;14-Nov-2008
102544;UTI Low Duration Fund - Regular Plan - Growth Option;INF789F01OT9;;1141.8178;1141.8178;1141.8178;14-Nov-2008
105658;UTI Low Duration Fund - Regular Plan - Monthly IDCW;INF789F01OU7;INF789F01OV5;1002.9617;1002.9617;1002.9617;14-Nov-2008
105627;UTI Low Duration Fund - Regular Plan - Weekly IDCW;INF789F01PB4;INF789F01PC2;1002.112;1002.112;1002.112;14-Nov-2008

Open Ended Schemes ( Debt Scheme - Money Market Fund )


Aditya Birla Sun Life Mutual Fund
101975;Aditya Birla Sun Life Floating Rate Fund-Short Term Plan-Institutional Fortnightly Dividend;;;10.0000;10.0000;10.0000;14-Nov-2008
101973;Aditya Birla Sun Life Money Manager Fund - Daily IDCW;;INF209K01SZ6;10.0000;10.0000;10.0000;14-Nov-2008
101976;Aditya Birla Sun Life Money Manager Fund - Growth;INF209K01RV7;;11.3234;11.3234;11.3234;14-Nov-2008
101972;Aditya Birla Sun Life Money Manager Fund - Retail - Daily IDCW;;INF209K01JZ5;10.0015;10.0015;10.0015;14-Nov-2008
101970;Aditya Birla Sun Life Money Manager Fund - RETAIL - WEEKLY IDCW;;INF209K01JY8;10.3898;10.3898;10.3898;14-Nov-2008
101971;Aditya Birla Sun Life Money Manager Fund - Retail Growth;INF209K01MJ3;;14.0700;14.0700;14.0700;14-Nov-2008
101974;Aditya Birla Sun Life Money Manager Fund - WEEKLY IDCW;;INF209K01SY9;10.0225;10.0225;10.0225;14-Nov-2008
101969;Birla Sun Life Floating Rate - Long Term - Retail - Growth;;;14.2021;14.1879;14.2021;14-Nov-2008
101968;Birla Sun Life Floating Rate Fund-Long Term - Retail Plan-Dividend;;INF209K01DS3;10.3981;10.3877;10.3981;14-Nov-2008
105614;Birla Sun Life Floating Rate Fund-Long Term - Retail Plan-Weekly Dividend;;;10.0153;10.0053;10.0153;14-Nov-2008

Bandhan Mutual Fund
108698;Bandhan Money Market Fund - Daily Dividend;INF194K01MF5;INF194K01ME8;10.0015;10.0015;10.0015;14-Nov-2008
108697;Bandhan Money Market Fund - Growth;INF194K01MD0;;10.0841;10.0841;10.0841;14-Nov-2008
108701;Bandhan Money Market Fund - Regular Plan - Weekly IDCW;INF194K01LR2;INF194K01LQ4;10.0669;10.0669;10.0669;14-Nov-2008
108699;Bandhan Money Market Fund - Weekly Dividend;INF194K01MI9;INF194K01MH1;10.0000;10.0000;10.0000;14-Nov-2008
108650;BANDHAN Money Market Fund - Regular Plan - Daily IDCW;INF194K01LL5;INF194K01LK7;10.0699;10.0699;10.0699;14-Nov-2008
108756;BANDHAN Money Market Fund - Regular Plan - Growth;INF194K01LJ9;;13.7742;13.7742;13.7742;14-Nov-2008
108757;BANDHAN Money Market Fund - Regular Plan - Monthly IDCW;INF194K01LO9;INF194K01LN1;10.0663;10.0663;10.0663;14-Nov-2008

DSP Mutual Fund
100087;DSP Savings Fund - Regular Plan - Growth;INF740K01714;;18.6859;18.6859;18.6859;14-Nov-2008
100088;DSP Savings Fund - Regular Plan - IDCW;INF740K01706;INF740K01AJ2;11.1740;11.1740;11.1740;14-Nov-2008
100089;DSP Savings Fund - Regular Plan - IDCW - Monthly;INF740K01722;INF740K01AK0;10.1001;10.1001;10.1001;14-Nov-2008

Franklin Templeton Mutual Fund
101357;Franklin India Money Market Fund - Growth Option;INF090I01CA1;;15.3563;15.3563;15.3563;14-Nov-2008
101359;Franklin India Money Market Fund - Institutional Option - Dividend;INF090I01BW7;INF090I01BV9;10.3502;10.3502;10.3502;14-Nov-2008
101358;Franklin India Money Market Fund - Institutional Option - Growth;INF090I01BX5;;12.6675;12.6675;12.6675;14-Nov-2008
101356;Franklin India Money Market Fund Retail Option - Quarterly - IDCW;INF090I01BZ0;INF090I01BY3;10.7660;10.7660;10.7660;14-Nov-2008
105654;Templeton Floating Rate Income Fund -  Super Institutional Plan - Growth;INF090I01CB9;;11.3854;11.3854;11.3854;14-Nov-2008
105904;Templeton Floating Rate Income Fund - Super Institutional Plan - Daily Dividend;;INF090I01CC7;10.0067;10.0067;10.0067;14-Nov-2008
105655;Templeton Floating Rate Income Fund - Super Institutional Plan - Weekly Dividend;;;10.1516;10.1516;10.1516;14-Nov-2008
101352;Templeton Floating Rate Income Fund-Short Term Plan-Dividend Option;;;10.0613;10.0613;10.0613;14-Nov-2008
101353;Templeton Floating Rate Income Fund-Short Term Plan-Growth Option;;;15.4709;15.4709;15.4709;14-Nov-2008
101355;Templeton Floating Rate Income Fund-Short Term Plan-Institutional Option - Dividend;;;10.1479;10.1479;10.1479;14-Nov-2008
101354;Templeton Floating Rate Income Fund-Short Term Plan-Institutional Option - Growth;;;12.7318;12.7318;12.7318;14-Nov-2008

HDFC Mutual Fund
101994;HDFC Money Market Fund - Daily IDCW Option;;INF179KB1IG6;10.6364;10.6364;10.6364;14-Nov-2008
101993;HDFC Money Market Fund - Growth Option;INF179KB1HR5;;17.8691;17.8691;17.8691;14-Nov-2008
101995;HDFC Money Market Fund - Weekly IDCW Option;INF179KB1IH4;INF179KB1II2;10.6431;10.6431;10.6431;14-Nov-2008

ICICI Prudential Mutual Fund
101221;ICICI Prudential Money Market Fund Retail Growth (erstwhile Cash Option);INF109K01TW3;;14.3602;14.3602;14.3602;14-Nov-2008
103634;ICICI Prudential Money Market Fund Option - Daily IDCW;INF109K01TY9;;10.0010;10.0010;10.0010;14-Nov-2008
103633;ICICI Prudential Money Market Fund Option - Growth;INF109K01TX1;;12.2017;12.2017;12.2017;14-Nov-2008
103637;ICICI Prudential Money Market Fund Option - Monthly IDCW;INF109K01UC3;INF109K01UB5;10.0381;10.0381;10.0381;14-Nov-2008
103635;ICICI Prudential Money Market Fund Option - Weekly IDCW;INF109K01TZ6;;10.0126;10.0126;10.0126;14-Nov-2008
103636;ICICI Prudential Money Market Fund Option -Fortnightly IDCW;INF109K01UA7;;10.0139;10.0139;10.0139;14-Nov-2008

Kotak Mahindra Mutual Fund
106842;Kotak Money Market Fund - (Daily Reinvestment of Income Distribution cum capital withdrawal option);INF174K01ND0;;10.0428;10.0428;10.0428;14-Nov-2008
101893;Kotak Money Market Fund - (Growth);INF174K01NA6;;14.1179;14.1179;14.1179;14-Nov-2008
101892;Kotak Money market Fund - (Monthly Payout of Income Distribution cum capital withdrawal option);INF174K018O0;INF174K01NB4;10.0068;10.0068;10.0068;14-Nov-2008
101894;Kotak Money Market Fund - (Weekly Reinvestment of Income Distribution cum capital withdrawal option);INF174K01NC2;;10.0285;10.0285;10.0285;14-Nov-2008

Nippon India Mutual Fund
103050;NIPPON INDIA MONEY MARKET FUND - DAILY IDCW Option;;INF204K01UY6;10.0031;10.0031;10.0031;14-Nov-2008
103052;NIPPON INDIA MONEY MARKET FUND - MONTHLY IDCW Option;INF204K01VB2;INF204K01VC0;12.8600;12.8600;12.8600;14-Nov-2008
103051;NIPPON INDIA MONEY MARKET FUND - WEEKLY IDCW Option;;INF204K01UZ3;10.0019;10.0019;10.0019;14-Nov-2008
103048;Nippon India Money Market Fund-Growth Plan-Growth Option;INF204K01VA4;;12.8599;12.8599;12.8599;14-Nov-2008

quant Mutual Fund
103465;Quant Money Market Fund-Dividend Option;INF966L01382;INF966L01390;12.1898;12.1898;12.1898;14-Nov-2008
103464;Quant Money Market Fund-Growth Option;INF966L01408;;12.1898;12.1898;12.1898;14-Nov-2008

SBI Mutual Fund
102503;SBI  SAVINGS FUND - REGULAR PLAN - GROWTH;INF200K01636;;12.8105;12.7849;12.8105;14-Nov-2008
102504;SBI Savings Fund - Regular Plan - Income Distribution cum Capital Withdrawal Option (IDCW);INF200K01644;INF200K01651;10.1727;10.1524;10.1727;14-Nov-2008
102860;SBI Savings Fund - Regular Plan Weekly Income Distribution cum Capital Withdrawal Option (IDCW);INF200K01669;INF200K01677;10.2537;10.2332;10.2537;14-Nov-2008

Tata Mutual Fund
101986;Tata Money Market Fund- Regular Plan - Daily Reinvestment of IDCW Option;;INF277K014C0;1114.5200;1114.5200;1114.5200;14-Nov-2008
101847;Tata Money Market Fund-Regular Plan - Growth Option;INF277K01LQ7;;1581.4704;1581.4704;1581.4704;14-Nov-2008

UTI Mutual Fund
100724;UTI MMF- Discontinued - Regular Plan - Flexi Dividend Option;;INF789F01BD0;18.2667;18.2667;18.2667;14-Nov-2008
100725;UTI MMF- Discontinued - Regular Plan - Periodic Dividend Option;INF789F01BE8;;18.1573;18.1573;18.1573;14-Nov-2008
100723;UTI MMF-Discontinued - Regular Plan -Growth;INF789F01BF5;;23.9092;23.9092;23.9092;14-Nov-2008

Open Ended Schemes ( Debt Scheme - Short Duration Fund )


Aditya Birla Sun Life Mutual Fund
101844;Aditya Birla Sun Life Short Term Fund - Growth - Regular Plan;INF209K01942;;12.9683;12.9424;12.9683;14-Nov-2008
101843;Aditya Birla Sun Life Short Term Fund - REGULAR - IDCW;INF209K01975;INF209K01DK0;10.2416;10.2211;10.2416;14-Nov-2008
109216;Aditya Birla Sun Life Short Term Fund-Institutional Dividend Plan;INF209K01959;;10.0000;9.9800;10.0000;14-Nov-2008
109213;Aditya Birla Sun Life Short Term Fund-Institutional Growth Plan;INF209K01967;;10.2629;10.2424;10.2629;14-Nov-2008

Bandhan Mutual Fund
108713;BANDHAN Bond Fund - Short Term - Regular Plan - Fortnightly IDCW;INF194K01HK5;INF194K01HJ7;10.0308;10.0308;10.0308;14-Nov-2008
108718;BANDHAN Bond Fund - Short Term Plan - Plan C  - Monthly Dividend;INF194K01HY6;INF194K01HX8;10.0011;10.0011;10.0011;14-Nov-2008
108719;BANDHAN Bond Fund - Short Term Plan - Plan D - Growth;INF194K01IA4;;10.5706;10.5706;10.5706;14-Nov-2008
108720;BANDHAN Bond Fund - Short Term Plan - Plan D - Monthly Dividend;INF194K01IF3;INF194K01IE6;9.9779;9.9779;9.9779;14-Nov-2008

DSP Mutual Fund
101306;DSP Short Term Fund - IDCW - Monthly;INF740K01664;INF740K01AG8;10.6609;10.6609;10.6609;14-Nov-2008
101304;DSP Short Term Fund - Regular Plan - Growth;INF740K01656;;14.6817;14.6817;14.6817;14-Nov-2008
101305;DSP Short Term Fund - Regular Plan - IDCW;INF740K01649;INF740K01AF0;10.8074;10.8074;10.8074;14-Nov-2008
101303;DSP Short Term Fund - Regular Plan - Regular Plan - IDCW - Weekly;INF740KA1PF4;;10.1800;10.1800;10.1800;14-Nov-2008

Franklin Templeton Mutual Fund
101236;Franklin India Short Term Income Plan -  Retail Plan - Monthly - IDCW;INF090I01338;INF090I01346;1063.6372;1063.6372;1063.6372;14-Nov-2008
101238;Franklin India Short Term Income Plan -  Retail Plan - Quarterly - IDCW;INF090I01312;INF090I01320;1042.4967;1042.4967;1042.4967;14-Nov-2008
101242;Franklin India Short Term Income Plan -  Retail Plan - Weekly - IDCW;INF090I01353;;1074.5845;1074.5845;1074.5845;14-Nov-2008
101232;Franklin India Short-Term Income Plan-Growth;INF090I01304;;1570.0314;1570.0314;1570.0314;14-Nov-2008
101244;Franklin India Short-Term Income Plan-Institutional Plan - Growth;INF090I01361;;1257.1269;1253.9841;1257.1269;14-Nov-2008
101246;Franklin India Short-Term Income Plan-Institutional Plan - Monthly Dividend;INF090I01387;INF090I01395;1093.7165;1090.9822;1093.7165;14-Nov-2008
101237;Franklin India Short-Term Income Plan-Weekly Bonus;INF090I01DY9;;1068.6234;1068.6234;1068.6234;14-Nov-2008
101245;Templeton India Short-Term Income Plan-Institutional Plan - Weekly Dividend;;INF090I01379;999.2179;996.7199;999.2179;14-Nov-2008

HSBC Mutual Fund
101597;HSBC Income Fund - Short Term - Inst. - Growth;INF336L01966;;11.2732;11.2732;11.2732;14-Nov-2008
108254;HSBC Income Fund Short Term Instl Plus Weekly IDCW;;INF336L01958;0.0000;0.0000;0.0000;14-Nov-2008
101598;HSBC Income Fund-Short Term-Institutional-IDCW;INF336L01974;INF336L01AB4;10.2427;10.2427;10.2427;14-Nov-2008
104429;HSBC Short Duration Fund - Closed (Direct - Monthly IDCW);;INF336L01982;10.0721;10.0721;10.0721;14-Nov-2008
101600;HSBC Short Duration Fund - Closed (Monthly IDCW);INF336L01990;INF336L01AA6;11.0229;11.0229;11.0229;14-Nov-2008
104430;HSBC Short Duration Fund - Institutional-Weekly IDCW;;INF336L01AC2;10.4631;10.4631;10.4631;14-Nov-2008
101599;HSBC Short Duration Fund - Regular Growth;INF336L01917;;14.3715;14.3715;14.3715;14-Nov-2008

ICICI Prudential Mutual Fund
101758;ICICI Prudential Short Term Fund - Growth Option;INF109K01654;;16.3100;16.3100;16.3100;14-Nov-2008
101759;ICICI Prudential Short Term Fund - Reinvestment of IDCW Fortnightly;INF109KB12M9;INF109K01662;11.0257;11.0257;11.0257;14-Nov-2008
101165;ICICI Prudential Short Term Fund - Monthly IDCW;INF109K01WL0;INF109K01647;10.9452;10.9452;10.9452;14-Nov-2008
101229;ICICI Prudential Short Term Fund - Institutional Plan - Dividend Monthly;INF109K01WK2;INF109K01670;11.2347;11.2347;11.2347;14-Nov-2008
101231;ICICI Prudential Short Term Fund-Institutional Growth;INF109K01696;;16.5501;16.5501;16.5501;14-Nov-2008
101230;ICICI Prudential Short Term Fund-Institutional Plan-Dividend Fortnightly;INF109K01688;;11.2849;11.2849;11.2849;14-Nov-2008

Invesco Mutual Fund
105185;Invesco India Short Duration Fund - Growth;INF205K01UN6;;11.4985;11.4698;11.4985;14-Nov-2008
105191;Invesco India Short Duration Fund - Monthly IDCW (Payout / Reinvestment);INF205K01UO4;INF205K01UP1;10.1958;10.1703;10.1958;14-Nov-2008
105189;Invesco India Short Duration Fund - Plan B - Growth;INF205K01UR7;;11.5473;11.5300;11.5473;14-Nov-2008
105187;Invesco India Short Duration Fund - Plan B - Monthly IDCW (Payout / Reinvestment);INF205K01US5;INF205K01UT3;10.1993;10.1840;10.1993;14-Nov-2008
105192;Invesco India Short Duration Fund - Plan B - Weekly IDCW (Reinvestment);;INF205K01UU1;10.1666;10.1514;10.1666;14-Nov-2008
105190;Invesco India Short Duration Fund - Weekly IDCW (Reinvestment);;INF205K01UV9;10.1636;10.1382;10.1636;14-Nov-2008
105186;Invesco India Short Term Fund- Plan B - Daily Dividend;;INF205K01UQ9;10.0158;10.0008;10.0158;14-Nov-2008

JM Financial Mutual Fund
101524;JM Short Term Fund - Dividend Option;INF192K01BE5;INF192K01BF2;10.3328;10.3328;10.3328;14-Nov-2008
101521;JM Short Term Fund - Growth Option;INF192K01BG0;;11.3853;11.3853;11.3853;14-Nov-2008
101519;JM Short Term Fund - Regular Plan - Dividend Option;INF192K01BA3;INF192K01BB1;11.3942;11.3942;11.3942;14-Nov-2008
101520;JM Short Term Fund - Regular Plan - Growth Option;INF192K01BC9;;15.8935;15.8935;15.8935;14-Nov-2008

Kotak Mahindra Mutual Fund
101373;Kotak Bond Short Term Plan-(Growth);INF174K01ES7;;15.2871;15.2871;15.2871;14-Nov-2008
101372;Kotak Bond Short Term Plan-(Payout of Income Distribution cum capital withdrawal option);INF174K01EU3;INF174K01ET5;10.0255;10.0255;10.0255;14-Nov-2008

Nippon India Mutual Fund
101667;NIPPON INDIA SHORT DURATION FUND - MONTHLY IDCW Option;INF204K01FM2;INF204K01FN0;10.5621;10.5621;10.5621;14-Nov-2008
101669;NIPPON INDIA SHORT TERM FUND - QUARTERLY IDCW OPTION;INF204K01FO8;INF204K01FP5;12.9533;12.9533;12.9533;14-Nov-2008
101665;Nippon India Short Term Fund-Growth Plan;INF204K01FL4;;14.9392;14.9392;14.9392;14-Nov-2008

Principal Mutual Fund
101467;Principal Income Fund - Short Term Plan-Institutional - Weekly Dividend Plan;;;10.8331;10.8331;10.8331;14-Nov-2008
101466;Principal Short Term Debt Fund - Income Distribution CUM Capital Withdrawal Option - Monthly;INF173K01BB1;INF173K01BC9;11.0051;11.0051;11.0051;14-Nov-2008
101465;Principal Short Term Debt Fund- Growth Plan;INF173K01BA3;;14.0130;14.0130;14.0130;14-Nov-2008
101462;Principal Short Term Plan-Dividend;;;10.2729;10.2472;10.2729;14-Nov-2008
101463;Principal Short Term Plan-Growth;;;15.0321;14.9945;15.0321;14-Nov-2008

SBI Mutual Fund
106230;SBI Short Horizon Debt Fund - Short Term Fund - Retail Dividend - Fortnightly Income Distribution cum Capital Withdrawal Option (IDCW);INF200K01IA9;INF200K01IB7;10.1180;10.1180;10.1180;14-Nov-2008
106229;SBI Short Horizon Debt Fund - Short Term Fund - Retail Dividend - Monthly Income Distribution cum Capital Withdrawal Option (IDCW);INF200K01IC5;INF200K01ID3;10.1523;10.1015;10.1523;14-Nov-2008
106228;SBI Short Horizon Debt Fund - Short Term Fund - Retail Dividend - Weekly Income Distribution cum Capital Withdrawal Option (IDCW);INF200K01IE1;INF200K01IF8;10.1098;10.0593;10.1098;14-Nov-2008
106227;SBI SHORT HORIZON DEBT FUND-SHORT TERM FUND - RETAIL - GROWTH;INF200K01IG6;;10.8923;10.8378;10.8923;14-Nov-2008
106233;SBI Short Term Debt Fund - Regular Plan - Monthly Income Distribution cum Capital Withdrawal Option (IDCW);INF200K01HV7;INF200K01HW5;10.4460;10.4460;10.4460;14-Nov-2008
106231;SBI SHORT TERM DEBT FUND - REGULAR PLAN -GROWTH;INF200K01HZ8;;0;0;0;14-Nov-2008
106234;SBI Short Term Debt Fund - Regular Plan Fortnightly Income Distribution cum Capital Withdrawal Option (IDCW);INF200K01HT1;INF200K01HU9;0;0;0;14-Nov-2008
106232;SBI Short Term Debt Fund - Regular Plan Weekly Income Distribution cum Capital Withdrawal Option (IDCW);INF200K01HX3;INF200K01HY1;0;0;0;14-Nov-2008

Sundaram Mutual Fund
101572;Sundaram Seleic Asset Plan-Half-yearly Dividendct  Debt-Dynam;;;10.1386;10.1386;10.1386;14-Nov-2008
101565;Sundaram Short Term Debt Fund Regular Plan - Fortnightly Income Distribution cum Capital Withdrawal (IDCW);INF903J01FI9;INF903J01FO7;10.8103;10.8103;10.8103;14-Nov-2008
101563;Sundaram Short Term Debt Fund Regular Plan - Growth;INF903J01FG3;;14.7660;14.7660;14.7660;14-Nov-2008
101566;Sundaram Short Term Debt Fund Regular Plan - Income Distribution cum Capital Withdrawal (IDCW);INF903J01FJ7;INF903J01FP4;10.7280;10.7280;10.7280;14-Nov-2008
101564;Sundaram Short Term Debt Fund Regular Plan - Weekly Income Distribution cum Capital Withdrawal (IDCW);INF903J01FH1;INF903J01FN9;11.1566;11.1566;11.1566;14-Nov-2008
101560;Sundaram Short Term Debt Fund Regular Plan -Income Distribution cum Capital Withdrawal ( IDCW );INF903J01FK5;;11.0937;11.0937;11.0937;14-Nov-2008
101561;Sundaram Short Term Debt Fund Regular Plan- Income Distribution cum Capital Withdrawal (IDCW );INF903J01FL3;;10.7520;10.7520;10.7520;14-Nov-2008
101562;Sundaram Short Term Debt Fund Regular Plan- Income Distribution cum Capital Withdrawal (IDCW);INF903J01FM1;;10.7655;10.7655;10.7655;14-Nov-2008

Tata Mutual Fund
101548;Tata Short Term Bond Fund -Regular Plan- Growth Option;INF277K01972;;15.3807;15.3807;15.3807;14-Nov-2008
101547;Tata Short Term Bond Fund- Regular Plan - Monthly Payout of IDCW Option;INF277K01EI9;INF277K01964;11.5136;11.5136;11.5136;14-Nov-2008

Taurus Mutual Fund
101113;Taurus Short Term Income Fund- Regular Plan - Dividend Option;INF044D01583;INF044D01591;14.8469;14.8098;14.8469;14-Nov-2008
101114;Taurus Short Term Income Fund- Regular Plan - Growth Option;INF044D01617;;15.3052;15.2669;15.3052;14-Nov-2008

UTI Mutual Fund
106383;UTI Short Duration Fund - Discontinued Regular Option - Dividend Sub Option;INF789F01AH3;INF789F01AI1;10.8578;10.8578;10.8578;14-Nov-2008
106384;UTI Short Duration Fund - Discontinued Regular Option -Growth Sub Option;INF789F01AJ9;;14.0547;14.0547;14.0547;14-Nov-2008

Open Ended Schemes ( Debt Scheme - Medium Duration Fund )


Bandhan Mutual Fund
108730;BANDHAN Bond Fund - Medium Term - Regular Plan - Bi-Monthly IDCW;INF194K01KF9;INF194K01KE2;10.2066;10.2066;10.2066;14-Nov-2008
108731;BANDHAN Bond Fund - Medium Term - Regular Plan - Daily IDCW;INF194K01JW6;INF194K01JV8;10.0137;10.0137;10.0137;14-Nov-2008
108729;BANDHAN Bond Fund - Medium Term - Regular Plan - Fortnightly IDCW;INF194K01KI3;INF194K01KH5;10.0129;10.0129;10.0129;14-Nov-2008
108728;BANDHAN Bond Fund - Medium Term - Regular Plan - Growth;INF194K01JU0;;13.1894;13.1894;13.1894;14-Nov-2008
108727;BANDHAN Bond Fund - Medium Term - Regular Plan - Monthly IDCW;INF194K01KC6;INF194K01KB8;10.0310;10.0310;10.0310;14-Nov-2008

DSP Mutual Fund
100078;DSP Bond Fund - Growth;INF740K01557;;26.8333;26.6991;26.8333;14-Nov-2008
100077;DSP Bond Fund - IDCW;INF740K01565;INF740K01995;10.6917;10.6382;10.6917;14-Nov-2008
100079;DSP Bond Fund - IDCW - Monthly;INF740K01573;INF740K01AA1;10.5917;10.5387;10.5917;14-Nov-2008

HDFC Mutual Fund
101990;HDFC Medium Term Debt Fund - Fornightly IDCW Option;INF179K01897;INF179K01905;10.6113;10.6113;10.6113;14-Nov-2008
101989;HDFC Medium Term Debt Fund - Growth Option;INF179K01913;;15.8245;15.8245;15.8245;14-Nov-2008

ICICI Prudential Mutual Fund
102742;ICICI Prudential Medium Term Bond Fund - Dividend;INF109K01UE9;INF109K01AG6;10.2689;10.2176;10.2689;14-Nov-2008
102741;ICICI Prudential Medium Term Bond Fund - Growth;INF109K01AH4;;13.0591;12.9938;13.0591;14-Nov-2008
102743;ICICI Prudential Medium Term Bond Fund-Plan B-Growth;INF109K01AJ0;;13.2849;13.2849;13.2849;14-Nov-2008

SBI Mutual Fund
102053;SBI MAGNUM MEDIUM DURATION FUND - REGULAR PLAN - GROWTH;INF200K01719;;12.8778;12.7490;12.8778;14-Nov-2008
102054;SBI Magnum Medium Duration Fund - Regular Plan - Income Distribution cum Capital Withdrawal Option (IDCW);INF200K01727;INF200K01735;9.5266;9.4313;9.5266;14-Nov-2008

Sundaram Mutual Fund
100608;Sundaram Medium Duration Fund (Formerly Known as Sundaram Medium Term Bond Fund) Institutional Plan - Growth;INF903J01FY6;;0.0000;0.0000;0.0000;14-Nov-2008
100611;Sundaram Medium Duration Fund (Formerly Known as Sundaram Medium Term Bond Fund) Institutional Plan -Growth;INF903J01GF3;;12.7739;12.7739;12.7739;14-Nov-2008
100607;Sundaram Medium Duration Fund (Formerly Known as Sundaram Medium Term Bond Fund) Institutional Plan -Income Distribution cum Capital Withdrawal (IDCW);INF903J01GB2;INF903J01GE6;0.0000;0.0000;0.0000;14-Nov-2008
100606;Sundaram Medium Duration Fund (Formerly Known as Sundaram Medium Term Bond Fund) Institutional Plan- Income Distribution cum Capital Withdrawal (IDCW);INF903J01GA4;INF903J01GD8;0.0000;0.0000;0.0000;14-Nov-2008
100605;Sundaram Medium Duration Fund (Formerly Known as Sundaram Medium Term Bond Fund) Institutional Plan- Income Distribution cum Capital Withdrawal(IDCW );INF903J01FZ3;INF903J01GC0;0.0000;0.0000;0.0000;14-Nov-2008
100603;Sundaram Medium Duration Fund (Formerly Known as Sundaram Medium Term Bond Fund) Regular Plan - Growth;INF903J01FQ2;;24.6472;24.6472;24.6472;14-Nov-2008
100604;Sundaram Medium Duration Fund (Formerly Known as Sundaram Medium Term Bond Fund) Regular Plan -Growth;INF903J01FX8;;12.9835;12.9835;12.9835;14-Nov-2008
100610;Sundaram Medium Duration Fund (Formerly Known as Sundaram Medium Term Bond Fund) Regular Plan -Income Distribution cum Capital Withdrawal (IDCW);INF903J01FT6;INF903J01FW0;10.1455;10.1455;10.1455;14-Nov-2008
100609;Sundaram Medium Duration Fund (Formerly Known as Sundaram Medium Term Bond Fund) Regular Plan- Income Distribution cum Capital Withdrawal(IDCW);INF903J01FS8;INF903J01FV2;10.1433;10.1433;10.1433;14-Nov-2008
100602;Sundaram Medium Duration Fund (Formerly Known as Sundaram Medium Term Bond Fund) Regular Plan-Income Distribution cum Capital Withdrawal(IDCW);INF903J01FR0;INF903J01FU4;10.2153;10.2153;10.2153;14-Nov-2008

Tata Mutual Fund
101703;Tata Medium Term Fund -Regular Plan - Growth Option;INF277K01717;;13.9059;13.8364;13.9059;14-Nov-2008
101605;Tata Medium Term Fund- Regular Plan - Payout of IDCW option;INF277K01DW2;INF277K01709;10.8148;10.7607;10.8148;14-Nov-2008
101704;Tata Medium Term Fund B - Growth Option;INF277K01733;;13.9425;13.8728;13.9425;14-Nov-2008
101606;Tata Medium Term Fund B - Income / Bonus Option;INF277K01DX0;;10.7359;10.6822;10.7359;14-Nov-2008

Open Ended Schemes ( Debt Scheme - Medium to Long Duration Fund )


Aditya Birla Sun Life Mutual Fund
100038;Aditya Birla Sun Life Income Fund - Growth - Regular Plan;INF209K01579;;35.2998;35.0351;35.2998;14-Nov-2008
100037;Aditya Birla Sun Life Income Fund - Regular - Quarterly IDCW;INF209K01587;INF209K01CY3;10.4082;10.3301;10.4082;14-Nov-2008

Bandhan Mutual Fund
108766;BANDHAN Bond Fund - Income Plan - Regular Plan - Annual IDCW;INF194K01IN7;INF194K01IM9;11.1825;11.1825;11.1825;14-Nov-2008
108765;BANDHAN Bond Fund - Income Plan - Regular Plan - Growth;INF194K01IL1;;19.8079;19.8079;19.8079;14-Nov-2008
108763;BANDHAN Bond Fund - Income Plan - Regular Plan - Half-yearly IDCW;INF194K01IQ0;INF194K01IP2;10.6748;10.6748;10.6748;14-Nov-2008
108764;BANDHAN Bond Fund - Income Plan - Regular Plan - Quarterly IDCW;INF194K01IT4;INF194K01IS6;10.5633;10.5633;10.5633;14-Nov-2008
108768;BANDHAN Bond Fund - Short Term - Regular Plan - Growth;INF194K01HF5;;16.5832;16.5832;16.5832;14-Nov-2008
108767;BANDHAN Bond Fund - Short Term - Regular Plan - Monthly IDCW;INF194K01HH1;INF194K01HG3;10.0368;10.0368;10.0368;14-Nov-2008

Baroda BNP Paribas Mutual Fund
101155;BARODA INCOME FUND - Plan A - Dividend Option;INF955L01211;INF955L01229;13.7607;13.6919;13.7607;14-Nov-2008
101154;BARODA INCOME FUND - Plan A - Growth Option;INF955L01237;;13.7582;13.6894;13.7582;14-Nov-2008

Canara Robeco Mutual Fund
101588;CANARA ROBECO INCOME FUND - REGULAR PLAN - GROWTH OPTION;INF760K01324;;16.7233;16.7233;16.7233;14-Nov-2008
101587;CANARA ROBECO INCOME FUND - REGULAR PLAN - QUARTERLY IDCW (Payout/Reinvestment);INF760K01340;INF760K01357;15.2372;15.2372;15.2372;14-Nov-2008
101589;Canara Robeco Income Fund-Bonus option;INF760K01365;;15.4224;15.4224;15.4224;14-Nov-2008

HDFC Mutual Fund
100124;HDFC Income Fund - Growth Option;INF179K01962;;18.1691;18.1691;18.1691;14-Nov-2008
100123;HDFC Income Fund - Quarterly IDCW Option;INF179K01947;INF179K01954;10.2284;10.2284;10.2284;14-Nov-2008

HSBC Mutual Fund
101688;HSBC Income Fund - Investment - Inst. - Dividend;INF336L01834;INF336L01842;10.1991;10.0971;10.1991;14-Nov-2008
101687;HSBC Income Fund - Investment - Inst. - Growth;INF336L01826;;0.0000;0.0000;0.0000;14-Nov-2008
101685;HSBC Medium to Long Duration Fund - Regular Growth;INF336L01776;;13.8951;13.7561;13.8951;14-Nov-2008
101686;HSBC Medium to Long Duration Fund - Regular Quarterly IDCW;INF336L01784;INF336L01792;10.6904;10.5835;10.6904;14-Nov-2008

ICICI Prudential Mutual Fund
109740;ICICI Prudential Bond Fund - Growth;INF109K01BO8;;10.1234;10.0728;10.1234;14-Nov-2008
109741;ICICI Prudential Bond Fund - IDCW Monthly;INF109K01EU9;INF109K01BP5;10.1234;10.0728;10.1234;14-Nov-2008

JM Financial Mutual Fund
100223;JM Medium to Long Duration Fund (Regular) - Growth Option;INF192K01AB3;;28.9296;28.9296;28.9296;14-Nov-2008
100222;JM Medium to Long Duration Fund (Regular) - Quarterly IDCW;INF192K01999;INF192K01AA5;10.2351;10.2351;10.2351;14-Nov-2008
101181;JM Medium to Long Duration Fund (Regular) - Bonus Option- Principal Units;INF192K01AC1;;11.8354;11.8354;11.8354;14-Nov-2008

Kotak Mahindra Mutual Fund
100300;Kotak Bond Fund - Regular Plan - Standard IDCW Option;INF174K01EQ1;INF174K01EP3;14.7428;14.7428;14.7428;14-Nov-2008
100299;Kotak Bond Fund - Regular Plan Growth;INF174K01EM0;;22.0596;22.0596;22.0596;14-Nov-2008
100301;Kotak Bond Regular Plan Bonus Plan;INF174K01ER9;;14.704;14.704;14.704;14-Nov-2008
100298;Kotak Bond Regular Plan Quaterly Payout of Income Distribution cum capital withdrawal option;INF174K01EO6;INF174K01EN8;10.3852;10.3852;10.3852;14-Nov-2008
100291;Kotak Bond-Deposit-Dividend;INF174K01EK4;INF174K01EL2;12.2369;12.2369;12.2369;14-Nov-2008
100292;Kotak Bond-Deposit-Growth;INF174K01EJ6;;20.551;20.551;20.551;14-Nov-2008

LIC Mutual Fund
100315;LIC MF Medium to Long Duration Fund-Regular Plan-Growth;INF767K01923;;22.5409;22.5409;22.5409;14-Nov-2008
100314;LIC MF Medium to Long Duration Fund-Regular Plan-IDCW;INF767K01907;INF767K01915;10.1977;10.1977;10.1977;14-Nov-2008

Nippon India Mutual Fund
100386;NIPPON INDIA MEDIUM TO LONG DURATION  FUND - ANNUAL IDCW Option;INF204K01CT4;INF204K01CU2;12.4068;12.3448;12.4068;14-Nov-2008
100388;Nippon India Medium to Long Duration  Fund - Growth Plan Bonus Option;INF204K01CM9;;12.4717;12.4093;12.4717;14-Nov-2008
100387;Nippon India Medium to Long Duration  Fund - Growth Plan Growth Option;INF204K01CL1;;26.4571;26.3248;26.4571;14-Nov-2008
100385;NIPPON INDIA MEDIUM TO LONG DURATION  FUND - HALF YEARLY IDCW Option;INF204K01CR8;INF204K01CS6;11.5697;11.5119;11.5697;14-Nov-2008
100384;NIPPON INDIA MEDIUM TO LONG DURATION  FUND - QUARTERLY IDCW Option;INF204K01CP2;INF204K01CQ0;12.7887;12.7248;12.7887;14-Nov-2008
100383;NIPPON INDIA MEDIUM TO LONG DURATION FUND - MONTHLY IDCW Option;INF204K01CN7;INF204K01CO5;10.4176;10.3655;10.4176;14-Nov-2008

SBI Mutual Fund
100638;SBI Magnum Income Fund - Regular Plan - Half Yearly - Income Distribution cum Capital Withdrawal Option (IDCW);INF200K01610;INF200K01628;10.0841;10.0337;10.0841;14-Nov-2008
100640;SBI Magnum Income Fund-REGULAR PLAN-Bonus;INF200K01602;;12.4101;12.3480;12.4101;14-Nov-2008
100639;SBI Magnum Income Fund-REGULAR PLAN-Growth;INF200K01594;;20.4879;20.3855;20.4879;14-Nov-2008

Tata Mutual Fund
100418;Tata Income Fund -Regular Plan - Growth Option;INF277K01659;;27.8049;27.2488;27.8049;14-Nov-2008
101186;Tata Income Fund- Regular Plan - Periodic Payout of IDCW Option;INF277K01DT8;INF277K01667;16.1185;15.7961;16.1185;14-Nov-2008
100417;Tata Income Fund-Regular Plan - Half Yearly Payout of IDCW Option;INF277K01DU6;INF277K01675;11.0134;10.7931;11.0134;14-Nov-2008
101419;Tata Long Term Debt Fund - Regular Plan  -Bonus;INF277K01691;;13.9146;13.6363;13.9146;14-Nov-2008
100416;Tata Long Term Debt Fund - Regular Plan - Quarterly Dividend;INF277K01DV4;INF277K01683;10.4595;10.2503;10.4595;14-Nov-2008

UTI Mutual Fund
100742;UTI Medium to Long Duration Fund - Regular Plan - Quarterly IDCW;INF789F01380;INF789F01398;11.0846;11.0846;11.0846;14-Nov-2008
100741;UTI Medium to Long Duration Fund- Regular Plan - Growth;INF789F01406;;24.1079;24.1079;24.1079;14-Nov-2008

Open Ended Schemes ( Debt Scheme - Long Duration Fund )


ICICI Prudential Mutual Fund
100365;ICICI Prudential Long Term Bond Fund - Growth;INF109K01365;;25.0839;24.9585;25.0839;14-Nov-2008
100364;ICICI Prudential Long Term Bond Fund - Half Yearly IDCW;INF109K01EX3;INF109K01357;10.7554;10.7016;10.7554;14-Nov-2008
100367;ICICI Prudential Long Term Bond Fund - Quarterly IDCW;INF109K01EZ8;INF109K01399;11.6487;11.5905;11.6487;14-Nov-2008
100366;ICICI Prudential Long Term Bond Fund-Institutional Quarterly Dividend;INF109K01EY1;INF109K01381;10.8279;10.7738;10.8279;14-Nov-2008
101643;ICICI Prudential Long Term Bond Fund-Institutional Option-Growth;INF109K01407;;26.0017;25.8717;26.0017;14-Nov-2008

Open Ended Schemes ( Debt Scheme - Dynamic Bond )


Aditya Birla Sun Life Mutual Fund
102767;Aditya Birla Sun Life Dynamic Bond Fund - Growth - Regular Plan;INF209K01793;;13.4688;13.4688;13.4688;14-Nov-2008
102766;Aditya Birla Sun Life Dynamic Bond Fund -Regular - Quarterly IDCW;INF209K01819;INF209K01DH6;10.6273;10.6273;10.6273;14-Nov-2008

DSP Mutual Fund
105669;DSP Strategic Bond Fund - Regular Plan - Growth;INF740K01GK7;;1000.3698;999.3694;1000.3698;14-Nov-2008
105668;DSP Strategic Bond Fund - Regular Plan - IDCW;INF740K01GO9;INF740K01GN1;1000.3744;999.3740;1000.3744;14-Nov-2008
105667;DSP Strategic Bond Fund - Regular Plan - IDCW - Monthly;INF740K01GM3;INF740K01GL5;1012.2935;1011.2812;1012.2935;14-Nov-2008
105878;DSP Strategic Bond Fund - Regular Plan - IDCW - Weekly;INF740K01GQ4;INF740K01GP6;1003.1000;1002.0969;1003.1000;14-Nov-2008

Franklin Templeton Mutual Fund
100498;Franklin India Dynamic Accrual Fund - IDCW ;INF090I01BN6;INF090I01BO4;10.3084;10.3084;10.3084;14-Nov-2008
100499;Franklin India Dynamic Accrual Fund-Growth;INF090I01BP1;;28.0654;28.0654;28.0654;14-Nov-2008

HDFC Mutual Fund
101872;HDFC Dynamic Debt Fund - Growth Option;INF179K01848;;27.0338;27.0338;27.0338;14-Nov-2008
101874;HDFC Dynamic Debt Fund - Half Yearly IDCW Option;INF179K01855;INF179K01863;10.4028;10.4028;10.4028;14-Nov-2008
101873;HDFC Dynamic Debt Fund - Quarterly IDCW Option;INF179K01871;INF179K01889;10.6404;10.6404;10.6404;14-Nov-2008
101875;HDFC Dynamic Debt Fund - Yearly IDCW Option;INF179K01921;INF179K01939;10.9855;10.9855;10.9855;14-Nov-2008

HSBC Mutual Fund
106736;HSBC Dynamic Bond Fund - Growth;INF336L01545;;10.7841;10.7032;10.7841;14-Nov-2008
106737;HSBC Dynamic Bond Fund - Regular Growth;INF336L01461;;10.8261;10.8261;10.8261;14-Nov-2008
106738;HSBC Dynamic Bond Fund - Regular Monthly IDCW;;INF336L01453;10.0889;10.0889;10.0889;14-Nov-2008

ICICI Prudential Mutual Fund
101351;ICICI Prudential All Seasons Bond Fund - Weekly IDCW;INF109K01FD2;INF109K01704;10.5319;10.5319;10.5319;14-Nov-2008
101350;ICICI Prudential All Seasons Bond Fund Retail - Cumulative;INF109K01712;;18.1238;18.1238;18.1238;14-Nov-2008

JM Financial Mutual Fund
105639;JM Dynamic Bond Fund (Regular) - Daily IDCW;;INF192K01668;10.0031;10.0031;10.0031;14-Nov-2008
101806;JM Dynamic Bond Fund (Regular) - Growth Option;INF192K01700;;13.5444;13.5444;13.5444;14-Nov-2008
101805;JM Dynamic Bond Fund (Regular) - IDCW;INF192K01684;INF192K01692;13.5907;13.5907;13.5907;14-Nov-2008
105637;JM Dynamic Bond Fund (Regular) - Weekly IDCW;;INF192K01676;10.1738;10.1738;10.1738;14-Nov-2008
101807;JM Dynamic Bond Fund (Regular)- Premium Plan IDCW;INF192K01734;INF192K01742;10.1734;10.1734;10.1734;14-Nov-2008
105638;JM Dynamic Bond Fund - Premium Plan - Daily Dividend Option;;INF192K01718;10.0031;10.0031;10.0031;14-Nov-2008
101808;JM Dynamic Bond Fund - Premium Plan - Growth Option;INF192K01759;;13.0208;13.0208;13.0208;14-Nov-2008
105636;JM Dynamic Bond Fund - Premium Plan - Weekly Dividend Option;;INF192K01726;10.2014;10.2014;10.2014;14-Nov-2008

Kotak Mahindra Mutual Fund
108500;Kotak Dynamic Bond Fund Regular Plan Daily Dividend;INF174K01FB0;;10.0475;10.0475;10.0475;14-Nov-2008
108511;Kotak Dynamic Bond Fund Regular Plan Growth;INF174K01FA2;;10.4355;10.4355;10.4355;14-Nov-2008
108512;Kotak Dynamic Bond Fund Regular Plan Weekly Dividend;INF174K01FC8;;10.043;10.043;10.043;14-Nov-2008

Nippon India Mutual Fund
102851;NIPPON INDIA DYNAMIC BOND FUND - IDCW Option;INF204K01FJ8;INF204K01FK6;11.8580;11.7987;11.8580;14-Nov-2008
102849;Nippon India Dynamic Bond Fund-Growth Plan-Growth Option;INF204K01FI0;;11.8580;11.7987;11.8580;14-Nov-2008

Principal Mutual Fund
100960;Principal Dynamic Bond Fund - Dividend Option -Annual;INF173K01AX7;INF173K01AY5;10.1421;10.0914;10.1421;14-Nov-2008
100963;Principal Dynamic Bond Fund - Growth Option;INF173K01AT5;;13.5416;13.5416;13.5416;14-Nov-2008
100961;Principal Dynamic Bond Fund -Dividend Option - Quarterly;INF173K01AU3;INF173K01AV1;11.1550;11.1550;11.1550;14-Nov-2008
100957;Principal Income Fund-Dividend Plan-Half Yearly;;;10.2293;10.1782;10.2293;14-Nov-2008
100958;Principal Income Fund-Dividend Plan-Quaterly;;;10.2987;10.2472;10.2987;14-Nov-2008
100962;Principal Income Fund-Growth Plan-growth;;;11.4262;11.3119;11.4262;14-Nov-2008

quant Mutual Fund
100173;Quant Dynamic Bond-Bonus;INF966L01101;;13.5477;13.5477;13.5477;14-Nov-2008
100171;Quant Dynamic Bond-Dividend;INF966L01077;INF966L01085;10.6798;10.6798;10.6798;14-Nov-2008
100172;Quant Dynamic Bond-Growth;INF966L01093;;25.7271;25.7271;25.7271;14-Nov-2008

SBI Mutual Fund
102205;SBI Dynamic Bond Fund - REGULAR PLAN - Growth;INF200K01958;;10.5607;10.5079;10.5607;14-Nov-2008
102206;SBI Dynamic Bond Fund - Regular Plan - Income Distribution cum Capital Withdrawal Option (IDCW);INF200K01966;INF200K01974;9.9750;9.9251;9.9750;14-Nov-2008

Tata Mutual Fund
101909;Tata Dynamic Bond Fund- Regular Plan - Growth Option;INF277K01360;;13.9358;13.8661;13.9358;14-Nov-2008
101224;Tata Dynamic Bond Fund- Regular Plan - Payout of IDCW Option;INF277K01DE0;INF277K01352;10.8451;10.7909;10.8451;14-Nov-2008
102031;Tata Dynamic Bond Fund B - Dividend;INF277K01DF7;INF277K01378;10.3058;10.2543;10.3058;14-Nov-2008
101910;Tata Dynamic Bond Fund B - Growth;INF277K01386;;13.9428;13.8731;13.9428;14-Nov-2008

Open Ended Schemes ( Debt Scheme - Corporate Bond Fund )


Aditya Birla Sun Life Mutual Fund
103178;Aditya Birla Sun Life Corporate Bond Fund - Growth - Regular Plan;INF209K01785;;30.3618;30.0582;30.3618;14-Nov-2008
103183;Aditya Birla Sun Life Corporate Bond Fund -REGULAR - MONTHLY IDCW;INF209K01983;INF209K01DL8;10.5992;10.4932;10.5992;14-Nov-2008
103177;Aditya Birla Sun Life Income Fund-Plan A(Dividend);;;11.0898;10.9789;11.0898;14-Nov-2008
103179;Aditya Birla Sun Life Income Fund-Plan D(54EA Dividend);;INF209K01DI4;13.3698;13.3698;13.3698;14-Nov-2008
103180;Aditya Birla Sun Life Income Fund-Plan E(54EA Growth);;;30.3409;30.3409;30.3409;14-Nov-2008
103181;Aditya Birla Sun Life Income Fund-PLan F(54EB Dividend);;;13.3839;13.3839;13.3839;14-Nov-2008
103182;Aditya Birla Sun Life Income Fund-Plan G(54EB Growth);;;30.1499;30.1499;30.1499;14-Nov-2008

Franklin Templeton Mutual Fund
100528;Franklin India Corporate Debt Fund - Growth;INF090I01DG6;;26.5759;26.5759;26.5759;14-Nov-2008
100532;Franklin India Corporate Debt Fund - Monthly Bonus;INF090I01DC5;;17.3213;17.3213;17.3213;14-Nov-2008
100527;Franklin India Corporate Debt Fund - Plan A - Annual - IDCW;INF090I01DH4;INF090I01DI2;10.0701;10.0701;10.0701;14-Nov-2008
100531;Franklin India Corporate Debt Fund - Plan B - Half yearly - IDCW;INF090I01DN2;INF090I01DO0;12.3663;12.3663;12.3663;14-Nov-2008
100529;Franklin India Corporate Debt Fund - Plan B - Monthly - IDCW;INF090I01DJ0;INF090I01DK8;12.0362;12.0362;12.0362;14-Nov-2008
100530;Franklin India Corporate Debt Fund - Plan B - Quarterly - IDCW;INF090I01DL6;INF090I01DM4;12.7177;12.7177;12.7177;14-Nov-2008

Invesco Mutual Fund
106177;Invesco India Corporate Bond Fund - Growth;INF205K01RM4;;10.2362;10.2362;10.2362;14-Nov-2008
106171;Invesco India Corporate Bond Fund - Monthly IDCW (Payout / Reinvestment);INF205K01RN2;INF205K01RO0;9.8923;9.8923;9.8923;14-Nov-2008
106172;Invesco India Corporate Bond Fund - Quarterly IDCW (Payout / Reinvestment);INF205K01RP7;INF205K01RQ5;9.9990;9.9990;9.9990;14-Nov-2008
106173;Religare Invesco Active Income Fund - Plan B - Growth;INF205K01RR3;;10.3464;10.3464;10.3464;14-Nov-2008

Nippon India Mutual Fund
109472;NIPPON INDIA CORPORATE BOND FUND - DAILY IDCW Option;;INF204K01EG7;17.0955;17.0699;17.0955;14-Nov-2008
100859;Nippon India Corporate Bond Fund - Growth Plan - Bonus Option;INF204KA12N8;;12.5914;12.5725;12.5914;14-Nov-2008
100856;Nippon India Corporate Bond Fund - Growth Plan - Growth Option;INF204K01EF9;;17.6315;17.6051;17.6315;14-Nov-2008
100857;NIPPON INDIA CORPORATE BOND FUND - MONTHLY IDCW Option;INF204K01EJ1;INF204K01EK9;10.4291;10.4135;10.4291;14-Nov-2008
100858;NIPPON INDIA CORPORATE BOND FUND - QUARTERLY IDCW Option;INF204K01EL7;INF204K01EM5;10.8643;10.8480;10.8643;14-Nov-2008
109473;NIPPON INDIA CORPORATE BOND FUND - WEEKLY IDCW Option;INF204K01EH5;INF204K01EI3;17.0955;17.0699;17.0955;14-Nov-2008

Principal Mutual Fund
102169;Principal Corporate Bond Fund - Dividend - Monthly;INF173K01312;INF173K01320;10.2317;10.1805;10.2317;14-Nov-2008
102170;Principal Corporate Bond Fund - Dividend - Quarterly;INF173K01338;INF173K01346;10.6307;10.5775;10.6307;14-Nov-2008
102171;Principal Corporate Bond Fund -Growth;INF173K01288;;14.0246;13.9545;14.0246;14-Nov-2008

Sundaram Mutual Fund
100792;Sundaram Corporate Bond Fund Institutional Plan - Growth;INF903J01IF9;;14.9403;14.9403;14.9403;14-Nov-2008
100790;Sundaram Corporate Bond Fund Institutional Plan - Income Distribution cum Capital Withdrawal (IDCW);INF903J01IG7;INF903J01II3;10.2944;10.2944;10.2944;14-Nov-2008
100791;Sundaram Corporate Bond Fund Institutional Plan -Income Distribution cum Capital Withdrawal-(IDCW);INF903J01IH5;INF903J01IJ1;0.0000;0.0000;0.0000;14-Nov-2008
100786;Sundaram Corporate Bond Fund Regular Plan - Income Distribution cum Capital Withdrawal (IDCW );INF903J01HY2;INF903J01IC6;10.7428;10.7428;10.7428;14-Nov-2008
100785;Sundaram Corporate Bond Fund Regular Plan -Income Distribution cum Capital Withdrawal(IDCW);INF903J01HX4;INF903J01IB8;10.2979;10.2979;10.2979;14-Nov-2008
100789;Sundaram Corporate Bond Fund Regular Plan- Growth;INF903J01HW6;;12.7133;12.7133;12.7133;14-Nov-2008
100788;Sundaram Corporate Bond Fund Regular Plan- Income Distribution cum Capital Withdrawal (IDCW);INF903J01IA0;INF903J01IE2;10.2560;10.2560;10.2560;14-Nov-2008
100787;Sundaram Corporate Bond Fund Regular Plan-Income Distribution cum Capital Withdrawal (IDCW);INF903J01HZ9;INF903J01ID4;10.3541;10.3541;10.3541;14-Nov-2008

Tata Mutual Fund
106130;Tata Corporate Bond Fund -Regular Plan  -  Daily Dividend;;INF277K01AA4;1002.3696;1002.3696;1002.3696;14-Nov-2008
106128;Tata Corporate Bond Fund Retail Investment Plan Growth;INF277K01AD8;;1121.8591;1121.8591;1121.8591;14-Nov-2008
106123;Tata Corporate Bond Fund Retail Investment Plan Monthly Dividend;INF277K01CV6;INF277K01AE6;1006.5662;1006.5662;1006.5662;14-Nov-2008
106129;Tata Corporate Bond Fund -Regular Plan -  Growth;INF277K01998;;1121.4131;1121.4131;1121.4131;14-Nov-2008
106132;Tata Corporate Bond Fund -Regular Plan -  Monthly Dividend;INF277K01CT0;INF277K01AB2;1006.1022;1006.1022;1006.1022;14-Nov-2008
106131;Tata Corporate Bond Fund-Regular Plan - Weekly Dividend;INF277K01CU8;INF277K01AC0;1003.7296;1003.7296;1003.7296;14-Nov-2008

Open Ended Schemes ( Debt Scheme - Credit Risk Fund )


DSP Mutual Fund
101839;DSP Credit Risk Fund - Regular Plan - IDCW;INF740K01581;INF740K01AB9;10.5441;10.5441;10.5441;14-Nov-2008
101840;DSP Credit Risk Fund - Regular Plan - IDCW - Daily;;INF740KA1OA8;10.0312;10.0312;10.0312;14-Nov-2008
101838;DSP Credit Risk Fund - Regular Plan - IDCW - Weekly;INF740K01FR4;INF740K01FQ6;10.0350;10.0350;10.0350;14-Nov-2008
101837;DSP Credit Risk Fund - Regular Plan -Growth;INF740K01599;;13.6839;13.6839;13.6839;14-Nov-2008

Principal Mutual Fund
102729;Principal Credit Risk Fund - Regular Plan - Growth Option;INF173K01DM4;;13.4026;13.4026;13.4026;14-Nov-2008
102732;Principal Credit Risk Fund - Regular Plan - Monthly Dividend Option;INF173K01BJ4;INF173K01BK2;11.3414;11.3414;11.3414;14-Nov-2008
102726;Principal Floating Rate Fund - SMP-Daily Dividend;;;10.0007;10.0007;10.0007;14-Nov-2008
102725;Principal Floating Rate Fund - SMP-Growth;;;13.3424;13.3424;13.3424;14-Nov-2008
102730;Principal Floating Rate Fund - SMP-Insti. Daily Dividend;;;10.0007;10.0007;10.0007;14-Nov-2008
102731;Principal Floating Rate Fund - SMP-Insti. Weekly Dividend;;;10.0057;10.0057;10.0057;14-Nov-2008
102728;Principal Floating Rate Fund - SMP-Monthly Dividend;;;10.6762;10.6762;10.6762;14-Nov-2008
102727;Principal Floating Rate Fund - SMP-Weekly Dividend;;;10.0057;10.0057;10.0057;14-Nov-2008

SBI Mutual Fund
102505;SBI CREDIT RISK FUND - REGULAR PLAN - GROWTH;INF200K01685;;12.6865;12.6231;12.6865;14-Nov-2008
102506;SBI Credit Risk Fund - Regular Plan - Income Distribution cum Capital Withdrawal Option (IDCW);INF200K01693;INF200K01701;10.5277;10.4751;10.5277;14-Nov-2008

Sundaram Mutual Fund
101544;Sundaram Short Term Credit Risk Fund -Dividend;INF903J01EV5;INF903J01EW3;11.6119;11.6119;11.6119;14-Nov-2008
101545;Sundaram Short Term Credit Risk Fund-Appreciation;INF903J01EU7;;14.3014;14.3014;14.3014;14-Nov-2008

Open Ended Schemes ( Debt Scheme - Banking and PSU Fund )


Aditya Birla Sun Life Mutual Fund
108272;Aditya Birla Sun Life Banking & PSU Debt Fund  - REGULAR - IDCW;INF209K01LX6;INF209KA11Z3;10.0876;10.0725;10.0876;14-Nov-2008
110282;Aditya Birla Sun Life Banking & PSU Debt Fund  - REGULAR - MONTHLY IDCW;INF209K01LU2;;10.0055;9.9905;10.0055;14-Nov-2008
108274;Aditya Birla Sun Life Banking & PSU Debt Fund  - REGULAR - Quarterly IDCW;INF209K01LN7;;10.0695;10.0544;10.0695;14-Nov-2008
110490;Aditya Birla Sun Life Banking & PSU Debt Fund  - retail - monthly IDCW;INF209K01LR8;;10.0055;9.9905;10.0055;14-Nov-2008
106157;Aditya Birla Sun Life Banking & PSU Debt Fund  - retail - quarterly IDCW;INF209K01LS6;;10.1850;10.1697;10.1850;14-Nov-2008
108273;Aditya Birla Sun Life Banking & PSU Debt Fund - Regular Plan-Growth;INF209K01LV0;;10.1444;10.1292;10.1444;14-Nov-2008
103176;Aditya Birla Sun Life Banking & PSU Debt Fund - Retail Plan-Growth;INF209K01LT4;;15.4820;15.4588;15.4820;14-Nov-2008
103175;Aditya Birla Sun Life Ultra Short Term Fund- Retail Plan A(Monthly Dividend);;INF209K01EB7;10.6272;10.6113;10.6272;14-Nov-2008
103188;Aditya Birla Sun Life Banking & PSU Debt Fund - Growth - Regular Plan;INF209K01BF4;;20.7416;20.7416;20.7416;14-Nov-2008
103187;Aditya Birla Sun Life Banking & PSU Debt Fund - Regular Plan;INF209K01BE7;INF209K01EA9;10.1814;10.1814;10.1814;14-Nov-2008

LIC Mutual Fund
105822;LIC MF Banking & PSU Fund-Regular Plan-Daily IDCW;INF767K01519;INF767K01527;10.0000;10.0000;10.0000;14-Nov-2008
105823;LIC MF Banking & PSU Fund-Regular Plan-Growth;INF767K01535;;11.3752;11.3752;11.3752;14-Nov-2008
105856;LIC MF Banking & PSU Fund-Regular Plan-Monthly IDCW;INF767K01543;INF767K01550;10.0375;10.0375;10.0375;14-Nov-2008
105857;LIC MF Banking & PSU Fund-Regular Plan-Weekly IDCW;INF767K01568;INF767K01576;10.0107;10.0107;10.0107;14-Nov-2008

Sundaram Mutual Fund
100782;Sundaram Banking & PSU Fund (Formerly Known as Sundaram Banking and PSU Debt Fund) Regular Plan - Daily Reinvestment of Income Distribution cum Capital Withdrawal (IDCW);;INF903J01IP8;10.0519;10.0519;10.0519;14-Nov-2008
100784;Sundaram Banking & PSU Fund (Formerly Known as Sundaram Banking and PSU Debt Fund) Regular Plan - Growth;INF903J01IN3;;13.1519;13.1519;13.1519;14-Nov-2008
100793;Sundaram Banking & PSU Fund (Formerly Known as Sundaram Banking and PSU Debt Fund) Regular Plan - Income Distribution cum Capital Withdrawal (IDCW);INF903J01IO1;INF903J01IR4;10.2801;10.2801;10.2801;14-Nov-2008
100783;Sundaram Banking & PSU Fund (Formerly Known as Sundaram Banking and PSU Debt Fund) Regular Plan - Weekly Reinvestment of Income Distribution cum Capital Withdrawal (IDCW);;INF903J01IQ6;0.0000;0.0000;0.0000;14-Nov-2008
100781;Sundaram Banking & PSU Fund (Formerly Known as Sundaram Banking and PSU Debt Fund) Retail Plan - Growth;INF903J01IK9;;12.8864;12.8864;12.8864;14-Nov-2008
100780;Sundaram Banking & PSU Fund (Formerly Known as Sundaram Banking and PSU Debt Fund) Retail Plan - Monthly Income Distribution cum Capital Withdrawal (IDCW);INF903J01IL7;INF903J01IM5;10.2563;10.2563;10.2563;14-Nov-2008

Open Ended Schemes ( Debt Scheme - Gilt Fund )


Aditya Birla Sun Life Mutual Fund
100061;Aditya Birla Sun Life Constant Maturity 10 Year Gilt Fund - Growth - Regular Plan;INF209K01AH2;;28.2478;28.2478;28.2478;14-Nov-2008
100060;Aditya Birla Sun Life Constant Maturity 10 Year Gilt Fund - Quarterly Dividend - Regular Plan;INF209K01AI0;INF209K01DR5;11.8436;11.8436;11.8436;14-Nov-2008
100056;Aditya Birla Sun Life Gilt Plus - Liquid Plan - Annual Dividend - Regular Plan;INF209K01991;INF209K01DM6;10.2630;10.2630;10.2630;14-Nov-2008
100055;Aditya Birla Sun Life Gilt Plus - Liquid Plan - Growth - Regular Plan;INF209K01AA7;;19.8856;19.8856;19.8856;14-Nov-2008
100054;Aditya Birla Sun Life Gilt Plus - Liquid Plan - Quarterly Dividend - Regular Plan;INF209K01AB5;;10.4703;10.4703;10.4703;14-Nov-2008
100059;Aditya Birla Sun Life Gilt Plus-PF Plan (Annual Dividend);;INF209K01DO2;19.3811;19.1873;19.3811;14-Nov-2008
100062;Aditya Birla Sun Life Gilt Plus-Regular Plan (Annual Dividend);;INF209K01DQ7;23.9937;23.9937;23.9937;14-Nov-2008
100057;Aditya Birla Sun Life Govenment Securities Fund -Regular - Quarterly IDCW;INF209K01AF6;INF209K01DP9;10.0956;9.9946;10.0956;14-Nov-2008
100058;Aditya Birla Sun Life Government Securities Fund  - Growth - Regular Plan;INF209K01AC3;INF209K01AD1;22.3366;22.1132;22.3366;14-Nov-2008

Bandhan Mutual Fund
108645;BANDHAN GSF - Investment Plan - Annual Dividend;INF194K01DU3;INF194K01DT5;11.6663;11.6663;11.6663;14-Nov-2008

Baroda BNP Paribas Mutual Fund
101187;Baroda BNP Paribas GILT FUND - Regular Plan - Growth Option;INF955L01450;;12.1173;12.0567;12.1173;14-Nov-2008
101188;Baroda BNP Paribas GILT FUND - Regular Plan - IDCW Option;INF955L01435;INF955L01443;12.1177;12.0571;12.1177;14-Nov-2008

Canara Robeco Mutual Fund
100597;CANARA ROBECO GILT FUND - REGULAR PLAN - GROWTH OPTION;INF760K01AE1;;23.4522;23.4522;23.4522;14-Nov-2008
100596;CANARA ROBECO GILT FUND - REGULAR PLAN - IDCW (Payout/Reinvestment);INF760K01AB7;INF760K01AC5;12.5388;12.5388;12.5388;14-Nov-2008

DSP Mutual Fund
100084;DSP Gilt Fund - Regular Plan - Growth;INF740K01615;;27.6868;27.5484;27.6868;14-Nov-2008
100085;DSP Gilt Fund - Regular Plan - IDCW;INF740K01607;INF740K01AD5;12.1465;12.0858;12.1465;14-Nov-2008
100086;DSP Gilt Fund - Regular Plan - IDCW - Monthly;INF740K01623;INF740K01AE3;10.4170;10.3649;10.4170;14-Nov-2008

Franklin Templeton Mutual Fund
100493;Franklin India Government Securities Fund - Growth;INF090I01CU9;;19.8045;19.8045;19.8045;14-Nov-2008
100494;Franklin India Government Securities Fund - IDCW ;INF090I01CS3;INF090I01CT1;10.7554;10.7554;10.7554;14-Nov-2008
100486;Franklin India Govt.Sec. Fund-Composite Plan - Dividend;INF090I01CP9;INF090I01CQ7;10.8337;10.8337;10.8337;14-Nov-2008
100485;Franklin India Govt.Sec. Fund-Composite Plan - Growth;INF090I01CR5;;28.4976;28.4976;28.4976;14-Nov-2008
100495;Franklin India Govt.Sec. Fund-Long Term Plan - Bonus;INF090I01CO2;;11.8419;11.8419;11.8419;14-Nov-2008
100491;Franklin India Govt.Sec. Fund-PF Plan - Dividend;INF090I01CW5;INF090I01CX3;12.5169;12.4731;12.5169;14-Nov-2008
100490;Franklin India Govt.Sec. Fund-PF Plan - Growth;INF090I01CY1;;12.5169;12.4731;12.5169;14-Nov-2008
100487;Franklin India Govt.Sec. Fund-Treasury Plan(Dividend Option);INF090I01CZ8;INF090I01DA9;10.4672;10.4672;10.4672;14-Nov-2008
100489;Franklin India Govt.Sec. Fund-Treasury Plan(Growth Option);INF090I01DB7;;15.4939;15.4939;15.4939;14-Nov-2008

HDFC Mutual Fund
101083;HDFC Gilt Fund - Growth Plan;INF179K01756;;17.3906;17.3906;17.3906;14-Nov-2008
101084;HDFC Gilt Fund - IDCW Plan;INF179K01772;INF179K01764;10.4883;10.4883;10.4883;14-Nov-2008

ICICI Prudential Mutual Fund
100369;ICICI Prudential Gilt Fund - Growth;INF109K01JR4;;28.1628;28.1628;28.1628;14-Nov-2008
100368;ICICI Prudential Gilt Fund - IDCW;INF109K01JQ6;INF109K01JP8;12.6151;12.6151;12.6151;14-Nov-2008
100370;ICICI Prudential Short Term Gilt Fund - Dividend;INF109K01JW4;INF109K01JV6;11.2931;11.2931;11.2931;14-Nov-2008
100371;ICICI Prudential Short Term Gilt Fund - Growth;INF109K01JX2;;20.8817;20.8817;20.8817;14-Nov-2008
100372;ICICI Prudential Short Term Gilt Fund - Half Yearly Dividend;INF109K01JZ7;INF109K01JY0;11.0947;11.0947;11.0947;14-Nov-2008

Invesco Mutual Fund
107476;Invesco India Gilt Fund - Annual IDCW (Payout / Reinvestment);INF205K01SJ8;INF205K01SK6;10.1180;10.1180;10.1180;14-Nov-2008
107477;Invesco India Gilt Fund - Growth;INF205K01SR1;;9.7532;9.7532;9.7532;14-Nov-2008
107471;Invesco India Gilt Fund - Monthly IDCW (Reinvestment);;INF205K01SS9;9.7535;9.7535;9.7535;14-Nov-2008
107472;Invesco India Gilt Fund - Quarterly IDCW (Payout / Reinvestment);INF205K01ST7;INF205K01SU5;9.7533;9.7533;9.7533;14-Nov-2008
107473;Religare Invesco GILT Fund - Long Duration Plan - Institutional - MonthlyDividend;;INF205K01965;9.7725;9.7725;9.7725;14-Nov-2008

JM Financial Mutual Fund
100253;JM G-Sec Fund - Bonus Option - Principal Units;INF192K01817;;12.3218;12.3218;12.3218;14-Nov-2008
100250;JM G-Sec Fund - Growth Option;INF192K01809;;25.3275;25.3275;25.3275;14-Nov-2008
100249;JM G-Sec Fund - Quarterly Dividend Option;INF192K01783;INF192K01791;12.1087;12.1087;12.1087;14-Nov-2008

Kotak Mahindra Mutual Fund
100281;Kotak Gilt-Investment  Provident Fund and Trust-Growth;INF174K01FL9;;27.5494;27.5494;27.5494;14-Nov-2008
100280;Kotak Gilt-Investment  Provident Fund and Trust-Payout of Income Distribution cum capital withdrawal option;INF174K01FM7;;11.2178;11.2178;11.2178;14-Nov-2008
100265;Kotak Gilt-Investment Regular-Growth;INF174K01FI5;;27.0309;27.0309;27.0309;14-Nov-2008
100264;Kotak Gilt-Investment Regular-Payout of Income Distribution cum capital withdrawal option;INF174K01FK1;INF174K01FJ3;13.0018;13.0018;13.0018;14-Nov-2008
100263;Kotak Gilt-Savings-Annual Dividend;;;13.5803;13.5803;13.5803;14-Nov-2008
100262;Kotak Gilt-Savings-Growth;;;20.3085;20.3085;20.3085;14-Nov-2008
100261;Kotak Gilt-Savings-Monthly Dividend;;;10.479;10.479;10.479;14-Nov-2008

LIC Mutual Fund
100319;LIC MF Gilt Fund-PF Plan-Growth;INF767K01733;;12.3399;12.3399;12.3399;14-Nov-2008
100318;LIC MF Gilt Fund-PF Plan-IDCW;INF767K01717;INF767K01725;12.3399;12.3399;12.3399;14-Nov-2008
100317;LIC MF Gilt Fund-Regular Plan-Growth;INF767K01709;;21.3996;21.3996;21.3996;14-Nov-2008
100316;LIC MF Gilt Fund-Regular Plan-IDCW;INF767K01683;INF767K01691;12.4372;12.4372;12.4372;14-Nov-2008

Nippon India Mutual Fund
109717;Nippon India Gilt  Fund - Institutional Plan-Growth Plan -Growth Option;INF204K01BX8;;10.9160;10.9160;10.9160;14-Nov-2008
109723;NIPPON INDIA GILT  FUND - MONTHLY IDCW Option;INF204K01BV2;INF204K01BW0;10.2653;10.1832;10.2653;14-Nov-2008
109720;Nippon India Gilt  Fund -Growth Plan - Growth Option;INF204K01BU4;;10.9224;10.8350;10.9224;14-Nov-2008
109716;Nippon India Gilt  Fund -P F Option-Automatic Annual Reinvest Option;INF204K01CA4;;10.9224;10.8350;10.9224;14-Nov-2008
109721;Nippon India Gilt  Fund -P F Option-Defined Maturity Date Option;INF204K01CB2;;10.9224;10.8350;10.9224;14-Nov-2008
109718;Nippon India Gilt  Fund-Institutional Plan-P F Option-Automatic Capital Appreciation Payout Option;INF204K01CD8;;10.9160;10.9160;10.9160;14-Nov-2008
109724;Nippon India Gilt  Fund-P F Option-Automatic Capital Appreciation Payout Option;INF204K01CC0;;10.9224;10.8350;10.9224;14-Nov-2008
109725;Reliance Gilt Securities Fund - Institutional Plan-Dividend Option;INF204K01BY6;INF204K01BZ3;10.9160;10.9160;10.9160;14-Nov-2008
109722;Reliance Gilt Securities Fund-Institutional Plan-P F Option-Automatic Annual Reinvest Option;;;10.9160;10.9160;10.9160;14-Nov-2008
109719;Reliance Gilt Securities Fund-Institutional Plan-P F Option-Defined Maturity Date Option;INF204K01CE6;;10.9160;10.9160;10.9160;14-Nov-2008

SBI Mutual Fund
102061;SBI MAGNUM GILT FUND -  GROWTH - PF (Fixed Period - 1 Yr) Option;INF200K01AB4;;11.8132;11.7541;11.8132;14-Nov-2008
101933;SBI MAGNUM GILT FUND -  GROWTH - PF (Fixed Period - 2 Yrs) Option;INF200K01AE8;;11.7149;11.6329;11.7149;14-Nov-2008
101934;SBI MAGNUM GILT FUND -  GROWTH - PF (Fixed Period - 3 Yrs) Option;INF200K01AH1;;11.5604;11.4564;11.5604;14-Nov-2008
101932;SBI MAGNUM GILT FUND -  GROWTH - PF (Regular) Option;INF200K01AK5;;11.9649;11.9649;11.9649;14-Nov-2008
101950;SBI Magnum Gilt Fund - Income Distribution cum Capital Withdrawal Option (IDCW) - PF (Fixed Period - 1 Yr);INF200K01AC2;INF200K01AD0;10.1809;10.1300;10.1809;14-Nov-2008
101951;SBI Magnum Gilt Fund - Income Distribution cum Capital Withdrawal Option (IDCW) - PF (Fixed Period - 2 Yrs);INF200K01AF5;INF200K01AG3;10.2140;10.1425;10.2140;14-Nov-2008
101952;SBI Magnum Gilt Fund - Income Distribution cum Capital Withdrawal Option (IDCW) - PF (Fixed Period - 3 Yrs);INF200K01AI9;INF200K01AJ7;10.1353;10.0441;10.1353;14-Nov-2008
101935;SBI Magnum Gilt Fund - Income Distribution cum Capital Withdrawal Option (IDCW) - PF (Regular);INF200K01AL3;INF200K01AM1;10.2485;10.2485;10.2485;14-Nov-2008
101001;SBI MAGNUM GILT FUND - REGULAR PLAN - GROWTH;INF200K01982;;18.6893;18.6893;18.6893;14-Nov-2008
100999;SBI Magnum Gilt Fund - Regular Plan - Income Distribution cum Capital Withdrawal Option (IDCW);INF200K01990;INF200K01AA6;10.1880;10.1880;10.1880;14-Nov-2008

Sundaram Mutual Fund
101092;SUNDARAM GILT FUND (Growth. OPTION);INF903J01FA6;;14.4247;14.4247;0.0000;14-Nov-2008
101059;SUNDARAM GILT FUND (DIV. OPTION);INF903J01FB4;INF903J01FC2;11.0501;11.0501;0.0000;14-Nov-2008

Tata Mutual Fund
101902;Tata Gilt High Fund - Dividend Opt;INF277K01DO9;INF277K01543;12.5425;12.4171;12.5425;14-Nov-2008
102016;Tata Gilt High Fund - Growth;INF277K01550;;15.8059;15.6478;15.8059;14-Nov-2008
102046;Tata Gilt Retirement Plan (28/2/25) - Payout of IDCW Option;;;11.6645;11.6062;11.6645;14-Nov-2008
101945;Tata Gilt Retirement Plan- 28/2/25 Growth Option;;;11.6925;11.6340;11.6925;14-Nov-2008
101049;Tata Gilt Securities Fund - Regular Plan - Payout of IDCW Option;INF277K01DN1;INF277K01535;12.1669;12.1669;12.1669;14-Nov-2008
101042;Tata Gilt Securities Fund -Regular Plan- Growth Option;INF277K01519;;25.7974;25.7974;25.7974;14-Nov-2008
102263;Tata Gilt Securities Fund RIP ( Bonus);INF277K01527;;12.9566;12.9566;12.9566;14-Nov-2008

UTI Mutual Fund
102513;UTI - GILT ADVANTAGE-LONG TERM PF-( PRESCRIBED APPRECIATION AUTO REDEMPTION;INF789F01PP4;INF789F01PQ2;13.5188;13.5188;13.5188;14-Nov-2008
102512;UTI - GILT FUND - Discontinued PF Plan - Growth Option;INF789F01PT6;;13.5023;13.5023;13.5023;14-Nov-2008
102514;UTI - GILT FUND - Discontinued PF Plan Prescribed Date Auto Redemption Option;INF789F01PU4;;13.505;13.505;13.505;14-Nov-2008
102510;UTI - GILT FUND - Regular Plan - Growth Option;INF789F01661;;18.1604;18.1604;18.1604;14-Nov-2008
102511;UTI - GILT FUND -Discontinued PF Plan -Dividend Option;INF789F01PR0;INF789F01PS8;11.6419;11.6419;11.6419;14-Nov-2008
102509;UTI Gilt Fund - Regular Plan - IDCW;INF789F01646;INF789F01653;11.6974;11.6974;11.6974;14-Nov-2008

Open Ended Schemes ( Debt Scheme - Gilt Fund with 10 year constant duration )


Bandhan Mutual Fund
108646;BANDHAN Government Securities Fund - Constant Maturity Plan - Regular Plan - Quarterly IDCW;INF194K01FF9;INF194K01FE2;10.1062;10.1062;10.1062;14-Nov-2008
108753;BANDHAN Government Securities Fund - Constant Maturity Plan - Regular Plan - Growth;INF194K01FA0;;13.3048;13.3048;13.3048;14-Nov-2008
111343;BANDHAN Government Securities Fund - Constant Maturity Plan - Regular Plan - Weekly IDCW;INF194K01FI3;INF194K01FH5;10.0056;10.0056;10.0056;14-Nov-2008
108644;BANDHAN Government Securities Fund - Constant Maturity Plan - Regular Plan - Monthly IDCW;INF194K01FC6;INF194K01FB8;10.0007;10.0007;10.0007;14-Nov-2008

SBI Mutual Fund
101002;SBI MAGNUM CONSTANT MATURITY FUND - REGULAR PLAN - GROWTH;INF200K01AN9;;17.0391;17.0391;17.0391;14-Nov-2008
101003;SBI Magnum Constant Maturity Fund - Regular Plan - Income Distribution cum Capital Withdrawal Option (IDCW);INF200K01AO7;INF200K01AP4;10.4973;10.4973;10.4973;14-Nov-2008

Open Ended Schemes ( Debt Scheme - Floater Fund )


Franklin Templeton Mutual Fund
101048;Franklin India Floating Rate Fund - Growth Plan;INF090I01LM7;;15.1816;15.1816;15.1816;14-Nov-2008
101044;Franklin India Floating Rate Fund - IDCW ;INF090I01LN5;;10.0000;10.0000;10.0000;14-Nov-2008

HDFC Mutual Fund
106838;HDFC Floating Rate Debt Fund - Daily IDCW Option;;INF179K01699;10.0809;10.0809;10.0809;14-Nov-2008
106841;HDFC Floating Rate Debt Fund - Growth Option;INF179K01707;;14.4768;14.4768;14.4768;14-Nov-2008
106839;HDFC Floating Rate Debt Fund - Monthly IDCW Option;INF179K01715;INF179K01723;10.1921;10.1921;10.1921;14-Nov-2008
106840;HDFC Floating Rate Debt Fund - Weekly IDCW Option;INF179K01731;INF179K01749;10.1461;10.1461;10.1461;14-Nov-2008
101483;HDFC Floating Rate Debt Fund - Retail Daily Div Option;;INF179K01640;10.0809;10.0809;10.0809;14-Nov-2008
101481;HDFC Floating Rate Debt Fund - Retail Growth Option;INF179K01632;;14.4283;14.4283;14.4283;14-Nov-2008
101484;HDFC Floating Rate Debt Fund - Retail Monthly Div option;INF179K01657;INF179K01665;10.1908;10.1908;10.1908;14-Nov-2008
101482;HDFC Floating Rate Debt Fund - Retail Weekly Div Option;INF179K01681;INF179K01673;10.1458;10.1458;10.1458;14-Nov-2008

ICICI Prudential Mutual Fund
101804;ICICI Prudential Floating Interest Fund - Daily IDCW;INF109K01AW3;;10.0021;10.0021;10.0021;14-Nov-2008
101803;ICICI Prudential Floating Interest Fund - Fortnightly IDCW;INF109K01AZ6;;10.0383;10.0383;10.0383;14-Nov-2008
101802;ICICI Prudential Floating Interest Fund - Growth;INF109K01AX1;;12.6410;12.6410;12.6410;14-Nov-2008
101800;ICICI Prudential Floating Interest Fund Plan A - Dividend Daily;INF109K01928;;10.0040;10.0040;10.0040;14-Nov-2008
101796;ICICI Prudential Floating Interest Fund Plan A - Fortnightly Dividend;INF109K01910;;10.0905;10.0905;10.0905;14-Nov-2008
101795;ICICI Prudential Floating Interest Fund Plan A - Growth;INF109K01936;;13.2780;13.2780;13.2780;14-Nov-2008
101799;ICICI Prudential Floating Interest Fund Plan B - Dividend Daily;INF109K01951;;10.0040;10.0040;10.0040;14-Nov-2008
101794;ICICI Prudential Floating Interest Fund Plan B - Fortnightly Dividend;INF109K01969;;10.1283;10.1283;10.1283;14-Nov-2008
101793;ICICI Prudential Floating Interest Fund Plan B - Growth;INF109K01977;;14.3058;14.3058;14.3058;14-Nov-2008
101801;ICICI Prudential Floating Interest Fund Plan C - Dividend Daily;INF109K01AA9;;10.0040;10.0040;10.0040;14-Nov-2008
101798;ICICI Prudential Floating Interest Fund Plan C - Fortnightly Dividend;INF109K01993;;10.0915;10.0915;10.0915;14-Nov-2008
101797;ICICI Prudential Savings Fund Plan C - Growth;INF109K01AB7;;13.4711;13.4711;13.4711;14-Nov-2008

Nippon India Mutual Fund
102676;NIPPON INDIA FLOATER FUND - DAILY IDCW REINVESTMENT Option;;INF204K01CI7;10.0697;10.0697;10.0697;14-Nov-2008
102673;Nippon India Floater Fund - Growth Plan-Growth Option;INF204K01CG1;;13.3861;13.3861;13.3861;14-Nov-2008
102675;NIPPON INDIA FLOATER FUND - MONTHLY IDCW Option;INF204K01CH9;INF204K01CK3;10.1722;10.1722;10.1722;14-Nov-2008
102677;NIPPON INDIA FLOATER FUND - WEEKLY IDCW Option;INF204K01OQ5;INF204K01CJ5;10.0814;10.0814;10.0814;14-Nov-2008

Open Ended Schemes ( Hybrid Scheme - Conservative Hybrid Fund )


Aditya Birla Sun Life Mutual Fund
101818;Aditya Birla Sun Life Regular Savings Fund - Growth / Payment - Regular Plan;INF209K01751;INF209K01777;12.3559;12.2323;12.3559;14-Nov-2008
101816;Aditya Birla Sun Life Regular Savings Fund - REGULAR - MONTHLY IDCW;INF209K01769;INF209K01DF0;8.8497;8.7612;8.8497;14-Nov-2008
101817;Birla Sun Life Regular Savings Fund - Regular Plan - Monthly Payment;;;12.3559;12.2323;12.3559;14-Nov-2008

Baroda BNP Paribas Mutual Fund
102661;BARODA CONSERVATIVE HYBRID FUND - Plan A - Growth Option;INF955L01161;;12.2081;12.1471;12.2081;14-Nov-2008
102662;BARODA CONSERVATIVE HYBRID FUND - Plan A - Monthly IDCW Option;INF955L01179;INF955L01187;12.2132;12.1521;12.2132;14-Nov-2008
102663;BARODA CONSERVATIVE HYBRID FUND - Plan A - Quarterly IDCW Option;INF955L01195;INF955L01203;12.2086;12.1476;12.2086;14-Nov-2008

Canara Robeco Mutual Fund
100601;CANARA ROBECO CONSERVATIVE HYBRID FUND - REGULAR PLAN - GROWTH OPTION;INF760K01282;;20.6200;20.6200;20.6200;14-Nov-2008
100600;CANARA ROBECO CONSERVATIVE HYBRID FUND - REGULAR PLAN - MONTHLY IDCW (Payout/Reinvestment);INF760K01308;INF760K01316;11.1600;11.1600;11.1600;14-Nov-2008

DSP Mutual Fund
102450;DSP Regular Savings Fund - Regular Plan - IDCW - Monthly;INF740K01458;INF740K01466;10.2129;10.1108;10.2129;14-Nov-2008
102451;DSP Regular Savings Fund - Regular Plan - IDCW - Quarterly ;INF740K01474;INF740K01482;10.7374;10.6300;10.7374;14-Nov-2008
102448;DSP Regular Savings Fund- Regular Plan - Growth;INF740K01441;;14.7712;14.6235;14.7712;14-Nov-2008
102445;DSP BlackRock Savings Manager Fund - Conservative - Growth;;;12.8426;12.7784;12.8426;14-Nov-2008
102446;DSP BlackRock Savings Manager Fund - Conservative - Monthly Dividend;;;10.3813;10.3294;10.3813;14-Nov-2008
102447;DSP BlackRock Savings Manager Fund - Conservative - Quarterly Dividend;;;10.5571;10.5043;10.5571;14-Nov-2008

Franklin Templeton Mutual Fund
100948;Franklin India Conservative Hybrid Fund - Growth;INF090I01EA7;;21.2121;21.2121;21.2121;14-Nov-2008
100951;Franklin India Conservative Hybrid Fund - Monthly Bonus;INF090I01EF6;;12.2159;12.2159;12.2159;14-Nov-2008
100949;Franklin India Conservative Hybrid Fund - Plan A - Monthly - IDCW;INF090I01EB5;INF090I01EC3;9.8430;9.8430;9.8430;14-Nov-2008
100950;Franklin India Conservative Hybrid Fund - Plan A - Quarterly - IDCW;INF090I01ED1;INF090I01EE9;9.9092;9.9092;9.9092;14-Nov-2008

HDFC Mutual Fund
102147;HDFC Hybrid Debt Fund - Growth Plan;INF179K01AE4;;14.7431;14.7431;14.7431;14-Nov-2008
102148;HDFC Hybrid Debt Fund - IDCW Monthly;INF179K01AA2;INF179K01AB0;9.8961;9.8961;9.8961;14-Nov-2008
102149;HDFC Hybrid Debt Fund - IDCW Quarterly;INF179K01AC8;INF179K01AD6;10.0835;10.0835;10.0835;14-Nov-2008
102144;HDFC MF Monthly Income Plan-Short Term Plan-Growth Option;INF179K01AF1;;12.984;12.984;12.984;14-Nov-2008
102145;HDFC MF Monthly Income Plan-Short Term Plan-Monthly Dividend Option;INF179K01AG9;INF179K01AH7;9.4971;9.4971;9.4971;14-Nov-2008
102146;HDFC MF Monthly Income Plan-Short Term Plan-Quarterly Dividend Option;INF179K01AI5;INF179K01AJ3;9.7378;9.7378;9.7378;14-Nov-2008

HSBC Mutual Fund
102262;HSBC Conservative Hybrid Fund - Regular Growth;INF336L01099;;14.1305;13.9892;14.1305;14-Nov-2008
102260;HSBC Conservative Hybrid Fund - Regular Monthly IDCW;INF336L01107;INF336L01115;10.2382;10.1358;10.2382;14-Nov-2008
102261;HSBC Conservative Hybrid Fund - Regular Quarterly IDCW;INF336L01123;INF336L01131;10.1900;10.0881;10.1900;14-Nov-2008

ICICI Prudential Mutual Fund
102330;ICICI Prudential Regular Savings Fund - Plan - Growth;INF109K01902;;13.4777;13.3429;13.4777;14-Nov-2008
102331;ICICI Prudential Regular Savings Fund - Plan - Monthly IDCW;INF109K01ER5;INF109K01894;9.6934;9.5965;9.6934;14-Nov-2008

LIC Mutual Fund
101869;LIC MF Conservative Hybrid Fund-Regular Plan-Growth;INF767K01808;;25.9631;25.9631;25.9631;14-Nov-2008
101866;LIC MF Conservative Hybrid Fund-Regular Plan-Monthly IDCW;INF767K01816;INF767K01824;9.2968;9.2968;9.2968;14-Nov-2008
101867;LIC MF Conservative Hybrid Fund-Regular Plan-Quarterly IDCW;INF767K01832;INF767K01840;9.3742;9.3742;9.3742;14-Nov-2008
101868;LIC MF Conservative Hybrid Fund-Regular Plan-Yearly IDCW;INF767K01857;INF767K01865;9.5880;9.5880;9.5880;14-Nov-2008

Nippon India Mutual Fund
102173;NIPPON INDIA CONSERVATIVE HYBRID  FUND - MONTHLY IDCW Option;INF204K01FE9;INF204K01FF6;10.1296;10.0536;10.1296;14-Nov-2008
102174;NIPPON INDIA CONSERVATIVE HYBRID  FUND - QUARTERLY IDCW Option;INF204K01FG4;INF204K01FH2;10.7803;10.6994;10.7803;14-Nov-2008
102172;Nippon India Conservative Hybrid  Fund-Growth Plan;INF204K01FD1;;14.7580;14.6473;14.7580;14-Nov-2008

SBI Mutual Fund
100929;SBI Conservative Hybrid Fund - Regular Plan - Annual Income Distribution cum Capital Withdrawal Option (IDCW);INF200K01909;INF200K01917;10.2808;10.2294;10.2808;14-Nov-2008
100968;SBI Conservative Hybrid Fund - Regular Plan - Growth;INF200K01859;;16.9957;16.9107;16.9957;14-Nov-2008
100927;SBI Conservative Hybrid Fund - Regular Plan - Monthly Income Distribution cum Capital Withdrawal Option (IDCW);INF200K01867;INF200K01875;10.0499;9.9997;10.0499;14-Nov-2008
100928;SBI Conservative Hybrid Fund - Regular Plan - Quarterly Income Distribution cum Capital Withdrawal Option (IDCW);INF200K01883;INF200K01891;9.6660;9.6177;9.6660;14-Nov-2008

Sundaram Mutual Fund
102175;Sundaram  Monthly Income Plan-Monthly Dividend;INF903J01HQ8;INF903J01HT2;9.6123;9.6123;9.6123;14-Nov-2008
102176;Sundaram  Monthly Income Plan-Quarterly-Dividend;INF903J01HR6;INF903J01HU0;9.8695;9.8695;9.8695;14-Nov-2008
102178;Sundaram Monthly Income Plan-Growth;INF903J01HP0;;13.0548;13.0548;13.0548;14-Nov-2008
102177;Sundaram Monthly Income Plan-Half-yearly Dividend;INF903J01HS4;INF903J01HV8;9.7196;9.7196;9.7196;14-Nov-2008

UTI Mutual Fund
102533;UTI Conservative Hybrd Fund - Regular Plan - Monthly Payment Option;INF789F01927;;14.5035;14.5035;14.5035;14-Nov-2008
102534;UTI Conservative Hybrid Fund - Regular Plan - Flexi IDCW;INF789F01877;INF789F01885;14.5017;14.5017;14.5017;14-Nov-2008
102535;UTI Conservative Hybrid Fund - Regular Plan - Growth Option;INF789F01893;;14.5021;14.5021;14.5021;14-Nov-2008
102536;UTI Conservative Hybrid Fund - Regular Plan - Monthly IDCW;INF789F01901;INF789F01919;10.9838;10.9838;10.9838;14-Nov-2008

Open Ended Schemes ( Hybrid Scheme - Balanced Hybrid Fund )


Nippon India Mutual Fund
102848;NIPPON INDIA BALANCED ADVANTAGE FUND - IDCW Option;INF204K01570;INF204K01588;12.0586;12.0586;12.4204;14-Nov-2008
102847;Nippon India Balanced Advantage Fund-Growth Plan-Bonus Option;INF204K01596;;16.8390;16.8390;17.3442;14-Nov-2008
102846;Nippon India Balanced Advantage Fund-Growth Plan-Growth Option;INF204K01604;;16.8390;16.8390;17.3442;14-Nov-2008

Sundaram Mutual Fund
100617;Sundaram Equity Hybrid Fund Regular Plan - Growth;INF903J01744;;25.6494;25.3929;26.2265;14-Nov-2008
101472;Sundaram Equity Hybrid Fund Regular Plan - Income Distribution cum Capital Withdrawal (IDCW);INF903J01728;INF903J01736;10.8515;10.7430;11.0957;14-Nov-2008

Open Ended Schemes ( Hybrid Scheme - Aggressive Hybrid Fund )


Aditya Birla Sun Life Mutual Fund
103155;Aditya Birla Sun Life Equity Hybrid'95 Fund - Regular Plan-Growth;INF209K01BT5;;145.13;141.86;148.40;14-Nov-2008
103154;Aditya Birla Sun Life Equity Hybrid'95 Fund -Regular - IDCW;INF209K01BS7;INF209K01EE1;63.58;62.15;65.01;14-Nov-2008

Baroda BNP Paribas Mutual Fund
101912;BARODA  HYBRID EQUITY FUND - Plan A - Growth Option;INF955L01708;;18.30;18.30;18.57;14-Nov-2008
101913;BARODA HYBRID EQUITY FUND - Plan A - IDCW Option;INF955L01682;INF955L01690;18.48;18.48;18.76;14-Nov-2008

Canara Robeco Mutual Fund
106166;CANARA ROBECO EQUITY HYBRID FUND - REGULAR PLAN - GROWTH OPTION;INF760K01050;;31.2100;31.2100;31.9100;14-Nov-2008
106167;CANARA ROBECO EQUITY HYBRID FUND - REGULAR PLAN - MONTHLY IDCW (Payout/Reinvestment);INF760K01068;INF760K01076;31.2100;31.2100;31.9100;14-Nov-2008

DSP Mutual Fund
100081;DSP Aggressive Hybrid Fund- Regular Plan - Growth;INF740K01318;;35.4100;35.0560;36.2070;14-Nov-2008
100082;DSP Aggressive Hybrid Fund- Regular Plan - IDCW;INF740K01326;INF740K01334;16.0530;15.8920;16.4140;14-Nov-2008

Franklin Templeton Mutual Fund
100550;Franklin India Aggressive Hybrid Fund - Growth Plan;INF090I01817;;28.0185;27.8784;28.6489;14-Nov-2008
100549;Franklin India Aggressive Hybrid Fund - IDCW;INF090I01825;INF090I01833;15.3808;15.3039;15.7269;14-Nov-2008

HDFC Mutual Fund
102948;HDFC Hybrid Equity Fund - Growth Plan;INF179K01AS4;;12.204;12.204;12.479;14-Nov-2008
102947;HDFC Hybrid Equity Fund - IDCW Plan;INF179K01AQ8;INF179K01AR6;8.425;8.425;8.615;14-Nov-2008

ICICI Prudential Mutual Fund
100356;ICICI Prudential Equity & Debt Fund - Growth;INF109K01480;;24.90;24.90;25.46;14-Nov-2008
100355;ICICI Prudential Equity & Debt Fund - Monthly IDCW;INF109K01DX5;INF109K01498;10.03;10.03;10.26;14-Nov-2008

JM Financial Mutual Fund
100220;JM Aggressive Hybrid Fund (Regular) - IDCW;INF192K01528;INF192K01536;10.4560;10.4560;10.6913;14-Nov-2008
100221;JM Aggressive Hybrid Fund (Regular) -Growth Option;INF192K01544;;13.7523;13.7523;14.0617;14-Nov-2008

Kotak Mahindra Mutual Fund
100286;Kotak Aggressive Hybrid Fund - Regular Plan - IDCW - Payout & Reinvestment of Income Distribution cum capital withdrawal option;INF174K01450;INF174K01443;15.817;15.817;16.173;14-Nov-2008

LIC Mutual Fund
100323;LIC MF Aggressive Hybrid Fund-Regular Plan-Growth;INF767K01030;;37.5391;37.5391;37.5391;14-Nov-2008
100321;LIC MF Aggressive Hybrid Fund-Regular Plan-IDCW;INF767K01022;INF767K01014;7.9344;7.9344;7.9344;14-Nov-2008

Principal Mutual Fund
101266;Principal Hybrid Equity Fund- Monthly Income Distribution CUM Capital Withdrawal;INF173K01CI4;INF173K01CJ2;9.0300;8.9800;9.2300;14-Nov-2008
101265;Principal Hybrid Equity Fund-Growth;INF173K01CL8;;17.8800;17.7900;18.2800;14-Nov-2008

quant Mutual Fund
101070;quant Aggressive Hybrid Fund - Growth Option - Regular Plan;INF966L01267;;38.2626;38.2626;39.1235;14-Nov-2008
101069;quant Aggressive Hybrid Fund-IDCW Option - Regular Plan;INF966L01242;INF966L01259;8.5467;8.5467;8.7390;14-Nov-2008

SBI Mutual Fund
101551;SBI Equity Hybrid Fund - Regular Plan - Income Distribution cum Capital Withdrawal Option (IDCW);INF200K01115;INF200K01123;18.14;17.96;18.55;14-Nov-2008
102885;SBI EQUITY HYBRID FUND - REGULAR PLAN -Growth;INF200K01107;;28.05;27.77;28.68;14-Nov-2008

Tata Mutual Fund
100414;Tata Hybrid Equity Fund- Regular Plan - Growth Option;INF277K01303;;40.6391;40.2327;41.5535;14-Nov-2008
101222;Tata Hybrid Equity Fund- Regular Plan - Periodic Payout of IDCW Option;INF277K01DB6;INF277K01295;28.1189;27.8377;28.7516;14-Nov-2008

UTI Mutual Fund
100684;UTI Aggressive Hybrid Fund - Regular Plan - Growth;INF789F01323;;43.13;43.13;44.1;14-Nov-2008
100685;UTI Aggressive Hybrid Fund - Regular Plan - IDCW;INF789F01307;INF789F01315;13.74;13.74;14.05;14-Nov-2008

Open Ended Schemes ( Hybrid Scheme - Dynamic Asset Allocation or Balanced Advantage )


HDFC Mutual Fund
100119;HDFC Balanced Advantage Fund - Growth Plan;INF179K01830;;41.694;41.694;42.632;14-Nov-2008
100120;HDFC Balanced Advantage Fund - IDCW Plan;INF179K01814;INF179K01822;20.534;20.534;20.996;14-Nov-2008

HSBC Mutual Fund
106671;HSBC Dynamic Asset Allocation Fund - Dividend;INF336L01404;INF336L01396;6.2940;6.2311;6.4513;14-Nov-2008
106670;HSBC Dynamic Asset Allocation Fund - Growth;INF336L01412;;6.2940;6.2311;6.4513;14-Nov-2008

ICICI Prudential Mutual Fund
104685;ICICI Prudential Balanced Advantage Fund - Growth;INF109K01BH2;;7.86;7.82;8.04;14-Nov-2008
104686;ICICI Prudential Balanced Advantage Fund - IDCW;INF109K01EG8;INF109K01BG4;7.45;7.41;7.62;14-Nov-2008

Invesco Mutual Fund
106317;Invesco India Balanced Advantage Fund - Growth;INF205K01213;;6.44;6.44;6.58;14-Nov-2008
106316;Invesco India Balanced Advantage Fund - IDCW (Payout / Reinvestment);INF205K01239;INF205K01221;6.44;6.44;6.58;14-Nov-2008

UTI Mutual Fund
100646;UTI - Unit Linked Insurance Plan;;;13.1194;13.1194;13.4146;14-Nov-2008

Open Ended Schemes ( Hybrid Scheme - Multi Asset Allocation )


HDFC Mutual Fund
103131;HDFC Multi-Asset Fund - Growth Option;INF179K01AP0;;11.8651;11.7464;11.9838;14-Nov-2008
103130;HDFC Multi-Asset Fund - IDCW Option;INF179K01AN5;INF179K01AO3;9.8227;9.7245;9.9209;14-Nov-2008

ICICI Prudential Mutual Fund
101144;ICICI Prudential Multi-Asset Fund - Growth;INF109K01761;;48.4001;48.4001;49.4891;14-Nov-2008
101143;ICICI Prudential Multi-Asset Fund - IDCW;INF109K01ED5;INF109K01779;11.1279;11.1279;11.3783;14-Nov-2008
104898;ICICI Prudential Multi-Asset Fund-Institutional Option - I;INF109K01787;;7.4374;7.4374;7.4374;14-Nov-2008

quant Mutual Fund
101071;quant Multi Asset Allocation Fund - IDCW Option - Regular Plan;INF966L01184;INF966L01192;15.9768;15.9768;15.9768;14-Nov-2008
101072;quant Multi Asset Allocation Fund-GROWTH OPTION - Regular Plan;INF966L01200;;17.4942;17.4942;17.4942;14-Nov-2008

SBI Mutual Fund
103409;SBI Multi Asset Allocation Fund - Regular Plan - Annual Income Distribution cum Capital Withdrawal Option (IDCW);INF200K01784;INF200K01792;10.1535;10.1535;10.1535;14-Nov-2008
103408;SBI MULTI ASSET ALLOCATION FUND - REGULAR PLAN - GROWTH;INF200K01800;;10.9361;10.9361;10.9361;14-Nov-2008
103400;SBI Multi Asset Allocation Fund - Regular Plan - Monthly Income Distribution cum Capital Withdrawal Option (IDCW);INF200K01818;INF200K01826;9.6540;9.6540;9.6540;14-Nov-2008
103401;SBI Multi Asset Allocation Fund - Regular Plan - Quarterly Income Distribution cum Capital Withdrawal Option (IDCW);INF200K01834;INF200K01842;9.5986;9.5986;9.5986;14-Nov-2008

Open Ended Schemes ( Hybrid Scheme - Arbitrage Fund )


Bandhan Mutual Fund
108844;BANDHAN Arbitrage Fund - Plan B - Dividend;INF194K01623;INF194K01631;10.4773;10.4773;10.4773;14-Nov-2008
108846;BANDHAN Arbitrage Fund - Plan B - Growth;INF194K01615;;11.6970;11.6970;11.6970;14-Nov-2008
108845;BANDHAN Arbitrage Fund - Regular Plan - Growth;INF194K01649;;11.5860;11.5860;11.5860;14-Nov-2008
108847;BANDHAN Arbitrage Fund - Regular Plan - Monthly IDCW;INF194K01656;INF194K01664;10.3698;10.3698;10.3698;14-Nov-2008

HDFC Mutual Fund
106796;HDFC ARBITRAGE FUND - Retail Growth Option;INF179K01319;;10.864;10.81;10.864;14-Nov-2008
106799;HDFC ARBITRAGE FUND - Retail IDCW Option;;;10.003;9.953;10.003;14-Nov-2008
106797;HDFC ARBITRAGE FUND - Retail Quarterly IDCW Option;INF179K01327;;10.155;10.104;10.155;14-Nov-2008
106793;HDFC ARBITRAGE FUND - Wholesale Growth Option;INF179K01343;;10.893;10.839;10.893;14-Nov-2008
106795;HDFC ARBITRAGE FUND - Wholesale IDCW Option;INF179KA1KM1;INF179KA1KL3;10.158;10.107;10.158;14-Nov-2008
106794;HDFC Arbitrage Fund Wholesale Plan Dividend Option;;;10.006;9.956;10.006;14-Nov-2008

ICICI Prudential Mutual Fund
104682;ICICI Prudential Equity - Arbitrage Fund-Institutional Dividend Option;INF109K01EE3;INF109K01BC3;10.37;10.32;10.37;14-Nov-2008
104684;ICICI Prudential Equity - Arbitrage Fund-Institutional Growth Option;INF109K01BD1;;11.88;11.82;11.88;14-Nov-2008
104683;ICICI Prudential Equity Arbitrage Fund - Growth;INF109K01BF6;;11.82;11.76;11.82;14-Nov-2008
104681;ICICI Prudential Equity Arbitrage Fund - IDCW;INF109K01EF0;INF109K01BE9;10.31;10.26;10.31;14-Nov-2008

Invesco Mutual Fund
105603;Invesco India Arbitrage Fund - Growth Option;INF205K01122;;11.3803;11.3803;11.3803;14-Nov-2008
105604;Invesco India Arbitrage Fund - IDCW (Payout / Reinvestment);INF205K01148;INF205K01130;10.3216;10.3216;10.3216;14-Nov-2008

JM Financial Mutual Fund
103780;JM Arbitrage Fund (Regular) - Growth Option;INF192K01510;;12.1396;12.0182;12.1396;14-Nov-2008
103781;JM Arbitrage Fund (Regular) - IDCW ;INF192K01494;INF192K01502;10.2631;10.1605;10.2631;14-Nov-2008

Kotak Mahindra Mutual Fund
105968;Kotak Arbitrage Fund - Regular Plan - Growth;INF174K01302;;12.7074;12.7074;12.7074;14-Nov-2008
105967;Kotak Arbitrage Fund - Regular Plan - IDCW - Payout & Re-investment of Income Distribution cum capital withdrawal option;INF174K01328;INF174K01310;10.6867;10.6867;10.6867;14-Nov-2008

SBI Mutual Fund
104457;SBI Arbitrage Opportunities Fund - Regular Plan - Gr;INF200K01156;;11.8950;11.8653;11.8950;14-Nov-2008
104458;SBI Arbitrage Opportunities Fund - Regular Plan - Income Distribution cum Capital Withdrawal Option (IDCW);INF200K01131;INF200K01149;11.2645;11.2363;11.2645;14-Nov-2008

UTI Mutual Fund
104075;UTI Arbitrage Fund - Regular Plan - Growth Option;INF789FB1RJ0;;12.2687;12.2687;12.2687;14-Nov-2008
104074;UTI Arbitrage Fund - Regular Plan - IDCW;INF789FB1RH4;INF789FB1RI2;11.4145;11.4145;11.4145;14-Nov-2008

Open Ended Schemes ( Hybrid Scheme - Equity Savings )


Bandhan Mutual Fund
108995;BANDHAN Equity Savings Fund - Regular Plan - Growth;INF194K01581;;10.4113;10.4113;10.4113;14-Nov-2008
108992;BANDHAN Equity Savings Fund - Regular Plan - Monthly IDCW;INF194K01599;INF194K01607;10.3808;10.3808;10.3808;14-Nov-2008
108993;BANDHAN Equity Savings Fund -B-DIVIDEND;INF194K01565;INF194K01573;10.3977;10.3977;10.3977;14-Nov-2008
108994;BANDHAN Equity Savings Fund -B-GROWTH;INF194K01557;;10.3982;10.3982;10.3982;14-Nov-2008

HDFC Mutual Fund
101585;HDFC Equity Savings Fund - GROWTH PLAN;INF179K01AM7;;13.0548;12.9243;13.1853;14-Nov-2008
101586;HDFC Equity Savings Fund - IDCW PLAN;INF179K01AK1;INF179K01AL9;9.8881;9.7892;9.987;14-Nov-2008

Principal Mutual Fund
101498;Principal Equity Savings Fund - Growth Option;INF173K01213;;16.4274;16.3453;16.4274;14-Nov-2008
101499;Principal Equity Savings Fund - Half Yearly Income Distribution CUM Capital Withdrawal;INF173K01247;INF173K01254;9.9832;9.9333;9.9832;14-Nov-2008
101500;Principal Equity Savings Fund -Quaterly Income Distribution CUM Capital Withdrawal;INF173K01262;INF173K01270;10.4131;10.3610;10.4131;14-Nov-2008

Tata Mutual Fund
101906;Tata Equity Savings Fund -Regular Plan-Growth Option;INF277K01907;;15.5808;15.5029;15.5808;14-Nov-2008
102118;Tata Equity Savings Fund- Regular Plan - Periodic Payout of IDCW Option;INF277K01EF5;INF277K01915;11.5250;11.4674;11.5250;14-Nov-2008
101609;TATA Equity Savings Fund- Regular Plan -Monthly Payout of IDCW option;INF277K01EE8;INF277K01899;11.3999;11.3429;11.3999;14-Nov-2008

Open Ended Schemes ( Solution Oriented Scheme - Retirement Fund )


Franklin Templeton Mutual Fund
100536;Franklin India Retirement Fund - Growth;INF090I01510;;40.7836;40.7836;41.7012;14-Nov-2008
100535;Franklin India Retirement Fund - IDCW;INF090I01528;INF090I01536;13.4921;13.4921;13.7957;14-Nov-2008

UTI Mutual Fund
100682;UTI Retirement Fund - Regular Plan;;;17.6133;17.6133;17.8775;14-Nov-2008

Open Ended Schemes ( Solution Oriented Scheme - Children’s Fund )


HDFC Mutual Fund
100900;HDFC Childrens Fund - Growth Plan;;;19.409;19.409;19.846;14-Nov-2008
100899;HDFC Childrens Fund-Savings;;;15.59;15.59;15.785;14-Nov-2008

ICICI Prudential Mutual Fund
101127;ICICI Prudential Child Care Fund (Gift Plan) - Cumulative;INF109K01605;;27.15;26.88;27.56;14-Nov-2008

LIC Mutual Fund
101271;LIC MF Children's Fund-Regular Plan-Growth;INF767K01048;;6.8170;6.8170;6.8170;14-Nov-2008

SBI Mutual Fund
101169;SBI Magnum Children's Benefit Fund - Savings Plan - REGULAR PLAN - GROWTH;INF200K01776;;17.4820;16.9575;17.7442;14-Nov-2008

Tata Mutual Fund
101491;Tata Young Citizens' Fund -Regular Plan-Growth Option;INF277K01AJ5;;12.7089;12.5818;13.0266;14-Nov-2008
101490;Tata Young Citizen Fund [>3 years upto 7 years] Regular Plan;;;12.7089;12.4547;13.0266;14-Nov-2008
101489;Tata Young Citizen Fund [Upto 3 years] Regular Plan;;;12.7089;12.3276;13.0266;14-Nov-2008

UTI Mutual Fund
102267;UTI Children's Equity Fund - Regular Plan - Growth Option;;;9.8394;9.8394;10.0608;14-Nov-2008
102266;UTI Children's Equity Fund - Regular Plan - IDCW;;;9.8392;9.8392;10.0606;14-Nov-2008
100678;UTI Children's Hybrid Fund - Regular Plan;;;12.4897;12.4897;12.7395;14-Nov-2008

Open Ended Schemes ( Other Scheme - Index Funds )


Aditya Birla Sun Life Mutual Fund
101314;Aditya Birla Sun Life Nifty 50 Index Fund - Growth - Regular Plan;INF209K01LB2;;28.1157;27.5534;28.7483;14-Nov-2008
101313;Aditya Birla Sun Life Nifty 50 Index Fund -REGULAR - IDCW;INF209K01LA4;INF209K01LC0;10.8788;10.6612;11.1236;14-Nov-2008

Franklin Templeton Mutual Fund
100484;Franklin India Index Fund- NSE Nifty 50 Index Fund - Growth;INF090I01890;;22.2235;22.2235;22.2235;14-Nov-2008
105067;Franklin India INDEX FUND- NSE NIFTY 50 INDEX FUND - IDCW;INF090I01874;INF090I01882;22.2235;22.2235;22.2235;14-Nov-2008

HDFC Mutual Fund
101281;HDFC BSE Sensex Index Fund - Growth Plan;INF179K01LA9;;82.0151;81.1949;82.0151;14-Nov-2008
101525;HDFC Nifty 50 Index Fund - Growth Plan;INF179K01KZ8;;25.4398;25.1854;25.4398;14-Nov-2008

ICICI Prudential Mutual Fund
101349;ICICI Prudential Nifty 50 Index Fund - Cumulative Option;INF109K01PI0;;25.9016;25.9016;26.1606;14-Nov-2008

LIC Mutual Fund
101199;LIC MF BSE Sensex Index Fund-Regular Plan-Growth;INF767K01139;;18.0663;18.0663;18.0663;14-Nov-2008
101198;LIC MF BSE Sensex Index Fund-Regular Plan-IDCW;INF767K01121;INF767K01113;6.1906;6.1906;6.1906;14-Nov-2008
101202;LIC MF Index Fund-Sensex Advantage-Dividend;INF767K01188;INF767K01170;7.1557;7.1557;7.1557;14-Nov-2008
101203;LIC MF Index Fund-Sensex Advantage-Growth;INF767K01196;;17.2756;17.2756;17.2756;14-Nov-2008
101201;LIC MF Nifty 50 Index Fund-Regular Plan-Growth;INF767K01162;;16.4285;16.4285;16.4285;14-Nov-2008
101200;LIC MF Nifty 50 Index Fund-Regular Plan-IDCW;INF767K01154;INF767K01147;6.0607;6.0607;6.0607;14-Nov-2008

Principal Mutual Fund
100153;Principal Nifty 100 Equal Weight Fund-Growth;INF173K01AG2;;19.6448;19.4484;20.0868;14-Nov-2008
100152;Principal Nifty 100 Equal Weight Fund-Income Distribution CUM Capital Withdrawal;INF173K01AH0;INF173K01AI8;15.2223;15.0700;15.5600;14-Nov-2008

SBI Mutual Fund
102272;SBI NIFTY INDEX FUND - REGULAR PLAN - GROWTH;INF200K01537;;24.1520;24.1520;24.2728;14-Nov-2008
102273;SBI Nifty Index Fund - Regular Plan - Income Distribution cum Capital Withdrawal Option (IDCW);INF200K01545;INF200K01552;12.3182;12.3182;12.3798;14-Nov-2008

Tata Mutual Fund
101746;Tata S&P BSE Sensex Index Fund -Regular Plan;INF277K01758;;23.2606;23.2606;23.4932;14-Nov-2008
101659;Tata Nifty 50 Index Fund -Regular Plan;INF277K01741;;17.0036;17.0036;17.1736;14-Nov-2008

UTI Mutual Fund
100822;UTI Nifty 50 Index Fund - Regular Plan - Growth Option;INF789F01JN2;;17.7522;17.7522;17.7522;14-Nov-2008
100823;UTI Nifty 50 Index Fund - Regular Plan - IDCW;INF789F01JL6;INF789F01JM4;9.0395;9.0395;9.0395;14-Nov-2008

Open Ended Schemes ( Other Scheme - Gold ETF )


Kotak Mahindra Mutual Fund
106193;KOTAK GOLD ETF;INF174KA1HJ8;;1164.502;1164.502;1164.502;14-Nov-2008

Quantum Mutual Fund
107693;Quantum Gold Fund;INF082J01408;;580.2020;580.2020;580.2020;14-Nov-2008

UTI Mutual Fund
105463;UTI GOLD Exchange Traded Fund;INF789F1AUX7;;1164.0244;1164.0244;0;14-Nov-2008

Open Ended Schemes ( Other Scheme - Other  ETFs )


ICICI Prudential Mutual Fund
101705;ICICI Prudential BSE Sensex ETF;INF346A01034;;98.5377;98.5377;98.5377;14-Nov-2008

Kotak Mahindra Mutual Fund
109010;Kotak BSE Sensex ETF;INF174KA1JD7;;94.0918;94.0918;94.0918;14-Nov-2008
106929;Kotak Nifty PSU Bank ETF;INF373I01023;;183.6922;183.6922;183.6922;14-Nov-2008

Quantum Mutual Fund
108479;Quantum Nifty 50 ETF;INF082J01028;;282.6314;282.6314;282.6314;14-Nov-2008

Open Ended Schemes ( Other Scheme - FoF Overseas )


DSP Mutual Fund
106597;DSP World Gold Fund of Fund - Regular Plan - Growth;INF740K01250;;7.7081;7.6310;7.8815;14-Nov-2008
106596;DSP World Gold Fund of Fund - Regular Plan - IDCW;INF740K01268;INF740K01276;7.7081;7.6310;7.8815;14-Nov-2008

HSBC Mutual Fund
107988;HSBC Global Emerging Markets Fund - Growth;INF336L01446;;5.8395;5.7811;5.9855;14-Nov-2008
107989;HSBC Global Emerging Markets Fund - IDCW;INF336L01438;INF336L01420;5.8395;5.7811;5.9855;14-Nov-2008

Kotak Mahindra Mutual Fund
106441;Kotak Global Emerging Market Fund - Growth;INF174K01DV3;;5.331;5.331;5.331;14-Nov-2008
106442;Kotak Global Emerging Market Fund - Payout of Income Distribution cum capital withdrawal option;INF174K01DX9;INF174K01DW1;5.331;5.331;5.331;14-Nov-2008

Principal Mutual Fund
102336;Principal Global Opportunities Fund- Income Distribution CUM Capital Withdrawal Option;INF173K01CQ7;INF173K01CR5;9.8416;9.7432;10.0876;14-Nov-2008
102337;Principal Global Opportunities Fund-Growth Option;INF173K01CT1;;9.8416;9.7432;10.0876;14-Nov-2008

Sundaram Mutual Fund
106370;Sundaram Global Brand Theme-Equity Active FOF - Regular Growth;INF903J01EX1;;6.2328;6.1393;6.4042;14-Nov-2008
106369;Sundaram Global Brand Theme-Equity Active FOF - Regular IDCW;INF903J01EY9;INF903J01EZ6;6.2327;6.1392;6.4041;14-Nov-2008

Open Ended Schemes ( Other Scheme - FoF Domestic )


Bandhan Mutual Fund
108547;Bandhan Income Plus Arbitrage Fund of Funds - Regular Plan - Annual IDCW;INF194K01SG0;INF194K01SF2;10.8877;10.8877;10.8877;14-Nov-2008
108545;Bandhan Income Plus Arbitrage Fund of Funds - Regular Plan - Growth;INF194K01SE5;;13.1927;13.1927;13.1927;14-Nov-2008
108546;Bandhan Income Plus Arbitrage Fund of Funds - Regular Plan - Half Yearly IDCW;INF194K01SI6;INF194K01SH8;10.7384;10.7384;10.7384;14-Nov-2008
108544;Bandhan Income Plus Arbitrage Fund of Funds - Regular Plan - Quarterly IDCW;INF194K01SK2;INF194K01SJ4;10.5859;10.5859;10.5859;14-Nov-2008

Franklin Templeton Mutual Fund
101657;Franklin India Dynamic Asset Allocation Active Fund of funds - IDCW;INF090I01247;INF090I01254;22.6972;22.6972;23.2079;14-Nov-2008
101656;Franklin India Dynamic Asset Allocation Active Fund of Funds-Growth;INF090I01262;;22.6972;22.6972;23.2079;14-Nov-2008
102108;Franklin India Life Stage Fund of Funds - 20's Plan - IDCW ;INF090I01577;;18.4176;18.4176;18.4176;14-Nov-2008
102107;Franklin INDIA LIFE STAGE FUND OF FUNDS - THE 20S PLAN (G);INF090I01593;;18.4176;18.4176;18.4176;14-Nov-2008
102110;Franklin India Life Stage Fund of Funds - 30's Plan - IDCW ;INF090I01601;;16.0920;16.0920;16.0920;14-Nov-2008
102109;Franklin INDIA LIFE STAGE FUND OF FUNDS - THE 30S PLAN (G);INF090I01627;;16.0920;16.0920;16.0920;14-Nov-2008
102111;Franklin India Life Stage Fund of Funds - 40's Plan - IDCW ;INF090I01635;;11.5971;11.5971;11.5971;14-Nov-2008
102112;Franklin INDIA LIFE STAGE FUND OF FUNDS - THE 40S PLAN (G);INF090I01650;;14.1126;14.1126;14.1126;14-Nov-2008
102546;Franklin India Life Stage Fund Of Funds - 50's Plus Floating Rate Plan - IDCW ;INF090I01692;;11.1148;11.1148;11.1704;14-Nov-2008
102547;Franklin India Life Stage Fund of Funds - The 50s Plus Flo (Gro);INF090I01718;;14.6130;14.6130;14.6861;14-Nov-2008
102113;Franklin India Life Stage Fund of Funds - 50's Plus Plan - IDCW ;INF090I01668;;9.7584;9.7584;9.7584;14-Nov-2008
102114;Franklin INDIA LIFE STAGE FUND OF FUNDS - THE 50+S PLAN (G);INF090I01684;;12.7184;12.7184;12.7184;14-Nov-2008

ICICI Prudential Mutual Fund
102137;ICICI Prudential Asset Allocator Fund (FOF) - Growth;INF109K01837;;15.4661;15.4661;15.6208;14-Nov-2008
102138;ICICI Prudential Asset Allocator Fund (FOF) - IDCW;INF109K01FJ9;INF109K01845;15.4661;15.4661;15.6208;14-Nov-2008
102141;ICICI Prudential Debt Management Fund (FOF) - Growth;INF109K01878;;13.6133;13.6133;13.6133;14-Nov-2008
102143;ICICI Prudential Debt Management Fund (FOF ) - IDCW;INF109K01FS0;INF109K01886;13.6133;13.6133;13.6133;14-Nov-2008
102139;ICICI Prudential Income Plus Arbitrage Active FOF - Growth;INF109K01811;;13.1197;13.1197;13.1197;14-Nov-2008
102140;ICICI Prudential Income plus Arbitrage Active FOF - IDCW;INF109K01EB9;INF109K01829;13.1197;13.1197;13.1197;14-Nov-2008
102134;ICICI Prudential Passive Strategy Fund (FOF) - IDCW;INF109K01DW7;INF109K01803;16.7868;16.7868;17.0386;14-Nov-2008
102133;ICICI Prudential Passive Strategy Fund (FOF) - Growth;INF109K01795;;16.7868;16.7868;17.0386;14-Nov-2008
102135;ICICI Prudential Thematic Advantage Fund (FOF) - Growth;INF109K01852;;18.0571;18.0571;18.3731;14-Nov-2008
102136;ICICI Prudential Thematic Advantage Fund (FOF) - IDCW;INF109K01FR2;INF109K01860;18.0571;18.0571;18.3731;14-Nov-2008

Kotak Mahindra Mutual Fund
102574;Kotak Multi Asset Allocator Fund of Fund - Dynamic - Growth;INF174K01468;;18.328;18.328;18.74;14-Nov-2008
102573;Kotak Multi Asset Allocator Fund of Fund - Dynamic - Payout of Income Distribution cum capital withdrawal option;INF174K01484;INF174K01476;18.328;18.328;18.74;14-Nov-2008

Open Ended Schemes ( Equity Scheme - Flexi Cap Fund )


Aditya Birla Sun Life Mutual Fund
103166;Aditya Birla Sun Life Flexi Cap Fund - Growth - Regular Plan;INF209K01AJ8;;128.76;126.18;131.66;14-Nov-2008
103165;Aditya Birla Sun Life Flexi Cap Fund -Regular - IDCW;INF209K01AQ3;INF209K01DT1;41.50;40.67;42.43;14-Nov-2008

Bandhan Mutual Fund
108594;BANDHAN Flexi Cap Fund - Regular Plan - Growth;INF194K01391;;12.6641;12.6641;12.9491;14-Nov-2008
108595;BANDHAN Flexi Cap Fund - Regular Plan - IDCW;INF194K01409;INF194K01417;12.6641;12.6641;12.9491;14-Nov-2008

Canara Robeco Mutual Fund
101924;Canara Robeco Equity Diversified-Bonus Option;INF760K01043;;12.9100;12.9100;13.2000;14-Nov-2008
101922;CANARA ROBECO FLEXICAP FUND - REGULAR PLAN - GROWTH OPTION;INF760K01019;;23.8700;23.8700;24.4100;14-Nov-2008
101923;CANARA ROBECO FLEXICAP FUND - REGULAR PLAN - IDCW (Payout/Reinvestment);INF760K01027;INF760K01035;12.9100;12.9100;13.2000;14-Nov-2008

DSP Mutual Fund
105875;DSP Flexi Cap Fund - Regular Plan - Growth;INF740K01037;;7.5290;7.4540;7.6980;14-Nov-2008
100080;DSP Flexi Cap Fund - Regular Plan - IDCW;INF740K01011;INF740K01029;28.7890;28.5010;29.4370;14-Nov-2008

Franklin Templeton Mutual Fund
100520;Franklin India Flexi Cap Fund - Growth;INF090I01239;;106.8365;106.3023;109.2403;14-Nov-2008
100519;Franklin India Flexi Cap Fund - IDCW ;INF090I01213;INF090I01221;20.4366;20.3344;20.8964;14-Nov-2008

HDFC Mutual Fund
101762;HDFC Flexi Cap Fund - Growth Plan;INF179K01608;;106.605;106.605;109.004;14-Nov-2008
101763;HDFC Flexi Cap Fund - IDCW Plan;INF179K01582;INF179K01590;24.59;24.59;25.143;14-Nov-2008

HSBC Mutual Fund
102252;HSBC Flexi Cap Fund - Regular Growth;INF336L01AF5;;19.1452;18.9537;19.5760;14-Nov-2008
102251;HSBC Flexi Cap Fund - Regular IDCW;INF336L01AE8;INF336L01AD0;10.1430;10.0416;10.3712;14-Nov-2008

JM Financial Mutual Fund
109522;JM Flexicap Fund (Regular) - Growth option;INF192K01635;;7.0574;7.0574;7.2162;14-Nov-2008
109523;JM Flexicap Fund (Regular) - IDCW;INF192K01619;INF192K01627;7.0574;7.0574;7.2162;14-Nov-2008

LIC Mutual Fund
100313;LIC MF Flexi Cap Fund-Regular Plan-Growth;INF767K01071;;14.0283;14.0283;14.0283;14-Nov-2008
100312;LIC MF Flexi Cap Fund-Regular Plan-IDCW;INF767K01063;INF767K01055;5.5276;5.5276;5.5276;14-Nov-2008

quant Mutual Fund
109830;quant Flexi Cap Fund - Growth Option - Regular Plan;INF966L01457;;10.0662;10.0662;10.0662;14-Nov-2008
109831;quant Flexi Cap Fund - IDCW Option - Regular Plan;INF966L01432;INF966L01440;10.0657;10.0657;10.0657;14-Nov-2008

SBI Mutual Fund
103216;SBI Flexicap Fund - Regular Plan - Income Distribution cum Capital Withdrawal Option (IDCW);INF200K01230;INF200K01248;7.31;7.24;7.47;14-Nov-2008
103215;SBI Flexicap Fund - REGULAR PLAN -Growth Option;INF200K01222;;9.62;9.52;9.84;14-Nov-2008

Taurus Mutual Fund
100476;Taurus Flexi Cap Fund - Regular Plan - Growth ;INF044D01989;;25.91;25.65;26.49;14-Nov-2008

UTI Mutual Fund
100669;UTI - Flexi Cap Fund-Growth Option;INF789F01513;;25.72;25.72;26.3;14-Nov-2008
100668;UTI Flexi Cap Fund - Regular Plan - IDCW;INF189A01053;INF789F01505;23.63;23.63;24.16;14-Nov-2008

Close Ended Schemes ( Income )


Aditya Birla Sun Life Mutual Fund
109088;Birla Fixed Term Plan - Half Yearly Series 4 DIVIDEND;;;10.3852;10.3333;10.3852;14-Nov-2008
109089;Birla Fixed Term Plan - Half Yearly Series 4 GROWTH;;;10.3852;10.3333;10.3852;14-Nov-2008
109091;Birla Fixed Term Plan - Series AW INSTITUTIONAL DIVIDEND;;;10.0000;9.8000;0.0000;14-Nov-2008
109093;Birla Fixed Term Plan - Series AW INSTITUTIONAL GROWTH;;;10.2857;10.0800;0.0000;14-Nov-2008
109092;Birla Fixed Term Plan - Series AW RETAIL DIVIDEND;;;10.2662;10.0609;0.0000;14-Nov-2008
109090;Birla Fixed Term Plan - Series AW RETAIL GROWTH;;;10.2662;10.0609;0.0000;14-Nov-2008
109096;Birla Fixed Term Plan - Series AY INSTITUTIONAL GROWTH;;;10.2938;10.0879;0.0000;14-Nov-2008
109094;Birla Fixed Term Plan - Series AY RETAIL DIVIDEND;;;10.2812;10.0756;0.0000;14-Nov-2008
109097;Birla Fixed Term Plan - Series AY RETAIL GROWTH;;;10.2812;10.0756;0.0000;14-Nov-2008
105861;BIRLA SUN LIFE FIXED TERM PLAN  - 24 MONTHS - DIVIDEND;;;11.2880;10.8365;0.0000;14-Nov-2008
105860;BIRLA SUN LIFE FIXED TERM PLAN  - 24 MONTHS - GROWTH;;;11.2880;10.8365;0.0000;14-Nov-2008
105862;BIRLA SUN LIFE FIXED TERM PLAN  - 24 MONTHS - RETAIL DIVIDEND;;;11.2120;10.7635;0.0000;14-Nov-2008
105863;BIRLA SUN LIFE FIXED TERM PLAN  - 24 MONTHS - RETAIL GROWTH;;;11.2120;10.7635;0.0000;14-Nov-2008
110251;Birla Sun Life  Fixed Term Plan - Half Yearly Series 5 - Growth;;;10.0267;9.9766;10.0267;14-Nov-2008
110250;Birla Sun Life Fixed Term Plan - Half Yearly Series 5 - Dividend;;;10.0267;9.9766;10.0267;14-Nov-2008
106985;Birla Sun Life Fixed Term Plan - Series AD - INSTITUTIONAL DIVIDEND;;;10.7754;10.3444;0.0000;14-Nov-2008
106986;Birla Sun Life Fixed Term Plan - Series AD - RETAIL DIVIDEND;;;10.7461;10.3163;0.0000;14-Nov-2008
106984;Birla Sun Life Fixed Term Plan - Series AD - RETAIL GROWTH;;;10.7461;10.3163;0.0000;14-Nov-2008
106983;Birla Sun Life Fixed Term Plan - Series AD- INSTITUTIONAL GROWTH;;;10.7754;10.3444;0.0000;14-Nov-2008
107100;Birla Sun Life Fixed Term Plan - Series AE - INSTITUTIONAL DIVIDEND;;;10.6886;10.2611;0.0000;14-Nov-2008
107101;Birla Sun Life Fixed Term Plan - Series AE - RETAIL DIVIDEND;;;10.6425;10.2168;0.0000;14-Nov-2008
107102;Birla Sun Life Fixed Term Plan - Series AE - RETAIL GROWTH;;;10.6425;10.2168;0.0000;14-Nov-2008
107103;Birla Sun Life Fixed Term Plan - Series AE- INSTITUTIONAL GROWTH;;;10.6886;10.2611;0.0000;14-Nov-2008
109637;Birla Sun Life Fixed Term Plan - Series AF INSTITUTIONAL DIVIDEND;;;10.1313;9.8274;0.0000;14-Nov-2008
109638;Birla Sun Life Fixed Term Plan - Series AF INSTITUTIONAL GROWTH;;;10.1313;9.8274;0.0000;14-Nov-2008
109635;Birla Sun Life Fixed Term Plan - Series AF RETAIL DIVIDEND;;;10.1313;9.8274;0.0000;14-Nov-2008
109636;Birla Sun Life Fixed Term Plan - Series AF RETAIL GROWTH;;;10.1313;9.8274;0.0000;14-Nov-2008
107279;Birla Sun Life Fixed Term Plan - Series AG - INSTITUTIONAL DIVIDEND;;;10.5332;10.3225;0.0000;14-Nov-2008
107282;Birla Sun Life Fixed Term Plan - Series AG - INSTITUTIONAL GROWTH;;;10.7937;10.5778;0.0000;14-Nov-2008
107280;Birla Sun Life Fixed Term Plan - Series AG - RETAIL DIVIDEND;;;10.4951;10.2852;0.0000;14-Nov-2008
107281;Birla Sun Life Fixed Term Plan - Series AG - RETAIL GROWTH;;;10.7572;10.5421;0.0000;14-Nov-2008
107284;Birla Sun Life Fixed Term Plan - Series AH - INSTITUTIONAL DIVIDEND;;;10.6504;10.4374;0.0000;14-Nov-2008
107286;Birla Sun Life Fixed Term Plan - Series AH - INSTITUTIONAL GROWTH;;;10.6504;10.4374;0.0000;14-Nov-2008
107283;Birla Sun Life Fixed Term Plan - Series AH - RETAIL DIVIDEND;;;10.6108;10.3986;0.0000;14-Nov-2008
107285;Birla Sun Life Fixed Term Plan - Series AH - RETAIL GROWTH;;;10.6108;10.3986;0.0000;14-Nov-2008
107508;Birla Sun Life Fixed Term Plan - Series AJ - Institutional Dividend;;;10.0000;9.8000;0.0000;14-Nov-2008
107507;Birla Sun Life Fixed Term Plan - Series AJ - Institutional Growth;;;10.7481;10.5331;0.0000;14-Nov-2008
107506;Birla Sun Life Fixed Term Plan - Series AJ - Retail Growth;;;10.7136;10.4993;0.0000;14-Nov-2008
107595;Birla Sun Life Fixed Term Plan - Series AK INSTITUTIONAL DIVIDEND;;;10.5759;10.3644;0.0000;14-Nov-2008
107598;Birla Sun Life Fixed Term Plan - Series AK INSTITUTIONAL GROWTH;;;10.5759;10.3644;0.0000;14-Nov-2008
107596;Birla Sun Life Fixed Term Plan - Series AK RETAIL DIVIDEND;;;10.5509;10.3399;0.0000;14-Nov-2008
107597;Birla Sun Life Fixed Term Plan - Series AK RETAIL GROWTH;;;10.5509;10.3399;0.0000;14-Nov-2008
107687;Birla Sun Life Fixed Term Plan - Series AL  INSTITUTIONAL DIVIDEND;;;10.6323;10.4197;0.0000;14-Nov-2008
107688;Birla Sun Life Fixed Term Plan - Series AL  INSTITUTIONAL GROWTH;;;10.6323;10.4197;0.0000;14-Nov-2008
107690;Birla Sun Life Fixed Term Plan - Series AL  RETAIL DIVIDEND;;;10.5915;10.3797;0.0000;14-Nov-2008
107689;Birla Sun Life Fixed Term Plan - Series AL  RETAIL GROWTH;;;10.5915;10.3797;0.0000;14-Nov-2008
107879;Birla Sun Life Fixed Term Plan - Series AM  INSTITUTIONAL DIVIDEND;;;10.5795;10.3679;0.0000;14-Nov-2008
107880;Birla Sun Life Fixed Term Plan - Series AM  INSTITUTIONAL GROWTH;;;10.5795;10.3679;0.0000;14-Nov-2008
107878;Birla Sun Life Fixed Term Plan - Series AM  RETAIL DIVIDEND;;;10.5476;10.3366;0.0000;14-Nov-2008
107881;Birla Sun Life Fixed Term Plan - Series AM  RETAIL GROWTH;;;10.5476;10.3366;0.0000;14-Nov-2008
107882;Birla Sun Life Fixed Term Plan - Series AN  INSTITUTIONAL GROWTH;;;10.5809;10.3693;0.0000;14-Nov-2008
107885;Birla Sun Life Fixed Term Plan - Series AN  RETAIL DIVIDEND;;;10.5561;10.3450;0.0000;14-Nov-2008
107883;Birla Sun Life Fixed Term Plan - Series AN  RETAIL GROWTH;;;10.5561;10.3450;0.0000;14-Nov-2008
108055;Birla Sun Life Fixed Term Plan - Series AO INSTITUTIONAL GROWTH;;;10.5657;10.3544;0.0000;14-Nov-2008
108054;Birla Sun Life Fixed Term Plan - Series AO RETAIL DIVIDEND;;;10.0000;9.8000;0.0000;14-Nov-2008
108052;Birla Sun Life Fixed Term Plan - Series AO RETAIL GROWTH;;;10.5657;10.3544;0.0000;14-Nov-2008
108051;Birla Sun Life Fixed Term Plan - Series AP INSTITUTIONAL GROWTH;;;10.6262;10.4137;0.0000;14-Nov-2008
108048;Birla Sun Life Fixed Term Plan - Series AP RETAIL DIVIDEND;;;10.6023;10.3903;0.0000;14-Nov-2008
108049;Birla Sun Life Fixed Term Plan - Series AP RETAIL GROWTH;;;10.6023;10.3903;0.0000;14-Nov-2008
108059;Birla Sun Life Fixed Term Plan - Series AQ INSTITUTIONAL GROWTH;;;10.5438;10.3329;0.0000;14-Nov-2008
108056;Birla Sun Life Fixed Term Plan - Series AQ RETAIL DIVIDEND;;;10.5438;10.3329;0.0000;14-Nov-2008
108057;Birla Sun Life Fixed Term Plan - Series AQ RETAIL GROWTH;;;10.5438;10.3329;0.0000;14-Nov-2008
108092;Birla Sun Life Fixed Term Plan - Series AR INSTITUTIONAL GROWTH;;;10.5817;10.3701;0.0000;14-Nov-2008
108093;Birla Sun Life Fixed Term Plan - Series AR RETAIL DIVIDEND;;;10.5527;10.3416;0.0000;14-Nov-2008
108090;Birla Sun Life Fixed Term Plan - Series AR RETAIL GROWTH;;;10.5527;10.3416;0.0000;14-Nov-2008
108288;Birla Sun Life Fixed Term Plan - Series AS INSTITUTIONAL DIVIDEND;;;10.4264;10.2179;0.0000;14-Nov-2008
108289;Birla Sun Life Fixed Term Plan - Series AS INSTITUTIONAL GROWTH;;;10.4264;10.2179;0.0000;14-Nov-2008
108287;Birla Sun Life Fixed Term Plan - Series AS RETAIL DIVIDEND;;;10.4069;10.1988;0.0000;14-Nov-2008
108290;Birla Sun Life Fixed Term Plan - Series AS RETAIL GROWTH;;;10.4069;10.1988;0.0000;14-Nov-2008
108291;Birla Sun Life Fixed Term Plan - Series AT INSTITUTIONAL DIVIDEND;;;10.4752;10.2657;0.0000;14-Nov-2008
108292;Birla Sun Life Fixed Term Plan - Series AT INSTITUTIONAL GROWTH;;;10.4752;10.2657;0.0000;14-Nov-2008
108293;Birla Sun Life Fixed Term Plan - Series AT RETAIL DIVIDEND;;;10.4555;10.2464;0.0000;14-Nov-2008
108294;Birla Sun Life Fixed Term Plan - Series AT RETAIL GROWTH;;;10.4555;10.2464;0.0000;14-Nov-2008
108365;Birla Sun Life Fixed Term Plan - Series AU INSTITUTIONAL DIVIDEND;;;10.3726;10.1651;0.0000;14-Nov-2008
108366;Birla Sun Life Fixed Term Plan - Series AU INSTITUTIONAL GROWTH;;;10.3726;10.1651;0.0000;14-Nov-2008
108367;Birla Sun Life Fixed Term Plan - Series AU RETAIL DIVIDEND;;;10.3548;10.1477;0.0000;14-Nov-2008
108364;Birla Sun Life Fixed Term Plan - Series AU RETAIL GROWTH;;;10.3548;10.1477;0.0000;14-Nov-2008
108452;Birla Sun Life Fixed Term Plan - Series AV INSTITUTIONAL DIVIDEND;;;10.3788;10.1712;0.0000;14-Nov-2008
108451;Birla Sun Life Fixed Term Plan - Series AV INSTITUTIONAL GROWTH;;;10.3788;10.1712;0.0000;14-Nov-2008
108449;Birla Sun Life Fixed Term Plan - Series AV RETAIL DIVIDEND;;;10.3628;10.1555;0.0000;14-Nov-2008
108450;Birla Sun Life Fixed Term Plan - Series AV RETAIL GROWTH;;;10.3628;10.1555;0.0000;14-Nov-2008
109381;Birla Sun Life Fixed Term Plan - Series AZ INSTITUTIONAL DIVIDEND;;;10.2952;10.0893;0.0000;14-Nov-2008
109382;Birla Sun Life Fixed Term Plan - Series AZ INSTITUTIONAL GROWTH;;;10.2952;10.0893;0.0000;14-Nov-2008
109383;Birla Sun Life Fixed Term Plan - Series AZ RETAIL DIVIDEND;;;10.2787;10.0731;0.0000;14-Nov-2008
109384;Birla Sun Life Fixed Term Plan - Series AZ RETAIL GROWTH;;;10.2787;10.0731;0.0000;14-Nov-2008
109560;Birla Sun Life Fixed Term Plan - Series BA INSTITUTIONAL DIVIDEND;;;10.2626;10.0573;0.0000;14-Nov-2008
109561;Birla Sun Life Fixed Term Plan - Series BA INSTITUTIONAL GROWTH;;;10.2626;10.0573;0.0000;14-Nov-2008
109558;Birla Sun Life Fixed Term Plan - Series BA RETAIL DIVIDEND;;;10.2510;10.0460;0.0000;14-Nov-2008
109559;Birla Sun Life Fixed Term Plan - Series BA RETAIL GROWTH;;;10.2510;10.0460;0.0000;14-Nov-2008
109974;Birla Sun Life Fixed Term Plan - Series BB - Institutional Dividend;;;10.2153;10.0110;0.0000;14-Nov-2008
109973;Birla Sun Life Fixed Term Plan - Series BB - Institutional Growth;;;10.2153;10.0110;0.0000;14-Nov-2008
109972;Birla Sun Life Fixed Term Plan - Series BB - Retail Dividend;;;10.2090;10.0048;0.0000;14-Nov-2008
109971;Birla Sun Life Fixed Term Plan - Series BB - Retail Growth;;;10.2090;10.0048;0.0000;14-Nov-2008
110404;Birla Sun Life Fixed Term Plan - Series BG INSTITUTIONAL DIVIDEND;;;10.0768;9.8753;10.0768;14-Nov-2008
110406;Birla Sun Life Fixed Term Plan - Series BG INSTITUTIONAL GROWTH;;;10.0768;9.8753;10.0768;14-Nov-2008
110405;Birla Sun Life Fixed Term Plan - Series BG RETAIL DIVIDEND;;;10.0765;9.8750;10.0765;14-Nov-2008
110403;Birla Sun Life Fixed Term Plan - Series BG RETAIL GROWTH;;;10.0765;9.8750;10.0765;14-Nov-2008
110553;Birla Sun Life Fixed Term Plan - Series BH INSTITUTIONAL DIVIDEND;;;10.0506;9.8496;10.0506;14-Nov-2008
110552;Birla Sun Life Fixed Term Plan - Series BH INSTITUTIONAL GROWTH;;;10.0506;9.8496;10.0506;14-Nov-2008
110554;Birla Sun Life Fixed Term Plan - Series BH RETAIL DIVIDEND;;;10.0472;9.8463;10.0472;14-Nov-2008
110551;Birla Sun Life Fixed Term Plan - Series BH RETAIL GROWTH;;;10.0472;9.8463;10.0472;14-Nov-2008
110652;Birla Sun Life Fixed Term Plan - Series BI INSTITUTIONAL DIVIDEND;;;10.0237;9.8232;10.0237;14-Nov-2008
110655;Birla Sun Life Fixed Term Plan - Series BI INSTITUTIONAL GROWTH;;;10.0237;9.8232;10.0237;14-Nov-2008
110654;Birla Sun Life Fixed Term Plan - Series BI RETAIL DIVIDEND;;;10.0223;9.8219;10.0223;14-Nov-2008
110653;Birla Sun Life Fixed Term Plan - Series BI RETAIL GROWTH;;;10.0223;9.8219;10.0223;14-Nov-2008
110031;Birla Sun Life Fixed Term Plan - Series BC INSTITUTIONAL DIVIDEND;;;10.1503;9.9473;10.1503;14-Nov-2008
110032;Birla Sun Life Fixed Term Plan - Series BC INSTITUTIONAL GROWTH;;;10.1503;9.9473;10.1503;14-Nov-2008
110029;Birla Sun Life Fixed Term Plan - Series BC RETAIL DIVIDEND;;;10.1450;9.9421;10.1450;14-Nov-2008
110030;Birla Sun Life Fixed Term Plan - Series BC RETAIL GROWTH;;;10.1450;9.9421;10.1450;14-Nov-2008
110027;Birla Sun Life Fixed Term Plan - Series BD INSTITUTIONAL GROWTH;;;10.1917;9.9879;0.0000;14-Nov-2008
110026;Birla Sun Life Fixed Term Plan - Series BD RETAIL DIVIDEND;;;10.1917;9.9879;0.0000;14-Nov-2008
110025;Birla Sun Life Fixed Term Plan - Series BD RETAIL GROWTH;;;10.1917;9.9879;0.0000;14-Nov-2008
110034;Birla Sun Life Fixed Term Plan - Series BE INSTITUTIONAL DIVIDEND;;;10.0000;9.8000;10.0000;14-Nov-2008
110035;Birla Sun Life Fixed Term Plan - Series BE INSTITUTIONAL GROWTH;;;10.0326;9.8319;10.0326;14-Nov-2008
110033;Birla Sun Life Fixed Term Plan - Series BE RETAIL DIVIDEND;;;10.0326;9.8319;10.0326;14-Nov-2008
110036;Birla Sun Life Fixed Term Plan - Series BE RETAIL GROWTH;;;10.0326;9.8319;10.0326;14-Nov-2008
110176;Birla Sun Life Fixed Term Plan - Series BF INSTITUTIONAL GROWTH;;;10.0920;9.8902;10.0920;14-Nov-2008
110173;Birla Sun Life Fixed Term Plan - Series BF RETAIL DIVIDEND;;;10.0920;9.8902;10.0920;14-Nov-2008
110174;Birla Sun Life Fixed Term Plan - Series BF RETAIL GROWTH;;;10.0920;9.8902;10.0920;14-Nov-2008
107203;Birla Sun Life Interval Income Fund - Monthly Plan - Series II - INSTITUTIONAL DIVIDEND;;;10.0239;10.0039;10.0239;14-Nov-2008
107204;Birla Sun Life Interval Income Fund - Monthly Plan - Series II - INSTITUTIONAL GROWTH;;;10.9205;10.8987;10.9205;14-Nov-2008
107208;Birla Sun Life Interval Income Fund - Monthly Plan - Series II - RETAIL DIVIDEND;;;10.0239;10.0039;10.0239;14-Nov-2008
107205;Birla Sun Life Interval Income Fund - Monthly Plan - Series II - RETAIL GROWTH;;;10.9205;10.8987;10.9205;14-Nov-2008
106991;Birla Sun life Interval Income Fund - MONTHLY Plan Series I INSTITUTIONAL DIVIDEND;;;10.0842;10.0640;10.0842;14-Nov-2008
106992;Birla Sun life Interval Income Fund - MONTHLY Plan Series I INSTITUTIONAL GROWTH;;;10.9835;10.9615;10.9835;14-Nov-2008
106993;Birla Sun life Interval Income Fund - MONTHLY Plan Series I RETAIL DIVIDEND;;;10.0842;10.0640;10.0842;14-Nov-2008
106994;Birla Sun life Interval Income Fund - MONTHLY Plan Series I RETAIL GROWTH;;;10.9835;10.9615;10.9835;14-Nov-2008
106989;Birla Sun life Interval Income Fund - Quarterly Plan Series II INSTITUTIONAL DIVIDEND;;;10.0000;9.9500;10.0000;14-Nov-2008
106987;Birla Sun life Interval Income Fund - Quarterly Plan Series II INSTITUTIONAL GROWTH;;;10.9673;10.9125;10.9673;14-Nov-2008
106988;Birla Sun life Interval Income Fund - Quarterly Plan Series II RETAIL DIVIDEND;;;10.0000;9.9500;10.0000;14-Nov-2008
106990;Birla Sun life Interval Income Fund - Quarterly Plan Series II RETAIL GROWTH;;;10.9617;10.9069;10.9617;14-Nov-2008
106995;Birla Sun life Interval Income Fund - QUARTERLY Plan Series III INSTITUTIONAL DIVIDEND;;;10.1896;10.1387;10.1896;14-Nov-2008
106996;Birla Sun life Interval Income Fund - QUARTERLY Plan Series III INSTITUTIONAL GROWTH;;;10.9773;10.9224;10.9773;14-Nov-2008
106998;Birla Sun life Interval Income Fund - QUARTERLY Plan Series III RETAIL DIVIDEND;;;10.1896;10.1387;10.1896;14-Nov-2008
106997;Birla Sun life Interval Income Fund - QUARTERLY Plan Series III RETAIL GROWTH;;;10.9745;10.9196;10.9745;14-Nov-2008
106412;Aditya Birla Sun Life Interval Income Fund - Quarterly Series 1 - Growth - Regular Plan;INF209K01HN5;;11.1580;11.1022;11.1580;14-Nov-2008
106413;Aditya Birla Sun Life Interval Income Fund - Quarterly Series 1 - institutional - IDCW;INF209K01HR6;INF209K01HS4;10.1663;10.1155;10.1663;14-Nov-2008
106411;Aditya Birla Sun Life Interval Income Fund - Quarterly Series 1 - Regular - IDCW;INF209K01HO3;INF209K01HP0;10.1663;10.1155;10.1663;14-Nov-2008
106414;Aditya Birla Sun Life Interval Income Fund - Quarterly Series I- Institutional Growth;INF209K01HQ8;;11.1659;11.1101;11.1659;14-Nov-2008
107175;Birla Sun Life Quarterly Interval Fund - Series 1 DIVIDEND;;;10.2222;10.1711;10.2222;14-Nov-2008
107176;Birla Sun Life Quarterly Interval Fund - Series 1 GROWTH;;;10.9514;10.8966;10.9514;14-Nov-2008
107105;Birla Sun Life Quarterly Interval Fund - Series 2 DIVIDEND;;;10.1624;10.1116;10.1624;14-Nov-2008
107104;Birla Sun Life Quarterly Interval Fund - Series 2 GROWTH;;;10.9436;10.8889;10.9436;14-Nov-2008
107308;Aditya Birla Sun Life Quarterly Interval Fund - Series 4 DIVIDEND;INF209K01HL9;INF209K01HM7;10.1561;10.1053;10.1561;14-Nov-2008
107307;Aditya Birla Sun Life Quarterly Interval Fund - Series 4 GROWTH;INF209K01HK1;;10.9242;10.8696;10.9242;14-Nov-2008
107384;Birla Sun Life Quarterly Interval Fund - Series 5 DIVIDEND;;;10.0944;10.0439;10.0944;14-Nov-2008
107383;Birla Sun Life Quarterly Interval Fund - Series 5 GROWTH;;;10.8166;10.7625;10.8166;14-Nov-2008
107429;Birla Sun Life Quarterly Interval Fund - Series 6 DIVIDEND;;;10.0954;10.0449;10.0954;14-Nov-2008
107430;Birla Sun Life Quarterly Interval Fund - Series 6 GROWTH;;;10.8249;10.7708;10.8249;14-Nov-2008
107499;Birla Sun Life Quarterly Interval Fund - Series 7 DIVIDEND;;;10.0750;10.0246;10.0750;14-Nov-2008
107500;Birla Sun Life Quarterly Interval Fund - Series 7 GROWTH;;;10.8066;10.7526;10.8066;14-Nov-2008
107553;Birla Sun Life Quarterly Interval Fund - Series 8 - DIVIDEND;;;10.0208;9.9707;10.0208;14-Nov-2008
107552;Birla Sun Life Quarterly Interval Fund - Series 8 - GROWTH;;;10.7550;10.7012;10.7550;14-Nov-2008
107876;Birla Sun Life Quarterly Interval Fund - Series 9 DIVIDEND;;;10.2003;10.1493;10.2003;14-Nov-2008
107877;Birla Sun Life Quarterly Interval Fund - Series 9 GROWTH;;;10.6923;10.6388;10.6923;14-Nov-2008
107241;Birla Sun Life Quarterly Interval Fund- Series 3 - DIVIDEND;;;10.1921;10.1411;10.1921;14-Nov-2008
107242;Birla Sun Life Quarterly Interval Fund- Series 3 - GROWTH;;;10.9336;10.8789;10.9336;14-Nov-2008

Bandhan Mutual Fund
108901;IDFC Fixed Maturity Arbitrage Fund - Series 1 - Plan A - Dividend;;;10.7776;10.7776;10.7776;14-Nov-2008
108900;IDFC Fixed Maturity Arbitrage Fund - Series 1 - Plan A - Growth;;;10.7774;10.7774;10.7774;14-Nov-2008
108898;IDFC Fixed Maturity Arbitrage Fund - Series 1 - Plan B - Dividend;;;10.7775;10.7775;10.7775;14-Nov-2008
108899;IDFC Fixed Maturity Arbitrage Fund - Series 1 - Plan B - Growth;;;10.7775;10.7775;10.7775;14-Nov-2008

Canara Robeco Mutual Fund
109316;Canara Robeco Fixed Maturity Plan - Series 2 -14 months - Institutional Dividend;;;10.2450;10.2450;0.0000;14-Nov-2008
109317;Canara Robeco Fixed Maturity Plan - Series 2 -14 months - Institutional Growth;;;10.2450;10.2450;0.0000;14-Nov-2008
109318;Canara Robeco Fixed Maturity Plan - Series 2 -14 months - Retail Dividend;;;10.2268;10.2268;0.0000;14-Nov-2008
109319;Canara Robeco Fixed Maturity Plan - Series 2 -14 months - Retail Growth;;;10.2268;10.2268;0.0000;14-Nov-2008
110472;Canara Robeco Fixed Maturity Plan - Series 4 (Quarterly Plan - 1) - Institutional Plan - Dividend Payout;;;10.1371;10.1371;0.0000;14-Nov-2008
110470;Canara Robeco Fixed Maturity Plan - Series 4 (Quarterly Plan - 1)- Institutional Plan - Growth;;;10.1371;10.1371;0.0000;14-Nov-2008
110471;Canara Robeco Fixed Maturity Plan - Series 4 (Quarterly Plan - 1)- Retail Plan - Dividend Payout;;;10.1309;10.1309;0.0000;14-Nov-2008
110473;Canara Robeco Fixed Maturity Plan - Series 4 (Quarterly Plan - 1)- Retail Plan - Growth;;;10.1310;10.1310;0.0000;14-Nov-2008
110591;Canara Robeco Fixed Maturity Plan - Series 4 (Quarterly Plan - 2) - Institutional Plan - Dividend Payout;;;10.1194;10.1194;0.0000;14-Nov-2008
110593;Canara Robeco Fixed Maturity Plan - Series 4 (Quarterly Plan - 2)- Institutional Plan - Growth;;;10.1194;10.1194;0.0000;14-Nov-2008
110592;Canara Robeco Fixed Maturity Plan - Series 4 (Quarterly Plan - 2)- Retail Plan - Dividend Payout;;;10.1150;10.1150;0.0000;14-Nov-2008
110590;Canara Robeco Fixed Maturity Plan - Series 4 (Quarterly Plan - 2)- Retail Plan - Growth;;;10.1150;10.1150;0.0000;14-Nov-2008
110676;Canara Robeco Fixed Maturity Plan - Series 4 (Quarterly Plan - 3)- Retail Plan - Dividend Payout;;;10.0489;10.0489;0.0000;14-Nov-2008
110677;Canara Robeco Fixed Maturity Plan - Series 4 (Quarterly Plan - 3)- Retail Plan - Growth;;;10.0489;10.0489;0.0000;14-Nov-2008
111383;Canara Robeco Fixed Maturity Plan - Series 4 (Quarterly Plan - 4) - Institutional Plan - Dividend Payout;;;10.0034;10.0034;0.0000;14-Nov-2008
111386;Canara Robeco Fixed Maturity Plan - Series 4 (Quarterly Plan - 4)- Institutional Plan - Growth;;;10.0034;10.0034;0.0000;14-Nov-2008
111385;Canara Robeco Fixed Maturity Plan - Series 4 (Quarterly Plan - 4)- Retail Plan - Dividend Payout;;;10.0028;10.0028;0.0000;14-Nov-2008
111384;Canara Robeco Fixed Maturity Plan - Series 4 (Quarterly Plan - 4)- Retail Plan - Growth;;;10.0028;10.0028;0.0000;14-Nov-2008
110595;CANARA ROBECO FIXED MATURITY PLAN- Series 4 (19 months Plan) Institutional Plan - Dividend Payout;;;10.0860;10.0860;0.0000;14-Nov-2008
110596;CANARA ROBECO FIXED MATURITY PLAN- Series 4 (19 months Plan) Institutional Plan - Growth;;;10.0860;10.0860;0.0000;14-Nov-2008
110597;CANARA ROBECO FIXED MATURITY PLAN- Series 4 (19 months Plan) Retail Plan - Dividend Payout;;;10.0815;10.0815;0.0000;14-Nov-2008
110594;CANARA ROBECO FIXED MATURITY PLAN- Series 4 (19 months Plan) Retail Plan - Growth;;;10.0815;10.0815;0.0000;14-Nov-2008
108115;CANARA ROBECO FIXED MATURITY PLAN-2(13 Months Series)-Institutional Dividend Option;;;10.5907;10.5907;0.0000;14-Nov-2008
108113;CANARA ROBECO FIXED MATURITY PLAN-2(13 Months Series)-Institutional Growth;;;10.5907;10.5907;0.0000;14-Nov-2008
108112;CANARA ROBECO FIXED MATURITY PLAN-2(13 Months Series)-Retail Dividend Option;;;10.5571;10.5571;0.0000;14-Nov-2008
108116;CANARA ROBECO FIXED MATURITY PLAN-2(13 Months Series)-Retail Growth;;;10.5572;10.5572;0.0000;14-Nov-2008
107435;Canara Robeco Interval Scheme- Monthly Interval Fund- Institutional Plan- Dividend Option;;;10.0560;10.0560;0.0000;14-Nov-2008
107436;Canara Robeco Interval Scheme- Monthly Interval Fund- Institutional Plan- Growth Option;;;10.8247;10.8247;0.0000;14-Nov-2008
107437;Canara Robeco Interval Scheme- Monthly Interval Fund- Retail  Plan- Dividend Option;;;10.0558;10.0558;0.0000;14-Nov-2008
107433;Canara Robeco Interval Scheme- Monthly Interval Fund- Retail  Plan- Growth Option;;;10.8230;10.8230;0.0000;14-Nov-2008
107442;Canara Robeco Interval Scheme- Quarterly Interval Fund- Institutional Plan- Dividend Option;;;10.0591;10.0591;0.0000;14-Nov-2008
107444;Canara Robeco Interval Scheme- Quarterly Interval Fund- Institutional Plan- Growth Option;;;10.7988;10.7988;0.0000;14-Nov-2008
107443;Canara Robeco Interval Scheme- Quarterly Interval Fund- Retail Plan- Dividend Option;;;10.0577;10.0577;0.0000;14-Nov-2008
107439;Canara Robeco Interval Scheme- Quarterly Interval Fund- Retail Plan- Growth Option;;;10.7986;10.7986;0.0000;14-Nov-2008

DBS Chola Mutual Fund
109297;DBS Chola Fixed Maturity Plan - Series 9 (13 months plan)-Institutional-Cumulative;;;10.2831;10.0774;10.2831;14-Nov-2008
109296;DBS Chola Fixed Maturity Plan - Series 9 (13 months plan)-Retail Cumulative;;;10.2831;10.0774;10.2831;14-Nov-2008
109298;DBS Chola Fixed Maturity Plan - Series 9 (13 months plan)-Retail Dividend;;;10.2831;10.0774;10.2831;14-Nov-2008
110231;DBS Chola Fixed Maturity Plan-Series 10 (Quarterly Plan-II) Cumulative;;;10.1254;10.0748;10.1254;14-Nov-2008
110230;DBS Chola Fixed Maturity Plan-Series 10(Quarterly Plan-II) Dividend Payout;;;10.1254;10.0748;10.1254;14-Nov-2008
109895;DBS Chola Fixed Maturity Plan-Series 10 (Quarterly Plan -I) Cumulative;;;10.2558;10.2045;10.2558;14-Nov-2008
109894;DBS Chola Fixed Maturity Plan-Series 10 (Quarterly Plan -I) Dividend Payout;;;10.2558;10.2045;10.2558;14-Nov-2008

Edelweiss Mutual Fund
110292;Edelweiss Quarterly Interval Fund - Series 1 - Institutional Plan - Dividend Option;;;10.1614;10.1614;10.1614;14-Nov-2008
110291;Edelweiss Quarterly Interval Fund - Series 1 - Institutional Plan - Growth Option;;;10.1614;10.1614;10.1614;14-Nov-2008
110290;Edelweiss Quarterly Interval Fund - Series 1 - Retail Plan - Dividend Option;;;10.1615;10.1615;10.1615;14-Nov-2008
110289;Edelweiss Quarterly Interval Fund - Series 1 - Retail Plan - Growth Option;;;10.1614;10.1614;10.1614;14-Nov-2008

Fidelity Mutual Fund
109833;Fidelity Fixed Maturity Plan - Series 1 - Plan A - Institutional Plan Dividend Option;;;10.2381;10.0333;10.2381;14-Nov-2008
109835;Fidelity Fixed Maturity Plan - Series 1 - Plan A - Institutional Plan Growth Option;;;10.2381;10.0333;10.2381;14-Nov-2008
109834;Fidelity Fixed Maturity Plan - Series 1 - Plan A - Retail Plan Dividend Option;;;10.2248;10.0203;10.2248;14-Nov-2008
109832;Fidelity Fixed Maturity Plan - Series 1 - Plan A - Retail Plan Growth Option;;;10.2248;10.0203;10.2248;14-Nov-2008
110094;Fidelity Fixed Maturity Plan - Series 1 - Plan B - Institutional Plan Growth Option;;;10.1951;9.9912;10.1951;14-Nov-2008
110092;Fidelity Fixed Maturity Plan - Series 1 - Plan B - Retail Plan Dividend Option;;;10.1842;9.9805;10.1842;14-Nov-2008
110091;Fidelity Fixed Maturity Plan - Series 1 - Plan B - Retail Plan Growth Option;;;10.1842;9.9805;10.1842;14-Nov-2008
110228;Fidelity Fixed Maturity Plan - Series 1 - Plan C - Institutional Plan Dividend Option;;;10.1717;9.9683;10.1717;14-Nov-2008
110226;Fidelity Fixed Maturity Plan - Series 1 - Plan C - Institutional Plan Growth Option;;;10.1717;9.9683;10.1717;14-Nov-2008
110227;Fidelity Fixed Maturity Plan - Series 1 - Plan C - Retail Plan Dividend Option;;;10.1635;9.9602;10.1635;14-Nov-2008
110225;Fidelity Fixed Maturity Plan - Series 1 - Plan C - Retail Plan Growth Option;;;10.1635;9.9602;10.1635;14-Nov-2008

Fortis Mutual Fund
111140;Fortis FIXED TERM PLAN - SERIES 10 -  PLAN B - Instl Plan - Calendar Half Yearly  Dividend Option;;;0.0000;0.0000;0.0000;14-Nov-2008
111139;Fortis FIXED TERM PLAN - SERIES 10 -  PLAN B - Instl Plan - Calendar Quarterly Dividend Option;;;0.0000;0.0000;0.0000;14-Nov-2008
111141;Fortis FIXED TERM PLAN - SERIES 10 -  PLAN B - Instl Plan - Calendar Yearly Dividend Option;;;0.0000;0.0000;0.0000;14-Nov-2008
111142;Fortis FIXED TERM PLAN - SERIES 10 -  PLAN B - Instl Plan - Growth Option.;;;10.5182;10.3078;10.5182;14-Nov-2008
111144;Fortis FIXED TERM PLAN - SERIES 10 -  PLAN B - Regular Plan - Calendar Half Yearly  Dividend Option;;;10.0144;9.8141;10.0144;14-Nov-2008
111143;Fortis FIXED TERM PLAN - SERIES 10 -  PLAN B - Regular Plan - Calendar Quarterly Dividend Option;;;0.0000;0.0000;0.0000;14-Nov-2008
111137;Fortis FIXED TERM PLAN - SERIES 10 -  PLAN B - Regular Plan - Calendar Yearly Dividend Option;;;10.3891;10.1813;10.3891;14-Nov-2008
111145;Fortis FIXED TERM PLAN - SERIES 10 -  PLAN B - Regular Plan - Growth Option.;;;10.4927;10.2828;10.4927;14-Nov-2008
111134;Fortis FIXED TERM PLAN - SERIES 10 - PLAN B - Instl Plan - Calendar Monthly Dividend Option;;;0.0000;0.0000;0.0000;14-Nov-2008
111135;Fortis FIXED TERM PLAN - SERIES 10 - PLAN B - Instl Plan - Dividend on Maturity Option;;;10.5182;10.3078;10.5182;14-Nov-2008
111136;Fortis FIXED TERM PLAN - SERIES 10 - PLAN B - Regular Plan - Calendar Monthly Dividend Option;;;0.0000;0.0000;0.0000;14-Nov-2008
111138;Fortis FIXED TERM PLAN - SERIES 10 - PLAN B - Regular Plan - Dividend on Maturity Option;;;10.4924;10.2826;10.4924;14-Nov-2008
111182;Fortis FIXED TERM PLAN - SERIES 10 -  PLAN E - Instl Plan - Calendar Half Yearly  Dividend Option;;;0.0000;0.0000;0.0000;14-Nov-2008
111180;Fortis FIXED TERM PLAN - SERIES 10 -  PLAN E - Instl Plan - Calendar Quarterly Dividend Option;;;0.0000;0.0000;0.0000;14-Nov-2008
111179;Fortis FIXED TERM PLAN - SERIES 10 -  PLAN E - Instl Plan - Calendar Yearly Dividend Option;;;0.0000;0.0000;0.0000;14-Nov-2008
111181;Fortis FIXED TERM PLAN - SERIES 10 -  PLAN E - Instl Plan - Growth Option;;;10.3623;10.1551;10.3623;14-Nov-2008
111175;Fortis FIXED TERM PLAN - SERIES 10 -  PLAN E - Regular Plan - Calendar Half Yearly  Dividend Option;;;0.0000;0.0000;0.0000;14-Nov-2008
111184;Fortis FIXED TERM PLAN - SERIES 10 -  PLAN E - Regular Plan - Calendar Quarterly Dividend Option;;;9.8473;9.6504;9.8473;14-Nov-2008
111178;Fortis FIXED TERM PLAN - SERIES 10 -  PLAN E - Regular Plan - Calendar Yearly Dividend Option;;;0.0000;0.0000;0.0000;14-Nov-2008
111183;Fortis FIXED TERM PLAN - SERIES 10 -  PLAN E - Regular Plan - Growth Option;;;10.3410;10.1342;10.3410;14-Nov-2008
111174;Fortis FIXED TERM PLAN - SERIES 10 - PLAN E - Instl Plan - Calendar Monthly Dividend Option;;;0.0000;0.0000;0.0000;14-Nov-2008
111176;Fortis FIXED TERM PLAN - SERIES 10 - PLAN E - Instl Plan - Dividend on Maturity Option;;;0.0000;0.0000;0.0000;14-Nov-2008
111177;Fortis FIXED TERM PLAN - SERIES 10 - PLAN E - Regular Plan - Calendar Monthly Dividend Option;;;9.8365;9.6398;9.8365;14-Nov-2008
111185;Fortis FIXED TERM PLAN - SERIES 10 - PLAN E - Regular Plan - Dividend on Maturity Option;;;10.3407;10.1339;10.3407;14-Nov-2008
111197;Fortis FIXED TERM PLAN - SERIES 10 -  PLAN F - Instl Plan - Calendar Half Yearly  Dividend Option;;;0.0000;0.0000;0.0000;14-Nov-2008
111195;Fortis FIXED TERM PLAN - SERIES 10 -  PLAN F - Instl Plan - Calendar Quarterly Dividend Option;;;9.6785;9.4849;9.6785;14-Nov-2008
111187;Fortis FIXED TERM PLAN - SERIES 10 -  PLAN F - Instl Plan - Calendar Yearly Dividend Option;;;0.0000;0.0000;0.0000;14-Nov-2008
111190;Fortis FIXED TERM PLAN - SERIES 10 -  PLAN F - Instl Plan - Growth Option;;;10.1400;9.9372;10.1400;14-Nov-2008
111191;Fortis FIXED TERM PLAN - SERIES 10 -  PLAN F - Regular Plan - Calendar Half Yearly  Dividend Option;;;9.6784;9.4848;9.6784;14-Nov-2008
111193;Fortis FIXED TERM PLAN - SERIES 10 -  PLAN F - Regular Plan - Calendar Quarterly Dividend Option;;;9.6776;9.4840;9.6776;14-Nov-2008
111189;Fortis FIXED TERM PLAN - SERIES 10 -  PLAN F - Regular Plan - Calendar Yearly Dividend Option;;;10.1117;9.9095;10.1117;14-Nov-2008
111186;Fortis FIXED TERM PLAN - SERIES 10 -  PLAN F - Regular Plan - Growth Option;;;10.1121;9.9099;10.1121;14-Nov-2008
111194;Fortis FIXED TERM PLAN - SERIES 10 - PLAN F - Instl Plan - Calendar Monthly Dividend Option;;;0.0000;0.0000;0.0000;14-Nov-2008
111196;Fortis FIXED TERM PLAN - SERIES 10 - PLAN F - Instl Plan - Dividend on Maturity Option;;;0.0000;0.0000;0.0000;14-Nov-2008
111192;Fortis FIXED TERM PLAN - SERIES 10 - PLAN F - Regular Plan - Calendar Monthly Dividend Option;;;9.6662;9.4729;9.6662;14-Nov-2008
111188;Fortis FIXED TERM PLAN - SERIES 10 - PLAN F - Regular Plan - Dividend on Maturity Option;;;10.1117;9.9095;10.1117;14-Nov-2008
111208;Fortis FIXED TERM PLAN - SERIES 11 -  PLAN A - Instl Plan - Calendar Half Yearly  Dividend Option;;;0.0000;0.0000;0.0000;14-Nov-2008
111206;Fortis FIXED TERM PLAN - SERIES 11 -  PLAN A - Instl Plan - Calendar Quarterly Dividend Option;;;0.0000;0.0000;0.0000;14-Nov-2008
111207;Fortis FIXED TERM PLAN - SERIES 11 -  PLAN A - Instl Plan - Calendar Yearly Dividend Option;;;0.0000;0.0000;0.0000;14-Nov-2008
111204;Fortis FIXED TERM PLAN - SERIES 11 -  PLAN A - Instl Plan - Growth Option;;;10.3012;10.0952;10.3012;14-Nov-2008
111199;Fortis FIXED TERM PLAN - SERIES 11 -  PLAN A - Regular Plan - Calendar Half Yearly  Dividend Option;;;9.8452;9.6483;9.8452;14-Nov-2008
111203;Fortis FIXED TERM PLAN - SERIES 11 -  PLAN A - Regular Plan - Calendar Quarterly Dividend Option;;;9.8445;9.6476;9.8445;14-Nov-2008
111200;Fortis FIXED TERM PLAN - SERIES 11 -  PLAN A - Regular Plan - Calendar Yearly Dividend Option;;;0.0000;0.0000;0.0000;14-Nov-2008
111198;Fortis FIXED TERM PLAN - SERIES 11 -  PLAN A - Regular Plan - Growth Option;;;10.2696;10.0642;10.2696;14-Nov-2008
111205;Fortis FIXED TERM PLAN - SERIES 11 - PLAN A - Instl Plan - Calendar Monthly Dividend Option;;;9.8204;9.6240;9.8204;14-Nov-2008
111209;Fortis FIXED TERM PLAN - SERIES 11 - PLAN A - Instl Plan - Dividend on Maturity Option;;;0.0000;0.0000;0.0000;14-Nov-2008
111201;Fortis FIXED TERM PLAN - SERIES 11 - PLAN A - Regular Plan - Calendar Monthly Dividend Option;;;9.8197;9.6233;9.8197;14-Nov-2008
111202;Fortis FIXED TERM PLAN - SERIES 11 - PLAN A - Regular Plan - Dividend on Maturity Option;;;10.2742;10.0687;10.2742;14-Nov-2008
111211;Fortis FIXED TERM PLAN - SERIES 11 -  PLAN B - Instl Plan - Calendar Half Yearly  Dividend Option;;;0.0000;0.0000;0.0000;14-Nov-2008
111221;Fortis FIXED TERM PLAN - SERIES 11 -  PLAN B - Instl Plan - Calendar Quarterly Dividend Option;;;0.0000;0.0000;0.0000;14-Nov-2008
111212;Fortis FIXED TERM PLAN - SERIES 11 -  PLAN B - Instl Plan - Calendar Yearly Dividend Option;;;0.0000;0.0000;0.0000;14-Nov-2008
111215;Fortis FIXED TERM PLAN - SERIES 11 -  PLAN B - Instl Plan - Growth Option;;;10.2651;10.0598;10.2651;14-Nov-2008
111217;Fortis FIXED TERM PLAN - SERIES 11 -  PLAN B - Regular Plan - Calendar Half Yearly  Dividend Option;;;10.0001;9.8001;10.0001;14-Nov-2008
111219;Fortis FIXED TERM PLAN - SERIES 11 -  PLAN B - Regular Plan - Calendar Quarterly Dividend Option;;;9.9998;9.7998;9.9998;14-Nov-2008
111214;Fortis FIXED TERM PLAN - SERIES 11 -  PLAN B - Regular Plan - Calendar Yearly Dividend Option;;;10.2468;10.0419;10.2468;14-Nov-2008
111218;Fortis FIXED TERM PLAN - SERIES 11 -  PLAN B - Regular Plan - Growth Option;;;10.2469;10.0420;10.2469;14-Nov-2008
111220;Fortis FIXED TERM PLAN - SERIES 11 - PLAN B - Instl Plan - Calendar Monthly Dividend Option;;;0.0000;0.0000;0.0000;14-Nov-2008
111210;Fortis FIXED TERM PLAN - SERIES 11 - PLAN B - Instl Plan - Dividend on Maturity Option;;;10.2649;10.0596;10.2649;14-Nov-2008
111213;Fortis FIXED TERM PLAN - SERIES 11 - PLAN B - Regular Plan - Calendar Monthly Dividend Option;;;9.9801;9.7805;9.9801;14-Nov-2008
111216;Fortis FIXED TERM PLAN - SERIES 11 - PLAN B - Regular Plan - Dividend on Maturity Option;;;10.2469;10.0420;10.2469;14-Nov-2008
111228;Fortis FIXED TERM PLAN - SERIES 12 -  PLAN A - Instl Plan - Calendar Half Yearly  Dividend Option;;;0.0000;0.0000;0.0000;14-Nov-2008
111232;Fortis FIXED TERM PLAN - SERIES 12 -  PLAN A - Instl Plan - Calendar Quarterly Dividend Option;;;10.0348;9.8341;10.0348;14-Nov-2008
111229;Fortis FIXED TERM PLAN - SERIES 12 -  PLAN A - Instl Plan - Calendar Yearly Dividend Option;;;0.0000;0.0000;0.0000;14-Nov-2008
111231;Fortis FIXED TERM PLAN - SERIES 12 -  PLAN A - Instl Plan - Growth Option;;;10.2891;10.0833;10.2891;14-Nov-2008
111225;Fortis FIXED TERM PLAN - SERIES 12 -  PLAN A - Regular Plan - Calendar Half Yearly  Dividend Option;;;10.0339;9.8332;10.0339;14-Nov-2008
111227;Fortis FIXED TERM PLAN - SERIES 12 -  PLAN A - Regular Plan - Calendar Quarterly Dividend Option;;;10.0336;9.8329;10.0336;14-Nov-2008
111230;Fortis FIXED TERM PLAN - SERIES 12 -  PLAN A - Regular Plan - Calendar Yearly Dividend Option;;;0.0000;0.0000;0.0000;14-Nov-2008
111223;Fortis FIXED TERM PLAN - SERIES 12 -  PLAN A - Regular Plan - Growth Option;;;10.2707;10.0653;10.2707;14-Nov-2008
111224;Fortis FIXED TERM PLAN - SERIES 12 - PLAN A - Instl Plan - Calendar Monthly Dividend Option;;;10.0236;9.8231;10.0236;14-Nov-2008
111226;Fortis FIXED TERM PLAN - SERIES 12 - PLAN A - Instl Plan - Dividend on Maturity Option;;;10.2891;10.0833;10.2891;14-Nov-2008
111233;Fortis FIXED TERM PLAN - SERIES 12 - PLAN A - Regular Plan - Calendar Monthly Dividend Option;;;10.0229;9.8224;10.0229;14-Nov-2008
111222;Fortis FIXED TERM PLAN - SERIES 12 - PLAN A - Regular Plan - Dividend on Maturity Option;;;10.2712;10.0658;10.2712;14-Nov-2008
111102;Fortis FIXED TERM PLAN - SERIES 12 -  PLAN B - Instl Plan - Calendar Half Yearly  Dividend Option;;;10.1234;9.9209;10.1234;14-Nov-2008
111100;Fortis FIXED TERM PLAN - SERIES 12 -  PLAN B - Instl Plan - Calendar Quarterly Dividend Option;;;10.1231;9.9206;10.1231;14-Nov-2008
111108;Fortis FIXED TERM PLAN - SERIES 12 -  PLAN B - Instl Plan - Calendar Yearly Dividend Option;;;0.0000;0.0000;0.0000;14-Nov-2008
111109;Fortis FIXED TERM PLAN - SERIES 12 -  PLAN B - Instl Plan - Growth Option;;;10.3196;10.1132;10.3196;14-Nov-2008
111111;Fortis FIXED TERM PLAN - SERIES 12 -  PLAN B - Regular Plan - Calendar Half Yearly  Dividend Option;;;10.1224;9.9200;10.1224;14-Nov-2008
111107;Fortis FIXED TERM PLAN - SERIES 12 -  PLAN B - Regular Plan - Calendar Quarterly Dividend Option;;;10.1223;9.9199;10.1223;14-Nov-2008
111105;Fortis FIXED TERM PLAN - SERIES 12 -  PLAN B - Regular Plan - Calendar Yearly Dividend Option;;;10.3082;10.1020;10.3082;14-Nov-2008
111104;Fortis FIXED TERM PLAN - SERIES 12 -  PLAN B - Regular Plan - Growth Option;;;10.3080;10.1018;10.3080;14-Nov-2008
111101;Fortis FIXED TERM PLAN - SERIES 12 - PLAN B - Instl Plan - Calendar Monthly Dividend Option;;;0.0000;0.0000;0.0000;14-Nov-2008
111110;Fortis FIXED TERM PLAN - SERIES 12 - PLAN B - Instl Plan - Dividend on Maturity Option;;;10.3194;10.1130;10.3194;14-Nov-2008
111106;Fortis FIXED TERM PLAN - SERIES 12 - PLAN B - Regular Plan - Calendar Monthly Dividend Option;;;10.0791;9.8775;10.0791;14-Nov-2008
111103;Fortis FIXED TERM PLAN - SERIES 12 - PLAN B - Regular Plan - Dividend on Maturity Option;;;10.3081;10.1019;10.3081;14-Nov-2008
111262;Fortis FIXED TERM PLAN - SERIES 12 -  PLAN C - Instl Plan - Calendar Half Yearly  Dividend Option;;;0.0000;0.0000;0.0000;14-Nov-2008
111261;Fortis FIXED TERM PLAN - SERIES 12 -  PLAN C - Instl Plan - Calendar Monthly Dividend Option;;;0.0000;0.0000;0.0000;14-Nov-2008
111264;Fortis FIXED TERM PLAN - SERIES 12 -  PLAN C - Instl Plan - Calendar Quarterly Dividend Option;;;0.0000;0.0000;0.0000;14-Nov-2008
111265;Fortis FIXED TERM PLAN - SERIES 12 -  PLAN C - Instl Plan - Calendar Yearly Dividend Option;;;0.0000;0.0000;0.0000;14-Nov-2008
111269;Fortis FIXED TERM PLAN - SERIES 12 -  PLAN C - Instl Plan - Dividend on Maturity Option;;;0.0000;0.0000;0.0000;14-Nov-2008
111268;Fortis FIXED TERM PLAN - SERIES 12 -  PLAN C - Instl Plan - Growth Option;;;0.0000;0.0000;0.0000;14-Nov-2008
111266;Fortis FIXED TERM PLAN - SERIES 12 -  PLAN C - Regular Plan - Calendar Half Yearly  Dividend Option;;;0.0000;0.0000;0.0000;14-Nov-2008
111259;Fortis FIXED TERM PLAN - SERIES 12 -  PLAN C - Regular Plan - Calendar Monthly Dividend Option;;;0.0000;0.0000;0.0000;14-Nov-2008
111263;Fortis FIXED TERM PLAN - SERIES 12 -  PLAN C - Regular Plan - Calendar Quarterly Dividend Option;;;0.0000;0.0000;0.0000;14-Nov-2008
111267;Fortis FIXED TERM PLAN - SERIES 12 -  PLAN C - Regular Plan - Calendar Yearly Dividend Option;;;0.0000;0.0000;0.0000;14-Nov-2008
111260;Fortis FIXED TERM PLAN - SERIES 12 -  PLAN C - Regular Plan - Dividend on Maturity Option;;;0.0000;0.0000;0.0000;14-Nov-2008
111258;Fortis FIXED TERM PLAN - SERIES 12 -  PLAN C - Regular Plan - Growth Option;;;10.2102;10.0060;10.2102;14-Nov-2008
111239;Fortis FIXED TERM PLAN - SERIES 13 -  PLAN A - Instl Plan - Calendar Half Yearly  Dividend Option;;;0.0000;0.0000;0.0000;14-Nov-2008
111240;Fortis FIXED TERM PLAN - SERIES 13 -  PLAN A - Instl Plan - Calendar Quarterly Dividend Option;;;0.0000;0.0000;0.0000;14-Nov-2008
111241;Fortis FIXED TERM PLAN - SERIES 13 -  PLAN A - Instl Plan - Calendar Yearly Dividend Option;;;0.0000;0.0000;0.0000;14-Nov-2008
111244;Fortis FIXED TERM PLAN - SERIES 13 -  PLAN A - Instl Plan - Growth Option;;;10.1294;9.9268;10.1294;14-Nov-2008
111237;Fortis FIXED TERM PLAN - SERIES 13 -  PLAN A - Regular Plan - Calendar Half Yearly  Dividend Option;;;9.9977;9.7977;9.9977;14-Nov-2008
111238;Fortis FIXED TERM PLAN - SERIES 13 -  PLAN A - Regular Plan - Calendar Quarterly Dividend Option;;;9.9976;9.7976;9.9976;14-Nov-2008
111243;Fortis FIXED TERM PLAN - SERIES 13 -  PLAN A - Regular Plan - Calendar Yearly Dividend Option;;;10.1174;9.9151;10.1174;14-Nov-2008
111234;Fortis FIXED TERM PLAN - SERIES 13 -  PLAN A - Regular Plan - Growth Option;;;10.1174;9.9151;10.1174;14-Nov-2008
111245;Fortis FIXED TERM PLAN - SERIES 13 - PLAN A - Instl Plan - Calendar Monthly Dividend Option;;;0.0000;0.0000;0.0000;14-Nov-2008
111236;Fortis FIXED TERM PLAN - SERIES 13 - PLAN A - Instl Plan - Dividend on Maturity Option;;;10.1295;9.9269;10.1295;14-Nov-2008
111235;Fortis FIXED TERM PLAN - SERIES 13 - PLAN A - Regular Plan - Calendar Monthly Dividend Option;;;9.9874;9.7877;9.9874;14-Nov-2008
111242;Fortis FIXED TERM PLAN - SERIES 13 - PLAN A - Regular Plan - Dividend on Maturity Option;;;10.1174;9.9151;10.1174;14-Nov-2008
111256;Fortis FIXED TERM PLAN - SERIES 13 -  PLAN B - Instl Plan - Calendar Half Yearly  Dividend Option;;;0.0000;0.0000;0.0000;14-Nov-2008
111250;Fortis FIXED TERM PLAN - SERIES 13 -  PLAN B - Instl Plan - Calendar Quarterly Dividend Option;;;0.0000;0.0000;0.0000;14-Nov-2008
111253;Fortis FIXED TERM PLAN - SERIES 13 -  PLAN B - Instl Plan - Calendar Yearly Dividend Option;;;0.0000;0.0000;0.0000;14-Nov-2008
111257;Fortis FIXED TERM PLAN - SERIES 13 -  PLAN B - Instl Plan - Growth Option;;;10.0848;9.8831;10.0848;14-Nov-2008
111255;Fortis FIXED TERM PLAN - SERIES 13 -  PLAN B - Regular Plan - Calendar Half Yearly  Dividend Option;;;10.0423;9.8415;10.0423;14-Nov-2008
111249;Fortis FIXED TERM PLAN - SERIES 13 -  PLAN B - Regular Plan - Calendar Quarterly Dividend Option;;;10.0436;9.8427;10.0436;14-Nov-2008
111246;Fortis FIXED TERM PLAN - SERIES 13 -  PLAN B - Regular Plan - Calendar Yearly Dividend Option;;;0.0000;0.0000;0.0000;14-Nov-2008
111252;Fortis FIXED TERM PLAN - SERIES 13 -  PLAN B - Regular Plan - Growth Option;;;10.0780;9.8764;10.0780;14-Nov-2008
111251;Fortis FIXED TERM PLAN - SERIES 13 - PLAN B - Instl Plan - Calendar Monthly Dividend Option;;;0.0000;0.0000;0.0000;14-Nov-2008
111248;Fortis FIXED TERM PLAN - SERIES 13 - PLAN B - Instl Plan - Dividend on Maturity Option;;;10.0848;9.8831;10.0848;14-Nov-2008
111247;Fortis FIXED TERM PLAN - SERIES 13 - PLAN B - Regular Plan - Calendar Monthly Dividend Option;;;10.0318;9.8312;10.0318;14-Nov-2008
111254;Fortis FIXED TERM PLAN - SERIES 13 - PLAN B - Regular Plan - Dividend on Maturity Option;;;10.0781;9.8765;10.0781;14-Nov-2008
111280;Fortis FIXED TERM PLAN - SERIES 13 -  PLAN C - Instl Plan - Calendar Half Yearly  Dividend Option;;;0.0000;0.0000;0.0000;14-Nov-2008
111272;Fortis FIXED TERM PLAN - SERIES 13 -  PLAN C - Instl Plan - Calendar Monthly Dividend Option;;;0.0000;0.0000;0.0000;14-Nov-2008
111273;Fortis FIXED TERM PLAN - SERIES 13 -  PLAN C - Instl Plan - Calendar Quarterly Dividend Option;;;0.0000;0.0000;0.0000;14-Nov-2008
111274;Fortis FIXED TERM PLAN - SERIES 13 -  PLAN C - Instl Plan - Calendar Yearly Dividend Option;;;0.0000;0.0000;0.0000;14-Nov-2008
111277;Fortis FIXED TERM PLAN - SERIES 13 -  PLAN C - Instl Plan - Dividend on Maturity Option;;;10.1115;9.9093;10.1115;14-Nov-2008
111281;Fortis FIXED TERM PLAN - SERIES 13 -  PLAN C - Instl Plan - Growth Option;;;10.1114;9.9092;10.1114;14-Nov-2008
111270;Fortis FIXED TERM PLAN - SERIES 13 -  PLAN C - Regular Plan - Calendar Half Yearly  Dividend Option;;;10.0754;9.8739;10.0754;14-Nov-2008
111275;Fortis FIXED TERM PLAN - SERIES 13 -  PLAN C - Regular Plan - Calendar Monthly Dividend Option;;;10.0280;9.8274;10.0280;14-Nov-2008
111278;Fortis FIXED TERM PLAN - SERIES 13 -  PLAN C - Regular Plan - Calendar Quarterly Dividend Option;;;10.0754;9.8739;10.0754;14-Nov-2008
111271;Fortis FIXED TERM PLAN - SERIES 13 -  PLAN C - Regular Plan - Calendar Yearly Dividend Option;;;10.1055;9.9034;10.1055;14-Nov-2008
111276;Fortis FIXED TERM PLAN - SERIES 13 -  PLAN C - Regular Plan - Dividend on Maturity Option;;;10.1055;9.9034;10.1055;14-Nov-2008
111279;Fortis FIXED TERM PLAN - SERIES 13 -  PLAN C - Regular Plan - Growth Option;;;10.1055;9.9034;10.1055;14-Nov-2008
111291;Fortis FIXED TERM PLAN - SERIES 13 -  PLAN D - Instl Plan - Calendar Half Yearly  Dividend Option;;;0.0000;0.0000;0.0000;14-Nov-2008
111292;Fortis FIXED TERM PLAN - SERIES 13 -  PLAN D - Instl Plan - Calendar Quarterly Dividend Option;;;0.0000;0.0000;0.0000;14-Nov-2008
111282;Fortis FIXED TERM PLAN - SERIES 13 -  PLAN D - Instl Plan - Calendar Yearly Dividend Option;;;0.0000;0.0000;0.0000;14-Nov-2008
111290;Fortis FIXED TERM PLAN - SERIES 13 -  PLAN D - Instl Plan - Growth Option;;;10.1289;9.9263;10.1289;14-Nov-2008
111289;Fortis FIXED TERM PLAN - SERIES 13 -  PLAN D - Regular Plan - Calendar Half Yearly  Dividend Option;;;10.1273;9.9248;10.1273;14-Nov-2008
111288;Fortis FIXED TERM PLAN - SERIES 13 -  PLAN D - Regular Plan - Calendar Quarterly Dividend Option;;;10.1273;9.9248;10.1273;14-Nov-2008
111284;Fortis FIXED TERM PLAN - SERIES 13 -  PLAN D - Regular Plan - Calendar Yearly Dividend Option;;;10.1273;9.9248;10.1273;14-Nov-2008
111293;Fortis FIXED TERM PLAN - SERIES 13 -  PLAN D - Regular Plan - Growth Option;;;10.1273;9.9248;10.1273;14-Nov-2008
111286;Fortis FIXED TERM PLAN - SERIES 13 - PLAN D - Instl Plan - Calendar Monthly Dividend Option;;;10.0362;9.8355;10.0362;14-Nov-2008
111285;Fortis FIXED TERM PLAN - SERIES 13 - PLAN D - Instl Plan - Dividend on Maturity Option;;;10.1288;9.9262;10.1288;14-Nov-2008
111287;Fortis FIXED TERM PLAN - SERIES 13 - PLAN D - Regular Plan - Calendar Monthly Dividend Option;;;10.0363;9.8356;10.0363;14-Nov-2008
111283;Fortis FIXED TERM PLAN - SERIES 13 - PLAN D - Regular Plan - Dividend on Maturity Option;;;10.1273;9.9248;10.1273;14-Nov-2008
111294;Fortis FIXED TERM PLAN - SERIES 14 -  PLAN A - Instl Plan - Calendar Half Yearly  Dividend Option;;;0.0000;0.0000;0.0000;14-Nov-2008
111301;Fortis FIXED TERM PLAN - SERIES 14 -  PLAN A - Instl Plan - Calendar Quarterly Dividend Option;;;0.0000;0.0000;0.0000;14-Nov-2008
111302;Fortis FIXED TERM PLAN - SERIES 14 -  PLAN A - Instl Plan - Calendar Yearly Dividend Option;;;0.0000;0.0000;0.0000;14-Nov-2008
111297;Fortis FIXED TERM PLAN - SERIES 14 -  PLAN A - Instl Plan - Growth Option;;;10.1213;9.9189;10.1213;14-Nov-2008
111300;Fortis FIXED TERM PLAN - SERIES 14 -  PLAN A - Regular Plan - Calendar Half Yearly  Dividend Option;;;10.1150;9.9127;10.1150;14-Nov-2008
111296;Fortis FIXED TERM PLAN - SERIES 14 -  PLAN A - Regular Plan - Calendar Quarterly Dividend Option;;;10.1150;9.9127;10.1150;14-Nov-2008
111304;Fortis FIXED TERM PLAN - SERIES 14 -  PLAN A - Regular Plan - Calendar Yearly Dividend Option;;;10.1150;9.9127;10.1150;14-Nov-2008
111295;Fortis FIXED TERM PLAN - SERIES 14 -  PLAN A - Regular Plan - Growth Option;;;10.1150;9.9127;10.1150;14-Nov-2008
111303;Fortis FIXED TERM PLAN - SERIES 14 - PLAN A - Instl Plan - Calendar Monthly Dividend Option;;;0.0000;0.0000;0.0000;14-Nov-2008
111299;Fortis FIXED TERM PLAN - SERIES 14 - PLAN A - Instl Plan - Dividend on Maturity Option;;;10.1213;9.9189;10.1213;14-Nov-2008
111305;Fortis FIXED TERM PLAN - SERIES 14 - PLAN A - Regular Plan - Calendar Monthly Dividend Option;;;10.0552;9.8541;10.0552;14-Nov-2008
111298;Fortis FIXED TERM PLAN - SERIES 14 - PLAN A - Regular Plan - Dividend on Maturity Option;;;10.1150;9.9127;10.1150;14-Nov-2008
111086;Fortis FIXED TERM PLAN - SERIES 9: THREE YEARLY PLAN A - Institutional Plan - Dividend on Maturity Option;;;0.0000;0.0000;0.0000;14-Nov-2008
111085;Fortis FIXED TERM PLAN - SERIES 9: THREE YEARLY PLAN A - Institutional Plan - Growth Option;;;0.0000;0.0000;0.0000;14-Nov-2008
111082;Fortis FIXED TERM PLAN - SERIES 9: THREE YEARLY PLAN A - Institutional Plan - Half Yearly Dividend Option;;;0.0000;0.0000;0.0000;14-Nov-2008
111089;Fortis FIXED TERM PLAN - SERIES 9: THREE YEARLY PLAN A - Institutional Plan - Monthly Dividend Option;;;0.0000;0.0000;0.0000;14-Nov-2008
111078;Fortis FIXED TERM PLAN - SERIES 9: THREE YEARLY PLAN A - Institutional Plan - Quarterly Dividend Option;;;0.0000;0.0000;0.0000;14-Nov-2008
111087;Fortis FIXED TERM PLAN - SERIES 9: THREE YEARLY PLAN A - Institutional Plan - Yearly Dividend Option;;;0.0000;0.0000;0.0000;14-Nov-2008
111083;Fortis FIXED TERM PLAN - SERIES 9: THREE YEARLY PLAN A - Regular Plan - Dividend on Maturity Option;;;10.5010;10.2910;10.5010;14-Nov-2008
111081;Fortis FIXED TERM PLAN - SERIES 9: THREE YEARLY PLAN A - Regular Plan - Growth Option;;;10.5012;10.2912;10.5012;14-Nov-2008
111084;Fortis FIXED TERM PLAN - SERIES 9: THREE YEARLY PLAN A - Regular Plan - Half Yearly Dividend Option;;;10.0512;9.8502;10.0512;14-Nov-2008
111080;Fortis FIXED TERM PLAN - SERIES 9: THREE YEARLY PLAN A - Regular Plan - Monthly Dividend Option;;;9.8951;9.6972;9.8951;14-Nov-2008
111079;Fortis FIXED TERM PLAN - SERIES 9: THREE YEARLY PLAN A - Regular Plan - Quarterly Dividend Option;;;10.0511;9.8501;10.0511;14-Nov-2008
111088;Fortis FIXED TERM PLAN - SERIES 9: THREE YEARLY PLAN A - Regular Plan - Yearly Dividend Option;;;10.0703;9.8689;10.0703;14-Nov-2008

Franklin Templeton Mutual Fund
105524;Franklin Templeton Capital Protection Oriented Fund - 3 Years Plan - Dividend;;;10.2728;10.2728;10.2728;14-Nov-2008
105523;Franklin Templeton Capital Protection Oriented Fund - 3 Years Plan - Growth;;;10.4636;10.4636;10.4636;14-Nov-2008
105526;Franklin Templeton Capital Protection Oriented Fund - 5 Years Plan - Dividend;INF090I01080;;9.6194;9.6194;9.6194;14-Nov-2008
105525;Franklin Templeton Capital Protection Oriented Fund - 5 Years Plan - Growth;INF090I01072;;9.8886;9.8886;9.8886;14-Nov-2008
104392;Franklin Templeton Capital Safety Fund - 3 Years Plan - Annual Dividend;;;10.4079;10.4079;10.4079;14-Nov-2008
104391;Franklin Templeton Capital Safety Fund - 3 Years Plan - Growth;;;10.6508;10.6508;10.6508;14-Nov-2008
104390;Franklin Templeton Capital Safety Fund - 5 Years Plan - Annual Dividend;;;9.7061;9.7061;9.7061;14-Nov-2008
104389;Franklin Templeton Capital Safety Fund - 5 Years Plan - Growth;;;10.0269;10.0269;10.0269;14-Nov-2008
108224;Franklin Templeton Fixed Tenure Fund - Series IX - Plan A - Dividend;;;9.2673;9.2673;9.2673;14-Nov-2008
108223;Franklin Templeton Fixed Tenure Fund - Series IX - Plan A - Growth;;;9.2673;9.2673;9.2673;14-Nov-2008
108226;Franklin Templeton Fixed Tenure Fund - Series IX - Plan B - Dividend;INF090I01AQ1;;9.1065;9.1065;9.1065;14-Nov-2008
108225;Franklin Templeton Fixed Tenure Fund - Series IX - Plan B - Growth;INF090I01AR9;;9.1065;9.1065;9.1065;14-Nov-2008
105323;Franklin Templeton Fixed Tenure Fund - Series VIII - 60 Months Plan (Plan A) - Dividend Plan;INF090I01AM0;;9.4822;9.4822;9.4822;14-Nov-2008
105322;Franklin Templeton Fixed Tenure Fund - Series VIII - 60 Months Plan (Plan A) - Growth Plan;INF090I01AN8;;9.8353;9.8353;9.8353;14-Nov-2008
109116;Franklin Templeton Fixed Tenure Fund - Series X - Plan A - Dividend;;;9.6416;9.6416;9.6416;14-Nov-2008
109115;Franklin Templeton Fixed Tenure Fund - Series X - Plan A - Growth;;;9.6416;9.6416;9.6416;14-Nov-2008
109676;Franklin Templeton Fixed Tenure Fund - Series X - Plan B - Dividend;;;10.0322;9.9820;10.0322;14-Nov-2008
109675;Franklin Templeton Fixed Tenure Fund - Series X - Plan B - Growth;;;10.0322;9.9820;10.0322;14-Nov-2008
109117;Franklin Templeton Fixed Tenure Fund - Series X - Plan C - Dividend;INF090I01AU3;;9.3875;9.3875;9.3875;14-Nov-2008
109118;Franklin Templeton Fixed Tenure Fund - Series X - Plan C - Growth;INF090I01AV1;;9.3875;9.3875;9.3875;14-Nov-2008
109678;Franklin Templeton Fixed Tenure Fund - Series X - Plan D - Dividend;INF090I01AY5;;9.9569;9.9071;9.9569;14-Nov-2008
109677;Franklin Templeton Fixed Tenure Fund - Series X - Plan D - Growth;INF090I01AZ2;;9.9569;9.9071;9.9569;14-Nov-2008
103056;Franklin Templeton Fixed Tenure Fund-Series I(60 Month Plan)-Dividend;;;10.6450;10.6450;10.6450;14-Nov-2008
103055;Franklin Templeton Fixed Tenure Fund-Series I(60 Month Plan)-Growth;;;13.6866;13.6866;13.6866;14-Nov-2008
103359;Franklin Templeton Fixed Tenure Fund-Series III (36 Months)-Annual Dividend;;;10.5656;10.5656;10.5656;14-Nov-2008
103358;Franklin Templeton Fixed Tenure Fund-Series III (36 Months)-Growth;;;12.1342;12.1342;12.1342;14-Nov-2008
104079;Franklin Templeton Fixed Tenure Fund - Series VI (60 Months Plan) - Annual Dividend Plan;INF090I01AJ6;;9.5140;9.5140;9.5140;14-Nov-2008
104078;Franklin Templeton Fixed Tenure Fund - Series VI (60 Months Plan) - Growth Plan;;;10.6099;10.6099;10.6099;14-Nov-2008
103203;Franklin Templeton Fixed Tenure Fund-SeriesII (60MonthsPlan)- Annual Dividend Plan;;;10.6100;10.6100;10.6100;14-Nov-2008
103202;Franklin Templeton Fixed Tenure Fund-SeriesII (60MonthsPlan)- Growth Plan;;;12.2526;12.2526;12.2526;14-Nov-2008
103549;Franklin Templeton Fixed Tenure Fund-SeriesIV(60MonthsPlan)-Annual Dividend Plan;;;9.6794;9.6794;9.6794;14-Nov-2008
103548;Franklin Templeton Fixed Tenure Fund-SeriesIV(60MonthsPlan)-Growth Plan;;;11.0213;11.0213;11.0213;14-Nov-2008
105032;Templeton Fixed Horizon Fund - Series I - 13 Months - Institutional Plan - Growth;;;11.6926;11.6926;11.6926;14-Nov-2008
105031;Templeton Fixed Horizon Fund - Series I - 13 Months - Retail Plan - Dividend;;;10.4862;10.4862;10.4862;14-Nov-2008
105033;Templeton Fixed Horizon Fund - Series I - 13 Months - Retail Plan - Growth;;;11.6312;11.6312;11.6312;14-Nov-2008
104786;Templeton Fixed Horizon Fund - Series I - 15 months - Institutional Plan - Growth;;;11.7347;11.7347;11.7347;14-Nov-2008
104787;Templeton Fixed Horizon Fund - Series I - 15 months - Retail Plan - Dividend;;;10.4957;10.4957;10.4957;14-Nov-2008
104785;Templeton Fixed Horizon Fund - Series I - 15 months - Retail Plan - Growth;;;11.6782;11.6782;11.6782;14-Nov-2008
105774;Templeton Fixed Horizon Fund - Series II - Plan A - Institutional - Growth;;;11.4514;11.4514;11.4514;14-Nov-2008
105772;Templeton Fixed Horizon Fund - Series II - Plan A - Retail - Dividend;;;10.3511;10.3511;10.3511;14-Nov-2008
105771;Templeton Fixed Horizon Fund - Series II - Plan A - Retail - Growth;;;11.3994;11.3994;11.3994;14-Nov-2008
105966;Templeton Fixed Horizon Fund - Series II - Plan B - Institutional - Growth;;;11.3570;11.3570;11.3570;14-Nov-2008
105965;Templeton Fixed Horizon Fund - Series II - Plan B - Retail - Dividend;;;10.3222;10.3222;10.3222;14-Nov-2008
105963;Templeton Fixed Horizon Fund - Series II - Plan B - Retail - Growth;;;11.3180;11.3180;11.3180;14-Nov-2008
106106;Templeton Fixed Horizon Fund - Series III - Plan A - Institutional - Dividend;;;10.5069;10.5069;10.5069;14-Nov-2008
106108;Templeton Fixed Horizon Fund - Series III - Plan A - Retail - Dividend;;;10.4850;10.4850;10.4850;14-Nov-2008
106105;Templeton Fixed Horizon Fund - Series III - Plan A - Retail - Growth;;;10.7872;10.7872;10.7872;14-Nov-2008
106111;Templeton Fixed Horizon Fund - Series IV - Plan A - Institutional - Dividend;;;10.4628;10.4628;10.4628;14-Nov-2008
106112;Templeton Fixed Horizon Fund - Series IV - Plan A - Institutional - Growth;;;10.7152;10.7152;10.7152;14-Nov-2008
106110;Templeton Fixed Horizon Fund - Series IV - Plan A - Retail - Dividend;;;10.4461;10.4461;10.4461;14-Nov-2008
106109;Templeton Fixed Horizon Fund - Series IV - Plan A - Retail - Growth;;;10.6986;10.6986;10.6986;14-Nov-2008
109214;Templeton Fixed Horizon Fund - Series IX - Plan A - Dividend;;;10.1200;10.1200;10.1200;14-Nov-2008
109215;Templeton Fixed Horizon Fund - Series IX - Plan A - Growth;;;10.1200;10.1200;10.1200;14-Nov-2008
109305;Templeton Fixed Horizon Fund - Series IX - Plan B - Dividend;;;10.1900;10.1900;10.1900;14-Nov-2008
109304;Templeton Fixed Horizon Fund - Series IX - Plan B - Growth;;;10.1900;10.1900;10.1900;14-Nov-2008
109425;Templeton Fixed Horizon Fund - Series IX - Plan C - Dividend;;;10.0629;10.0629;10.0629;14-Nov-2008
109426;Templeton Fixed Horizon Fund - Series IX - Plan C - Growth;;;10.0629;10.0629;10.0629;14-Nov-2008
109524;Templeton Fixed Horizon Fund - Series IX - Plan D - Dividend;;;10.1107;10.1107;10.1107;14-Nov-2008
109525;Templeton Fixed Horizon Fund - Series IX - Plan D - Growth;;;10.1107;10.1107;10.1107;14-Nov-2008
109621;Templeton Fixed Horizon Fund - Series IX - Plan E - Dividend;;;10.0878;10.0878;10.0878;14-Nov-2008
109622;Templeton Fixed Horizon Fund - Series IX - Plan E - Growth;;;10.0878;10.0878;10.0878;14-Nov-2008
107755;Templeton Fixed Horizon Fund - Series VII - Plan A - Retail Plan - Growth;;;10.6221;10.6221;10.6221;14-Nov-2008
107760;Templeton Fixed Horizon Fund - Series VII - Plan B - Retail Plan - Growth;;;10.6675;10.6675;10.6675;14-Nov-2008
107893;Templeton Fixed Horizon Fund - Series VII - Plan C - Institutional Plan - Dividend;;;10.5741;10.5741;10.5741;14-Nov-2008
107892;Templeton Fixed Horizon Fund - Series VII - Plan C - Institutional Plan - Growth;;;10.5741;10.5741;10.5741;14-Nov-2008
107894;Templeton Fixed Horizon Fund - Series VII - Plan C - Retail Plan - Dividend;;;10.5453;10.5453;10.5453;14-Nov-2008
108002;Templeton Fixed Horizon Fund - Series VII - Plan D - Institutional Plan - Dividend;;;10.5103;10.5103;10.5103;14-Nov-2008
108001;Templeton Fixed Horizon Fund - Series VII - Plan D - Institutional Plan - Growth;;;10.5103;10.5103;10.5103;14-Nov-2008
108004;Templeton Fixed Horizon Fund - Series VII - Plan D - Retail Plan - Dividend;;;10.4823;10.4823;10.4823;14-Nov-2008
108003;Templeton Fixed Horizon Fund - Series VII - Plan D - Retail Plan - Growth;;;10.4823;10.4823;10.4823;14-Nov-2008
108323;Templeton Fixed Horizon Fund - Series VIII - Plan A - Dividend;;;10.3323;10.3323;10.3323;14-Nov-2008
108322;Templeton Fixed Horizon Fund - Series VIII - Plan A - Growth;;;10.3323;10.3323;10.3323;14-Nov-2008
108374;Templeton Fixed Horizon Fund - Series VIII - Plan B - Dividend;;;10.4028;10.4028;10.4028;14-Nov-2008
108373;Templeton Fixed Horizon Fund - Series VIII - Plan B - Growth;;;10.4028;10.4028;10.4028;14-Nov-2008
108376;Templeton Fixed Horizon Fund - Series VIII - Plan C - Dividend;;;10.3234;10.3234;10.3234;14-Nov-2008
108375;Templeton Fixed Horizon Fund - Series VIII - Plan C - Growth;;;10.3234;10.3234;10.3234;14-Nov-2008
108436;Templeton Fixed Horizon Fund - Series VIII - Plan D - Dividend;;;10.4144;10.4144;10.4144;14-Nov-2008
108437;Templeton Fixed Horizon Fund - Series VIII - Plan D - Growth;;;10.4144;10.4144;10.4144;14-Nov-2008
108991;Templeton Fixed Horizon Fund - Series VIII - Plan E - Dividend;;;10.1560;10.1560;10.1560;14-Nov-2008
108990;Templeton Fixed Horizon Fund - Series VIII - Plan E - Growth;;;10.1560;10.1560;10.1560;14-Nov-2008
109110;Templeton Fixed Horizon Fund - Series VIII - Plan F - Dividend;;;10.1889;10.1889;10.1889;14-Nov-2008
109109;Templeton Fixed Horizon Fund - Series VIII - Plan F - Growth;;;10.1889;10.1889;10.1889;14-Nov-2008
110465;Templeton Fixed Horizon Fund - Series X - Plan D - Dividend;;;10.1175;10.1175;10.1175;14-Nov-2008
110464;Templeton Fixed Horizon Fund - Series X - Plan D - Growth;;;10.1175;10.1175;10.1175;14-Nov-2008
110297;Templeton Fixed Horizon Fund - Series XI - (Plan A) - 6 Months Plan - Dividend;;;10.1575;10.1575;10.1575;14-Nov-2008
110298;Templeton Fixed Horizon Fund - Series XI - (Plan A) - 6 Months Plan - Growth;;;10.1575;10.1575;10.1575;14-Nov-2008
109875;Templeton Fixed Horizon Fund - Series XI - Plan B - Dividend;;;10.1463;9.9941;10.1463;14-Nov-2008
109874;Templeton Fixed Horizon Fund - Series XI - Plan B - Growth;;;10.1463;9.9941;10.1463;14-Nov-2008
110137;Templeton Fixed Horizon Fund - Series XI - Plan C (367 days plan) - Dividend;;;10.1602;10.1602;10.1602;14-Nov-2008
110136;Templeton Fixed Horizon Fund - Series XI - Plan C (367 days plan) - Growth;;;10.1602;10.1602;10.1602;14-Nov-2008
110549;Templeton Fixed Horizon Fund - Series XI - Plan D (367 days plan) - Dividend;;;10.0287;10.0287;10.0287;14-Nov-2008
110550;Templeton Fixed Horizon Fund - Series XI - Plan D (367 days plan) - Growth;;;10.0287;10.0287;10.0287;14-Nov-2008
110088;Templeton Fixed Horizon Fund - Series XI - Plan G - 19 Months Plan - Dividend;;;10.0460;9.9455;10.0460;14-Nov-2008
110087;Templeton Fixed Horizon Fund - Series XI - Plan G - 19 Months Plan - Growth;;;10.0460;9.9455;10.0460;14-Nov-2008
110299;Templeton Fixed Horizon Fund - Series XI - Plan H - 19 Months Plan - Dividend;;;10.0248;10.0248;10.0248;14-Nov-2008
110300;Templeton Fixed Horizon Fund - Series XI - Plan H - 19 Months Plan - Growth;;;10.0248;10.0248;10.0248;14-Nov-2008
109814;Templeton Fixed Horizon Fund - X - Plan B - 3 Months Plan - Dividend;;;10.2378;10.2378;10.2378;14-Nov-2008
109815;Templeton Fixed Horizon Fund - X - Plan B - 3 Months Plan - Growth;;;10.2378;10.2378;10.2378;14-Nov-2008
110089;Templeton Fixed Horizon Fund - X - Plan C - 3 Months Plan - Dividend;;;10.1971;9.9932;10.1971;14-Nov-2008
110090;Templeton Fixed Horizon Fund - X - Plan C - 3 Months Plan - Growth;;;10.1971;9.9932;10.1971;14-Nov-2008
110547;Templeton Fixed Horizon Fund - X - Plan E - 3 Months Plan - Dividend;;;10.0702;10.0702;10.0702;14-Nov-2008
110548;Templeton Fixed Horizon Fund - X - Plan E - 3 Months Plan - Growth;;;10.0702;10.0702;10.0702;14-Nov-2008

HDFC Mutual Fund
107811;HDFC FMP 13M MARCH 2008 RETAIL PLAN - GROWTH OPTION;;;10.6634;10.4501;0;14-Nov-2008
107812;HDFC FMP 13M MARCH 2008 RETAIL PLAN - NORMAL DIVIDEND OPTION;;;10.6634;10.4501;0;14-Nov-2008
107815;HDFC FMP 13M MARCH 2008 RETAIL PLAN - QUARTERLY DIVIDEND OPTION;;;10.1425;9.9397;0;14-Nov-2008
107813;HDFC FMP 13M MARCH 2008 WHOLESALE PLAN - GROWTH OPTION;;;10.6845;10.4708;0;14-Nov-2008
107871;HDFC FMP 13M MARCH 2008 (2) RETAIL PLAN - GROWTH OPTION;;;10.3118;10.1056;0;14-Nov-2008
107867;HDFC FMP 13M MARCH 2008 (2) RETAIL PLAN - NORMAL DIVIDEND OPTION;;;10.3118;10.1056;0;14-Nov-2008
107869;HDFC FMP 13M MARCH 2008 (2) RETAIL PLAN - QUARTERLY DIVIDEND OPTION;;;10.1677;9.9643;0;14-Nov-2008
107868;HDFC FMP 13M MARCH 2008 (2) WHOLESALE PLAN - GROWTH OPTION;;;10.3355;10.1288;0;14-Nov-2008
107870;HDFC FMP 13M MARCH 2008 (2) WHOLESALE PLAN - NORMAL DIVIDEND OPTION;;;10.3355;10.1288;0;14-Nov-2008
107743;HDFC FMP 14M FEBRUARY 2008 RETAIL PLAN - GROWTH OPTION;;;10.3851;10.1774;0;14-Nov-2008
107740;HDFC FMP 14M FEBRUARY 2008 RETAIL PLAN - NORMAL DIVIDEND OPTION;;;10.3605;10.1533;0;14-Nov-2008
107741;HDFC FMP 14M FEBRUARY 2008 RETAIL PLAN - QUARTERLY DIVIDEND OPTION;;;10.0803;9.8787;0;14-Nov-2008
107739;HDFC FMP 14M FEBRUARY 2008 WHOLESALE PLAN - GROWTH OPTION;;;10.3605;10.1533;0;14-Nov-2008
107666;HDFC FMP 15M FEBRUARY 2008 RETAIL PLAN - GROWTH OPTION;;;10.075;9.8735;0;14-Nov-2008
107661;HDFC FMP 15M FEBRUARY 2008 RETAIL PLAN - NORMAL DIVIDEND OPTION;;;10.5101;10.2999;0;14-Nov-2008
107664;HDFC FMP 15M FEBRUARY 2008 RETAIL PLAN - QUARTERLY DIVIDEND OPTION;;;10.5101;10.2999;0;14-Nov-2008
107662;HDFC FMP 15M FEBRUARY 2008 WHOLESALE PLAN - GROWTH OPTION;;;10.5382;10.3274;0;14-Nov-2008
109889;HDFC FMP 181D AUGUST 2008 (1) - RETAIL PLAN DIVIDEND OPTION;;;10.1865;10.1101;0;14-Nov-2008
109887;HDFC FMP 181D AUGUST 2008 (1) - RETAIL PLAN GROWTH OPTION;;;10.1865;10.1101;0;14-Nov-2008
109886;HDFC FMP 181D AUGUST 2008 (1) - WHOLESALE PLAN DIVIDEND OPTION;;;10.1895;10.1131;0;14-Nov-2008
109888;HDFC FMP 181D AUGUST 2008 (1) - WHOLESALE PLAN GROWTH OPTION;;;10.1895;10.1131;0;14-Nov-2008
110523;HDFC FMP 181D October 2008 (1) - RETAIL PLAN DIVIDEND OPTION;;;10.061;9.9855;0;14-Nov-2008
110525;HDFC FMP 181D October 2008 (1) - RETAIL PLAN GROWTH OPTION;;;10.061;9.9855;0;14-Nov-2008
110526;HDFC FMP 181D October 2008 (1) - WHOLESALE PLAN DIVIDEND OPTION;;;10.0618;9.9863;0;14-Nov-2008
110524;HDFC FMP 181D October 2008 (1) - WHOLESALE PLAN GROWTH OPTION;;;10.0618;9.9863;0;14-Nov-2008
108240;HDFC FMP 18M APRIL 2008  RETAIL PLAN - GROWTH OPTION;;;10.0334;9.832732;0;14-Nov-2008
108241;HDFC FMP 18M APRIL 2008  RETAIL PLAN - NORMAL DIVIDEND OPTION;;;10.0334;9.832732;0;14-Nov-2008
108242;HDFC FMP 18M APRIL 2008  RETAIL PLAN - QUARTERLY DIVIDEND OPTION;;;9.854;9.65692;0;14-Nov-2008
108237;HDFC FMP 18M APRIL 2008  WHOLESALE PLAN - GROWTH OPTION;;;10.0669;9.865562;0;14-Nov-2008
108238;HDFC FMP 18M APRIL 2008  WHOLESALE PLAN - NORMAL DIVIDEND OPTION;;;10.0669;9.865562;0;14-Nov-2008
108312;HDFC FMP 18M APRIL 2008 (2) RETAIL PLAN - GROWTH OPTION;;;10.0235;9.82303;0;14-Nov-2008
108313;HDFC FMP 18M APRIL 2008 (2) RETAIL PLAN - NORMAL DIVIDEND OPTION;;;10.0235;9.82303;0;14-Nov-2008
108316;HDFC FMP 18M APRIL 2008 (2) RETAIL PLAN - QUARTERLY DIVIDEND OPTION;;;9.8618;9.664564;0;14-Nov-2008
108314;HDFC FMP 18M APRIL 2008 (2) WHOLESALE PLAN - GROWTH OPTION;;;10.0559;9.854782;0;14-Nov-2008
108315;HDFC FMP 18M APRIL 2008 (2) WHOLESALE PLAN - QUARTERLY DIVIDEND OPTION;;;9.8703;9.672894;0;14-Nov-2008
107265;HDFC FMP 18M DECEMBER 2007 RETAIL PLAN - GROWTH OPTION;;;10.6307;10.4181;0;14-Nov-2008
107266;HDFC FMP 18M DECEMBER 2007 RETAIL PLAN - NORMAL DIVIDEND OPTION;;;10.6307;10.4181;0;14-Nov-2008
107267;HDFC FMP 18M DECEMBER 2007 RETAIL PLAN - QUARTERLY DIVIDEND OPTION;;;10.0775;9.876;0;14-Nov-2008
107263;HDFC FMP 18M DECEMBER 2007 WHOLESALE PLAN - GROWTH OPTION;;;10.6873;10.4736;0;14-Nov-2008
107515;HDFC FMP 18M JANUARY 2008 RETAIL PLAN - GROWTH OPTION;;;10.3199;10.1135;0;14-Nov-2008
107519;HDFC FMP 18M JANUARY 2008 RETAIL PLAN - NORMAL DIVIDEND OPTION;;;10.3199;10.1135;0;14-Nov-2008
107516;HDFC FMP 18M JANUARY 2008 RETAIL PLAN - QUARTERLY DIVIDEND OPTION;;;10.1355;9.9328;0;14-Nov-2008
107514;HDFC FMP 18M JANUARY 2008 WHOLESALE PLAN - GROWTH OPTION;;;10.3155;10.1092;0;14-Nov-2008
106961;HDFC FMP 18M NOVEMBER 2007 RETAIL PLAN - GROWTH OPTION;;;10.6505;10.4375;0;14-Nov-2008
106957;HDFC FMP 18M NOVEMBER 2007 RETAIL PLAN - NORMAL DIVIDEND OPTION;;;10.6505;10.4375;0;14-Nov-2008
106958;HDFC FMP 18M NOVEMBER 2007 RETAIL PLAN - QUARTERLY DIVIDEND OPTION;;;10.0487;9.8477;0;14-Nov-2008
106959;HDFC FMP 18M NOVEMBER 2007 WHOLESALE PLAN - GROWTH OPTION;;;10.7132;10.4989;0;14-Nov-2008
106810;HDFC FMP 18M OCTOBER 2007 RETAIL PLAN GROWTH OPTION;;;10.5844;10.3727;0;14-Nov-2008
106811;HDFC FMP 18M OCTOBER 2007 RETAIL PLAN NORMAL DIVIDEND OPTION;;;10.5844;10.3727;0;14-Nov-2008
106812;HDFC FMP 18M OCTOBER 2007 RETAIL PLAN QUARTERLY DIVIDEND OPTION;;;9.9267;9.7282;0;14-Nov-2008
106808;HDFC FMP 18M OCTOBER 2007 WHOLESALE PLAN GROWTH OPTION;;;10.6502;10.4372;0;14-Nov-2008
106807;HDFC FMP 18M OCTOBER 2007 WHOLESALE PLAN NORMAL DIVIDEND OPTION;;;10.6502;10.4372;0;14-Nov-2008
110416;HDFC FMP 18M October 2008 (1) - RETAIL PLAN - GROWTH OPTION;;;9.7698;9.5744;0;14-Nov-2008
110415;HDFC FMP 18M October 2008 (1) - RETAIL PLAN - NORMAL DIVIDEND OPTION;;;9.7698;9.5744;0;14-Nov-2008
110417;HDFC FMP 18M October 2008 (1) - RETAIL PLAN - QUARTERLY DIVIDEND OPTION;;;9.7698;9.5744;0;14-Nov-2008
110418;HDFC FMP 18M October 2008 (1) - WHOLESALE PLAN - GROWTH OPTION;;;9.7791;9.5835;0;14-Nov-2008
110413;HDFC FMP 18M October 2008 (1) - WHOLESALE PLAN - NORMAL DIVIDEND OPTION;;;9.7791;9.5835;0;14-Nov-2008
110414;HDFC FMP 18M October 2008 (1) - WHOLESALE PLAN - QUARTERLY DIVIDEND OPTION;;;9.7791;9.5835;0;14-Nov-2008
106731;HDFC FMP 18M SEPTEMBER 2007 - RETAIL PLAN GROWTH OPTION;;;10.7833;10.5676;0;14-Nov-2008
106728;HDFC FMP 18M SEPTEMBER 2007 - RETAIL PLAN NORMAL DIVIDEND OPTION;;;10.7833;10.5676;0;14-Nov-2008
106730;HDFC FMP 18M SEPTEMBER 2007 - RETAIL PLAN QUATERLY DIVIDEND OPTION;;;10.1045;9.9024;0;14-Nov-2008
106729;HDFC FMP 18M SEPTEMBER 2007 - WHOLESALE PLAN GROWTH OPTION;;;10.8544;10.6373;0;14-Nov-2008
106733;HDFC FMP 18M SEPTEMBER 2007 - WHOLESALE PLAN QUATERLY DIVIDEND OPTION;;;10.1108;9.9086;0;14-Nov-2008
109595;HDFC FMP 20M AUGUST 2008  - RETAIL PLAN - GROWTH OPTION;;;9.7796;9.584;0;14-Nov-2008
109591;HDFC FMP 20M AUGUST 2008  - RETAIL PLAN - NORMAL DIVIDEND OPTION;;;9.7796;9.584;0;14-Nov-2008
109594;HDFC FMP 20M AUGUST 2008  - RETAIL PLAN - QUARTERLY DIVIDEND OPTION;;;9.7796;9.584;0;14-Nov-2008
109593;HDFC FMP 20M AUGUST 2008  - WHOLESALE PLAN - GROWTH OPTION;;;9.7965;9.6006;0;14-Nov-2008
110062;HDFC FMP 22M September 2008  - RETAIL PLAN - GROWTH OPTION;;;9.7409;9.5461;0;14-Nov-2008
110059;HDFC FMP 22M September 2008  - RETAIL PLAN - NORMAL DIVIDEND OPTION;;;9.7409;9.5461;0;14-Nov-2008
110060;HDFC FMP 22M September 2008  - RETAIL PLAN - QUARTERLY DIVIDEND OPTION;;;9.7409;9.5461;0;14-Nov-2008
110061;HDFC FMP 22M September 2008  - WHOLESALE PLAN - GROWTH OPTION;;;9.753;9.5579;0;14-Nov-2008
110057;HDFC FMP 22M September 2008  - WHOLESALE PLAN - NORMAL DIVIDEND OPTION;;;9.753;9.5579;0;14-Nov-2008
105681;HDFC FMP 24M May 2007 - Retail Plan Dividend Option;;;11.443;11.2714;0;14-Nov-2008
105682;HDFC FMP 24M May 2007 - Retail Plan Growth Option;;;11.4396;11.268;0;14-Nov-2008
105680;HDFC FMP 24M May 2007 - Retail Plan Quaterly Dividend Option;;;10.2525;10.0987;0;14-Nov-2008
105679;HDFC FMP 24M May 2007 - Wholesale Plan Growth Option;;;11.489;11.3167;0;14-Nov-2008
104184;HDFC FMP 26M AUGUST 2006 IP - Dividend;;;0;0;0;14-Nov-2008
104185;HDFC FMP 26M AUGUST 2006 IP - Growth;;;0;0;0;14-Nov-2008
104186;HDFC FMP 26M AUGUST 2006 Retail - Dividend;;;0;0;0;14-Nov-2008
104187;HDFC FMP 26M AUGUST 2006 Retail - Growth;;;0;0;0;14-Nov-2008
106029;HDFC FMP 36M JUNE 2007 - RETAIL PLAN GROWTH OPTION;;;10.4353;10.2788;0;14-Nov-2008
106033;HDFC FMP 36M JUNE 2007 - RETAIL PLAN NORMAL DIVIDEND OPTION;;;10.4353;10.2788;0;14-Nov-2008
106030;HDFC FMP 36M JUNE 2007 - RETAIL PLAN QUATERLY DIVIDEND OPTION;;;9.5888;9.445;0;14-Nov-2008
106034;HDFC FMP 36M JUNE 2007 - WHOLESALE PLAN GROWTH OPTION;;;10.492;10.3346;0;14-Nov-2008
106032;HDFC FMP 36M JUNE 2007 - WHOLESALE PLAN QUATERLY DIVIDEND OPTION;;;9.5942;9.4503;0;14-Nov-2008
109582;HDFC FMP 370D AUGUST 2008 (1) - RETAIL PLAN - GROWTH OPTION;;;10.005;9.8549;0;14-Nov-2008
109583;HDFC FMP 370D AUGUST 2008 (1) - RETAIL PLAN - NORMAL DIVIDEND OPTION;;;10.005;9.8549;0;14-Nov-2008
109585;HDFC FMP 370D AUGUST 2008 (1) - RETAIL PLAN - QUARTERLY DIVIDEND OPTION;;;10.005;9.8549;0;14-Nov-2008
109586;HDFC FMP 370D AUGUST 2008 (1) - WHOLESALE PLAN - GROWTH OPTION;;;10.0277;9.8773;0;14-Nov-2008
109584;HDFC FMP 370D AUGUST 2008 (1) - WHOLESALE PLAN - NORMAL DIVIDEND OPTION;;;10.0277;9.8773;0;14-Nov-2008
109711;HDFC FMP 370D AUGUST 2008 (2) - RETAIL PLAN - GROWTH OPTION;;;10.2301;10.0766;0;14-Nov-2008
109712;HDFC FMP 370D AUGUST 2008 (2) - RETAIL PLAN - NORMAL DIVIDEND OPTION;;;10.2301;10.0766;0;14-Nov-2008
109710;HDFC FMP 370D AUGUST 2008 (2) - WHOLESALE PLAN - GROWTH OPTION;;;10.2301;10.0766;0;14-Nov-2008
109882;HDFC FMP 370D AUGUST 2008 (3) - RETAIL PLAN - GROWTH OPTION;;;10.1534;10.0011;0;14-Nov-2008
109883;HDFC FMP 370D AUGUST 2008 (3) - RETAIL PLAN - NORMAL DIVIDEND OPTION;;;10.1534;10.0011;0;14-Nov-2008
109884;HDFC FMP 370D AUGUST 2008 (3) - RETAIL PLAN - QUARTERLY DIVIDEND OPTION;;;10.1534;10.0011;0;14-Nov-2008
109880;HDFC FMP 370D AUGUST 2008 (3) - WHOLESALE PLAN - GROWTH OPTION;;;10.1692;10.0167;0;14-Nov-2008
109208;HDFC FMP 370D JULY 2008 (1) - RETAIL PLAN - GROWTH OPTION;;;10.1533;10.001;0;14-Nov-2008
109209;HDFC FMP 370D JULY 2008 (1) - RETAIL PLAN - NORMAL DIVIDEND OPTION;;;10.1533;10.001;0;14-Nov-2008
109212;HDFC FMP 370D JULY 2008 (1) - RETAIL PLAN - QUARTERLY DIVIDEND OPTION;;;10.1533;10.001;0;14-Nov-2008
109210;HDFC FMP 370D JULY 2008 (1) - WHOLESALE PLAN - GROWTH OPTION;;;10.1731;10.0205;0;14-Nov-2008
109207;HDFC FMP 370D JULY 2008 (1) - WHOLESALE PLAN - NORMAL DIVIDEND OPTION;;;10.1731;10.0205;0;14-Nov-2008
109211;HDFC FMP 370D JULY 2008 (1) - WHOLESALE PLAN - QUARTERLY DIVIDEND OPTION;;;10.1731;10.0205;0;14-Nov-2008
109416;HDFC FMP 370D JULY 2008 (2) - RETAIL PLAN - GROWTH OPTION;;;10.1005;9.949;0;14-Nov-2008
109412;HDFC FMP 370D JULY 2008 (2) - RETAIL PLAN - NORMAL DIVIDEND OPTION;;;10.1005;9.949;0;14-Nov-2008
109413;HDFC FMP 370D JULY 2008 (2) - RETAIL PLAN - QUARTERLY DIVIDEND OPTION;;;10.1005;9.949;0;14-Nov-2008
109411;HDFC FMP 370D JULY 2008 (2) - WHOLESALE PLAN - GROWTH OPTION;;;10.118;9.9662;0;14-Nov-2008
109027;HDFC FMP 370D JUNE 2008 (1) - RETAIL PLAN - GROWTH OPTION;;;10.1462;9.994;0;14-Nov-2008
109028;HDFC FMP 370D JUNE 2008 (1) - RETAIL PLAN - NORMAL DIVIDEND OPTION;;;10.1461;9.9939;0;14-Nov-2008
109029;HDFC FMP 370D JUNE 2008 (1) - RETAIL PLAN - QUARTERLY DIVIDEND OPTION;;;10.0233;9.873;0;14-Nov-2008
109025;HDFC FMP 370D JUNE 2008 (1) - WHOLESALE PLAN - GROWTH OPTION;;;10.1589;10.0065;0;14-Nov-2008
109026;HDFC FMP 370D JUNE 2008 (1) - WHOLESALE PLAN - NORMAL DIVIDEND OPTION;;;10.1589;10.0065;0;14-Nov-2008
109030;HDFC FMP 370D JUNE 2008 (1) - WHOLESALE PLAN - QUARTERLY DIVIDEND OPTION;;;10.0279;9.8775;0;14-Nov-2008
109105;HDFC FMP 370D JUNE 2008 (2) - RETAIL PLAN - GROWTH OPTION;;;10.0874;9.9361;0;14-Nov-2008
109107;HDFC FMP 370D JUNE 2008 (2) - RETAIL PLAN - NORMAL DIVIDEND OPTION;;;10.0874;9.9361;0;14-Nov-2008
109106;HDFC FMP 370D JUNE 2008 (2) - RETAIL PLAN - QUARTERLY DIVIDEND OPTION;;;10.0874;9.9361;0;14-Nov-2008
109102;HDFC FMP 370D JUNE 2008 (2) - WHOLESALE PLAN - GROWTH OPTION;;;10.1021;9.9506;0;14-Nov-2008
109103;HDFC FMP 370D JUNE 2008 (2) - WHOLESALE PLAN - NORMAL DIVIDEND OPTION;;;10.1021;9.9506;0;14-Nov-2008
108017;HDFC FMP 370D MARCH 2008 (1) RETAIL PLAN - GROWTH OPTION;;;10.3459;10.1907;0;14-Nov-2008
108016;HDFC FMP 370D MARCH 2008 (1) RETAIL PLAN - NORMAL DIVIDEND OPTION;;;10.3459;10.1907;0;14-Nov-2008
108012;HDFC FMP 370D MARCH 2008 (1) WHOLESALE PLAN - GROWTH OPTION;;;10.3459;10.1907;0;14-Nov-2008
108005;HDFC FMP 370D MARCH 2008 (2) RETAIL PLAN - GROWTH OPTION;;;10.4012;10.2452;0;14-Nov-2008
108006;HDFC FMP 370D MARCH 2008 (2) RETAIL PLAN - NORMAL DIVIDEND OPTION;;;10.4012;10.2452;0;14-Nov-2008
108007;HDFC FMP 370D MARCH 2008 (2) RETAIL PLAN - QUARTERLY DIVIDEND OPTION;;;10.0729;9.9218;0;14-Nov-2008
108010;HDFC FMP 370D MARCH 2008 (2) WHOLESALE PLAN - GROWTH OPTION;;;10.4012;10.2452;0;14-Nov-2008
108009;HDFC FMP 370D MARCH 2008 (2) WHOLESALE PLAN - NORMAL DIVIDEND OPTION;;;10.4012;10.2452;0;14-Nov-2008
108397;HDFC FMP 370D MAY 2008 RETAIL PLAN - GROWTH OPTION;;;10.2425;10.0888625;0;14-Nov-2008
108398;HDFC FMP 370D MAY 2008 RETAIL PLAN - NORMAL DIVIDEND OPTION;;;10.2425;10.0888625;0;14-Nov-2008
108396;HDFC FMP 370D MAY 2008 RETAIL PLAN - QUARTERLY DIVIDEND OPTION;;;10.055;9.904175;0;14-Nov-2008
108393;HDFC FMP 370D MAY 2008 WHOLESALE PLAN - GROWTH OPTION;;;10.259;10.105115;0;14-Nov-2008
108394;HDFC FMP 370D MAY 2008 WHOLESALE PLAN - NORMAL DIVIDEND OPTION;;;10.259;10.105115;0;14-Nov-2008
108395;HDFC FMP 370D MAY 2008 WHOLESALE PLAN - QUARTERLY DIVIDEND OPTION;;;10.0594;9.908509;0;14-Nov-2008
108427;HDFC FMP 370D MAY 2008 (2) - RETAIL PLAN - GROWTH OPTION;;;10.2131;10.0599035;0;14-Nov-2008
108428;HDFC FMP 370D MAY 2008 (2) - RETAIL PLAN - NORMAL DIVIDEND OPTION;;;10.2131;10.0599035;0;14-Nov-2008
108429;HDFC FMP 370D MAY 2008 (2) - RETAIL PLAN - QUARTERLY DIVIDEND OPTION;;;10.0557;9.9048645;0;14-Nov-2008
108426;HDFC FMP 370D MAY 2008 (2) - WHOLESALE PLAN - GROWTH OPTION;;;10.2302;10.076747;0;14-Nov-2008
108461;HDFC FMP 370D MAY 2008 (3) - RETAIL PLAN - GROWTH OPTION;;;10.0773;9.9261405;0;14-Nov-2008
108462;HDFC FMP 370D MAY 2008 (3) - RETAIL PLAN - NORMAL DIVIDEND OPTION;;;10.0773;9.9261405;0;14-Nov-2008
108460;HDFC FMP 370D MAY 2008 (3) - RETAIL PLAN - QUARTERLY DIVIDEND OPTION;;;9.9574;9.808039;0;14-Nov-2008
108457;HDFC FMP 370D MAY 2008 (3) - WHOLESALE PLAN - GROWTH OPTION;;;10.0934;9.941999;0;14-Nov-2008
108459;HDFC FMP 370D MAY 2008 (3) - WHOLESALE PLAN - QUARTERLY DIVIDEND OPTION;;;9.9623;9.8128655;0;14-Nov-2008
110708;HDFC FMP 370D November 2008 (1) - RETAIL PLAN - GROWTH OPTION;;;10.0171;9.8668;0;14-Nov-2008
110710;HDFC FMP 370D November 2008 (1) - RETAIL PLAN - NORMAL DIVIDEND OPTION;;;10.0171;9.8668;0;14-Nov-2008
110712;HDFC FMP 370D November 2008 (1) - RETAIL PLAN - QUARTERLY DIVIDEND OPTION;;;10.0171;9.8668;0;14-Nov-2008
110711;HDFC FMP 370D November 2008 (1) - WHOLESALE PLAN - GROWTH OPTION;;;10.0189;9.8686;0;14-Nov-2008
110709;HDFC FMP 370D November 2008 (1) - WHOLESALE PLAN - NORMAL DIVIDEND OPTION;;;10.0189;9.8686;0;14-Nov-2008
110707;HDFC FMP 370D November 2008 (1) - WHOLESALE PLAN - QUARTERLY DIVIDEND OPTION;;;10.0189;9.8686;0;14-Nov-2008
110535;HDFC FMP 370D October 2008 (1) - RETAIL PLAN - GROWTH OPTION;;;10.0889;9.9376;0;14-Nov-2008
110536;HDFC FMP 370D October 2008 (1) - RETAIL PLAN - NORMAL DIVIDEND OPTION;;;10.0889;9.9376;0;14-Nov-2008
110533;HDFC FMP 370D October 2008 (1) - RETAIL PLAN - QUARTERLY DIVIDEND OPTION;;;10.0889;9.9376;0;14-Nov-2008
110531;HDFC FMP 370D October 2008 (1) - WHOLESALE PLAN - GROWTH OPTION;;;10.0954;9.944;0;14-Nov-2008
110193;HDFC FMP 370D SEPTEMBER 2008 (1) - RETAIL PLAN - GROWTH OPTION;;;10.0876;9.9363;0;14-Nov-2008
110191;HDFC FMP 370D SEPTEMBER 2008 (1) - RETAIL PLAN - NORMAL DIVIDEND OPTION;;;10.0876;9.9363;0;14-Nov-2008
110192;HDFC FMP 370D SEPTEMBER 2008 (1) - RETAIL PLAN - QUARTERLY DIVIDEND OPTION;;;10.0876;9.9363;0;14-Nov-2008
110194;HDFC FMP 370D SEPTEMBER 2008 (1) - WHOLESALE PLAN - GROWTH OPTION;;;10.1014;9.9499;0;14-Nov-2008
110196;HDFC FMP 370D SEPTEMBER 2008 (1) - WHOLESALE PLAN - QUARTERLY DIVIDEND OPTION;;;10.1014;9.9499;0;14-Nov-2008
109645;HDFC FMP 90D AUGUST 2008 (2) - RETAIL PLAN DIVIDEND OPTION;;;10.2519;10.175;0;14-Nov-2008
109644;HDFC FMP 90D AUGUST 2008 (2) - RETAIL PLAN GROWTH OPTION;;;10.2519;10.175;0;14-Nov-2008
109643;HDFC FMP 90D AUGUST 2008 (2) - WHOLESALE PLAN DIVIDEND OPTION;;;10.2541;10.1772;0;14-Nov-2008
109646;HDFC FMP 90D AUGUST 2008 (2) - WHOLESALE PLAN GROWTH OPTION;;;10.2541;10.1772;0;14-Nov-2008
109686;HDFC FMP 90D AUGUST 2008 (3) - RETAIL PLAN DIVIDEND OPTION;;;10.2414;10.1646;0;14-Nov-2008
109685;HDFC FMP 90D AUGUST 2008 (3) - RETAIL PLAN GROWTH OPTION;;;10.2414;10.1646;0;14-Nov-2008
109688;HDFC FMP 90D AUGUST 2008 (3) - WHOLESALE PLAN DIVIDEND OPTION;;;10.2436;10.1668;0;14-Nov-2008
109687;HDFC FMP 90D AUGUST 2008 (3) - WHOLESALE PLAN GROWTH OPTION;;;10.2436;10.1668;0;14-Nov-2008
109810;HDFC FMP 90D AUGUST 2008 (4) - RETAIL PLAN DIVIDEND OPTION;;;10.2228;10.1461;0;14-Nov-2008
109812;HDFC FMP 90D AUGUST 2008 (4) - RETAIL PLAN GROWTH OPTION;;;10.2228;10.1461;0;14-Nov-2008
109811;HDFC FMP 90D AUGUST 2008 (4) - WHOLESALE PLAN DIVIDEND OPTION;;;10.2249;10.1482;0;14-Nov-2008
109813;HDFC FMP 90D AUGUST 2008 (4) - WHOLESALE PLAN GROWTH OPTION;;;10.2249;10.1482;0;14-Nov-2008
110734;HDFC FMP 90D November 2008 (1) - RETAIL PLAN DIVIDEND OPTION;;;10.0096;9.9345;0;14-Nov-2008
110733;HDFC FMP 90D November 2008 (1) - RETAIL PLAN GROWTH OPTION;;;10.0096;9.9345;0;14-Nov-2008
110735;HDFC FMP 90D November 2008 (1) - WHOLESALE PLAN DIVIDEND OPTION;;;10.0098;9.9347;0;14-Nov-2008
110732;HDFC FMP 90D November 2008 (1) - WHOLESALE PLAN GROWTH OPTION;;;10.0098;9.9347;0;14-Nov-2008
110511;HDFC FMP 90D October 2008 (1) - RETAIL PLAN DIVIDEND OPTION;;;10.0892;10.0135;0;14-Nov-2008
110514;HDFC FMP 90D October 2008 (1) - RETAIL PLAN GROWTH OPTION;;;10.0892;10.0135;0;14-Nov-2008
110513;HDFC FMP 90D October 2008 (1) - WHOLESALE PLAN DIVIDEND OPTION;;;10.0899;10.0142;0;14-Nov-2008
110512;HDFC FMP 90D October 2008 (1) - WHOLESALE PLAN GROWTH OPTION;;;10.0899;10.0142;0;14-Nov-2008
110527;HDFC FMP 90D October 2008 (2) - RETAIL PLAN DIVIDEND OPTION;;;10.068;9.9925;0;14-Nov-2008
110529;HDFC FMP 90D October 2008 (2) - RETAIL PLAN GROWTH OPTION;;;10.068;9.9925;0;14-Nov-2008
110530;HDFC FMP 90D October 2008 (2) - WHOLESALE PLAN DIVIDEND OPTION;;;10.0686;9.9931;0;14-Nov-2008
110528;HDFC FMP 90D October 2008 (2) - WHOLESALE PLAN GROWTH OPTION;;;10.0686;9.9931;0;14-Nov-2008
110625;HDFC FMP 90D October 2008 (3) - RETAIL PLAN DIVIDEND OPTION;;;10.0443;9.969;0;14-Nov-2008
110622;HDFC FMP 90D October 2008 (3) - RETAIL PLAN GROWTH OPTION;;;10.0443;9.969;0;14-Nov-2008
110624;HDFC FMP 90D October 2008 (3) - WHOLESALE PLAN DIVIDEND OPTION;;;10.0448;9.9695;0;14-Nov-2008
110623;HDFC FMP 90D October 2008 (3) - WHOLESALE PLAN GROWTH OPTION;;;10.0448;9.9695;0;14-Nov-2008
109906;HDFC FMP 90D September 2008 (1) - RETAIL PLAN DIVIDEND OPTION;;;10.1992;10.1227;0;14-Nov-2008
109905;HDFC FMP 90D September 2008 (1) - RETAIL PLAN GROWTH OPTION;;;10.1992;10.1227;0;14-Nov-2008
109907;HDFC FMP 90D September 2008 (1) - WHOLESALE PLAN DIVIDEND OPTION;;;10.2059;10.1294;0;14-Nov-2008
109904;HDFC FMP 90D September 2008 (1) - WHOLESALE PLAN GROWTH OPTION;;;10.2059;10.1294;0;14-Nov-2008
110053;HDFC FMP 90D September 2008 (2) - RETAIL PLAN DIVIDEND OPTION;;;10.1759;10.0996;0;14-Nov-2008
110054;HDFC FMP 90D September 2008 (2) - RETAIL PLAN GROWTH OPTION;;;10.1759;10.0996;0;14-Nov-2008
110056;HDFC FMP 90D September 2008 (2) - WHOLESALE PLAN DIVIDEND OPTION;;;10.1774;10.1011;0;14-Nov-2008
110055;HDFC FMP 90D September 2008 (2) - WHOLESALE PLAN GROWTH OPTION;;;10.1774;10.1011;0;14-Nov-2008
110179;HDFC FMP 90D September 2008 (3) - RETAIL PLAN DIVIDEND OPTION;;;10.1408;10.0647;0;14-Nov-2008
110182;HDFC FMP 90D September 2008 (3) - RETAIL PLAN GROWTH OPTION;;;10.1408;10.0647;0;14-Nov-2008
110181;HDFC FMP 90D September 2008 (3) - WHOLESALE PLAN DIVIDEND OPTION;;;10.1423;10.0662;0;14-Nov-2008
110180;HDFC FMP 90D September 2008 (3) - WHOLESALE PLAN GROWTH OPTION;;;10.1423;10.0662;0;14-Nov-2008
110338;HDFC FMP 90D September 2008 (4) - RETAIL PLAN DIVIDEND OPTION;;;10.1079;10.0321;0;14-Nov-2008
110337;HDFC FMP 90D September 2008 (4) - RETAIL PLAN GROWTH OPTION;;;10.1079;10.0321;0;14-Nov-2008
110339;HDFC FMP 90D September 2008 (4) - WHOLESALE PLAN DIVIDEND OPTION;;;10.109;10.0332;0;14-Nov-2008
110340;HDFC FMP 90D September 2008 (4) - WHOLESALE PLAN GROWTH OPTION;;;10.109;10.0332;0;14-Nov-2008
105428;HDFC QUARTERLY INTERVAL FUND - PLAN A - RETAIL PLAN - Growth Option;INF179K01GT9;;11.6442;11.5569;0;14-Nov-2008
105429;HDFC QUARTERLY INTERVAL FUND - PLAN A - RETAIL PLAN -Dividend Option;INF179K01GU7;INF179K01GV5;10.1292;10.0532;0;14-Nov-2008
105427;HDFC QUARTERLY INTERVAL FUND - PLAN A - WHOLESALE PLAN - Dividend Option;INF179K01GX1;;10.1292;10.0532;0;14-Nov-2008
105430;HDFC QUARTERLY INTERVAL FUND - PLAN A - WHOLESALE PLAN - Growth Option;INF179K01GW3;;11.6442;11.5569;0;14-Nov-2008
105420;HDFC QUARTERLY INTERVAL FUND - PLAN B - RETAIL PLAN - Growth Option;INF179K01GZ6;;11.4434;11.3576;0;14-Nov-2008
105421;HDFC QUARTERLY INTERVAL FUND - PLAN B - RETAIL PLAN -Dividend Option;INF179K01HA7;INF179K01HB5;10.074;9.9984;0;14-Nov-2008
105419;HDFC QUARTERLY INTERVAL FUND - PLAN B - WHOLESALE PLAN - Dividend Option;INF179K01HD1;;10.074;9.9984;0;14-Nov-2008
105422;HDFC QUARTERLY INTERVAL FUND - PLAN B - WHOLESALE PLAN - Growth Option;INF179K01HC3;;11.4434;11.3576;0;14-Nov-2008
105762;HDFC QUARTERLY INTERVAL FUND - PLAN C - RETAIL PLAN - Dividend Option;INF179K01HG4;INF179K01HH2;10.0102;9.9351;0;14-Nov-2008
105761;HDFC QUARTERLY INTERVAL FUND - PLAN C - RETAIL PLAN -Growth Option;INF179K01HF6;;11.427;11.3413;0;14-Nov-2008
105759;HDFC QUARTERLY INTERVAL FUND - PLAN C - WHOLESALE PLAN - Growth Option;INF179K01HI0;;11.427;11.3413;0;14-Nov-2008
105760;HDFC QUARTERLY INTERVAL FUND - PLAN C -WHOLESALE PLAN - Dividend Option;INF179K01HJ8;;10.0102;9.9351;0;14-Nov-2008

HSBC Mutual Fund
105117;HSBC Fixed Term Series 24 - Inst. - Dividend;;;0.0000;0.0000;0.0000;14-Nov-2008
105118;HSBC Fixed Term Series 24 - Inst. - Growth;;;0.0000;0.0000;0.0000;14-Nov-2008
105119;HSBC Fixed Term Series 24 - Regular - Dividend;;;11.8063;11.4521;0.0000;14-Nov-2008
105116;HSBC Fixed Term Series 24 - Regular - Growth;;;11.8063;11.4521;0.0000;14-Nov-2008
105890;HSBC Fixed Term Series 30 - Inst. - Dividend;;;9.5984;9.3138;0.0000;14-Nov-2008
105891;HSBC Fixed Term Series 30 - Inst. - Growth;;;10.6091;10.3043;0.0000;14-Nov-2008
105893;HSBC Fixed Term Series 30 - Regular - Dividend;;;9.5984;9.3138;0.0000;14-Nov-2008
105892;HSBC Fixed Term Series 30 - Regular - Growth;;;10.6091;10.3043;0.0000;14-Nov-2008
107229;HSBC Fixed Term Series 41 - Inst. - Dividend;;;10.1386;9.9342;0.0000;14-Nov-2008
107231;HSBC Fixed Term Series 41 - Inst. - Growth;;;10.8147;10.5968;0.0000;14-Nov-2008
107230;HSBC Fixed Term Series 41 - Regular - Dividend;;;10.1321;9.9167;0.0000;14-Nov-2008
107232;HSBC Fixed Term Series 41 - Regular - Growth;;;10.7793;10.5509;0.0000;14-Nov-2008
107544;HSBC Fixed Term Series 42 - Inst. - Dividend;;;0.0000;0.0000;0.0000;14-Nov-2008
107545;HSBC Fixed Term Series 42 - Inst. - Growth;;;10.3494;10.1386;0.0000;14-Nov-2008
107543;HSBC Fixed Term Series 42 - Regular - Dividend;;;0.0000;0.0000;0.0000;14-Nov-2008
107542;HSBC Fixed Term Series 42 - Regular - Growth;;;10.3494;10.1386;0.0000;14-Nov-2008
107890;HSBC Fixed Term Series 44 - Inst. - Dividend;;;0.0000;0.0000;0.0000;14-Nov-2008
107888;HSBC Fixed Term Series 44 - Inst. - Growth;;;10.6558;10.4427;0.0000;14-Nov-2008
107889;HSBC Fixed Term Series 44 - Regular - Dividend;;;10.1388;9.9360;0.0000;14-Nov-2008
107891;HSBC Fixed Term Series 44 - Regular - Growth;;;10.6206;10.4082;0.0000;14-Nov-2008
108065;HSBC Fixed Term Series 45 - Inst. - Dividend;;;0.0000;0.0000;0.0000;14-Nov-2008
108066;HSBC Fixed Term Series 45 - Inst. - Growth;;;10.5286;10.3180;0.0000;14-Nov-2008
108064;HSBC Fixed Term Series 45 - Regular - Dividend;;;10.0638;9.8625;0.0000;14-Nov-2008
108067;HSBC Fixed Term Series 45 - Regular - Growth;;;10.5019;10.2919;0.0000;14-Nov-2008
108071;HSBC Fixed Term Series 46 - Inst. - Dividend;;;10.1074;9.9053;0.0000;14-Nov-2008
108068;HSBC Fixed Term Series 46 - Inst. - Growth;;;10.4400;10.2312;0.0000;14-Nov-2008
108069;HSBC Fixed Term Series 46 - Regular - Dividend;;;10.1005;9.8985;0.0000;14-Nov-2008
108070;HSBC Fixed Term Series 46 - Regular - Growth;;;10.4135;10.2052;0.0000;14-Nov-2008
108102;HSBC Fixed Term Series 49 - Inst. - Dividend;;;0.0000;0.0000;0.0000;14-Nov-2008
108103;HSBC Fixed Term Series 49 - Inst. - Growth;;;10.5754;10.4168;0.0000;14-Nov-2008
108104;HSBC Fixed Term Series 49 - Regular - Dividend;;;10.5754;10.4168;0.0000;14-Nov-2008
108105;HSBC Fixed Term Series 49 - Regular - Growth;;;10.5754;10.4168;0.0000;14-Nov-2008
108343;HSBC Fixed Term Series 50 - Inst. - Dividend;;;0.0000;0.0000;0.0000;14-Nov-2008
108344;HSBC Fixed Term Series 50 - Inst. - Growth;;;10.4385;10.2297;0.0000;14-Nov-2008
108345;HSBC Fixed Term Series 50 - Regular - Dividend;;;0.0000;0.0000;0.0000;14-Nov-2008
108342;HSBC Fixed Term Series 50 - Regular - Growth;;;10.4385;10.2297;0.0000;14-Nov-2008
108349;HSBC Fixed Term Series 52 - Inst. - Dividend;;;9.9421;9.7433;0.0000;14-Nov-2008
108347;HSBC Fixed Term Series 52 - Inst. - Growth;;;10.1654;9.9621;0.0000;14-Nov-2008
108348;HSBC Fixed Term Series 52 - Regular - Dividend;;;9.9357;9.7370;0.0000;14-Nov-2008
108346;HSBC Fixed Term Series 52 - Regular - Growth;;;10.1440;9.9411;0.0000;14-Nov-2008
108499;HSBC Fixed Term Series-53-Inst-Dividend;;;0.0000;0.0000;0.0000;14-Nov-2008
108498;HSBC Fixed Term Series-53-Inst-Growth;;;10.2944;10.0885;0.0000;14-Nov-2008
108497;HSBC Fixed Term Series-53-Reg-Dividend;;;10.0641;9.8628;0.0000;14-Nov-2008
108496;HSBC Fixed Term Series-53-Reg-Growth;;;10.2753;10.0698;0.0000;14-Nov-2008
109018;HSBC Fixed Term Series-54-Inst-Dividend;;;10.0267;9.8262;0.0000;14-Nov-2008
109017;HSBC Fixed Term Series-54-Inst-Growth;;;10.2074;10.0033;0.0000;14-Nov-2008
109019;HSBC Fixed Term Series-54-Reg-Dividend;;;10.0146;9.8143;0.0000;14-Nov-2008
109020;HSBC Fixed Term Series-54-Reg-Growth;;;10.1769;9.9734;0.0000;14-Nov-2008
109227;HSBC Fixed Term Series-55-Inst-Dividend;;;10.1712;10.0695;0.0000;14-Nov-2008
109225;HSBC Fixed Term Series-55-Inst-Growth;;;10.3794;10.2756;0.0000;14-Nov-2008
109226;HSBC Fixed Term Series-55-Reg-Dividend;;;10.1677;10.0660;0.0000;14-Nov-2008
109228;HSBC Fixed Term Series-55-Reg-Growth;;;10.3716;10.2679;0.0000;14-Nov-2008
109609;HSBC Fixed Term Series 56 - Inst. - Dividend;;;9.9638;9.7645;0.0000;14-Nov-2008
109612;HSBC Fixed Term Series 56 - Inst. - Growth;;;10.0760;9.8745;0.0000;14-Nov-2008
109610;HSBC Fixed Term Series 56 - Regular - Dividend;;;9.9483;9.7493;0.0000;14-Nov-2008
109611;HSBC Fixed Term Series 56 - Regular - Growth;;;10.0512;9.8502;0.0000;14-Nov-2008
109746;HSBC Fixed Term Series 57 - Inst. - Dividend;;;0.0000;0.0000;0.0000;14-Nov-2008
109748;HSBC Fixed Term Series 57 - Inst. - Growth;;;10.2451;10.0402;0.0000;14-Nov-2008
109749;HSBC Fixed Term Series 57 - Regular - Dividend;;;10.1699;9.9665;0.0000;14-Nov-2008
109747;HSBC Fixed Term Series 57 - Regular - Growth;;;10.2273;10.0228;0.0000;14-Nov-2008
109322;HSBC Fixed Term Series 59 - Inst. - Dividend;;;9.9353;9.7366;0.0000;14-Nov-2008
109321;HSBC Fixed Term Series 59 - Inst. - Growth;;;10.0808;9.8792;0.0000;14-Nov-2008
109323;HSBC Fixed Term Series 59 - Regular - Dividend;;;9.9225;9.7240;0.0000;14-Nov-2008
109320;HSBC Fixed Term Series 59 - Regular - Growth;;;10.0554;9.8543;0.0000;14-Nov-2008
109475;HSBC Fixed Term Series 61 - Inst. - Dividend;;;9.9628;9.7635;0.0000;14-Nov-2008
109474;HSBC Fixed Term Series 61 - Inst. - Growth;;;10.1029;9.9008;0.0000;14-Nov-2008
109476;HSBC Fixed Term Series 61 - Regular - Dividend;;;9.9508;9.7518;0.0000;14-Nov-2008
109477;HSBC Fixed Term Series 61 - Regular - Growth;;;10.0818;9.8802;0.0000;14-Nov-2008
109829;HSBC Fixed Term Series 62 - Inst. - Dividend;;;0.0000;0.0000;0.0000;14-Nov-2008
109826;HSBC Fixed Term Series 62 - Inst. - Growth;;;10.1624;9.9592;0.0000;14-Nov-2008
109827;HSBC Fixed Term Series 62 - Regular - Dividend;;;10.0940;9.8921;0.0000;14-Nov-2008
109828;HSBC Fixed Term Series 62 - Regular - Growth;;;10.1548;9.9517;0.0000;14-Nov-2008
110049;HSBC Fixed Term Series 63 - Inst. - Dividend;;;0.0000;0.0000;0.0000;14-Nov-2008
110052;HSBC Fixed Term Series 63 - Inst. - Growth;;;10.1256;9.9231;0.0000;14-Nov-2008
110051;HSBC Fixed Term Series 63 - Regular - Dividend;;;10.1136;9.9113;0.0000;14-Nov-2008
110050;HSBC Fixed Term Series 63 - Regular - Growth;;;10.1136;9.9113;0.0000;14-Nov-2008
110401;HSBC Fixed Term Series-66-Inst-Dividend;;;0.0000;0.0000;0.0000;14-Nov-2008
110402;HSBC Fixed Term Series-66-Inst-Growth;;;10.1045;9.8014;0.0000;14-Nov-2008
110400;HSBC Fixed Term Series-66-Reg-Dividend;;;10.1045;9.8014;0.0000;14-Nov-2008
110399;HSBC Fixed Term Series-66-Reg-Growth;;;10.1045;9.8014;0.0000;14-Nov-2008
110496;HSBC Fixed Term Series-68-Inst-Dividend;;;10.0402;9.9900;0.0000;14-Nov-2008
110497;HSBC Fixed Term Series-68-Inst-Growth;;;10.0402;9.9900;0.0000;14-Nov-2008
110495;HSBC Fixed Term Series-68-Reg-Dividend;;;10.0358;9.9856;0.0000;14-Nov-2008
110498;HSBC Fixed Term Series-68-Reg-Growth;;;10.0358;9.9856;0.0000;14-Nov-2008
107018;HSBC Interval Fund - Plan I - Inst. -  Dividend;;;10.2371;10.1859;10.2371;14-Nov-2008
107016;HSBC Interval Fund - Plan I - Regular - Dividend;;;10.2347;10.1835;10.2347;14-Nov-2008
107017;HSBC Interval Fund - Plan I - Regular - Growth;;;10.6995;10.6460;10.6995;14-Nov-2008
107019;HSBC Interval Fund - Plan I Inst. - Growth;;;10.9575;10.9027;10.9575;14-Nov-2008
107213;HSBC Interval Fund - Plan II - Inst. - Dividend;;;10.1935;10.1425;10.1935;14-Nov-2008
107215;HSBC Interval Fund - Plan II - Regular - Dividend;;;10.2654;10.2141;10.2654;14-Nov-2008
107216;HSBC Interval Fund - Plan II - Regular - Growth;;;10.9109;10.8563;10.9109;14-Nov-2008
107214;HSBC Interval Fund - Plan II Inst. - Growth;;;10.9325;10.8778;10.9325;14-Nov-2008
108032;HSBC Interval Fund - Plan III - Inst. - Dividend;;;10.1525;10.1017;10.1525;14-Nov-2008
108030;HSBC Interval Fund - Plan III - Regular - Dividend;;;10.1509;10.1001;10.1509;14-Nov-2008
108033;HSBC Interval Fund - Plan III - Regular - Growth;;;10.6481;10.5949;10.6481;14-Nov-2008
108031;HSBC Interval Fund - Plan III Inst. - Growth;;;10.1525;10.1017;10.1525;14-Nov-2008

ING Mutual Fund
108267;ING Fixed Maturity Fund - Series 40 - Institutional Plan- Dividend Option;;;10.5499;10.5499;10.5499;14-Nov-2008
108265;ING Fixed Maturity Fund - Series 40 - Institutional Plan- Growth Option;;;10.5499;10.5499;10.5499;14-Nov-2008
108266;ING Fixed Maturity Fund - Series 40 - Retail Plan- Dividend Option;;;10.5499;10.5499;10.5499;14-Nov-2008
108264;ING Fixed Maturity Fund - Series 40 - Retail Plan- Growth Option;;;10.5499;10.5499;10.5499;14-Nov-2008
108517;ING Fixed Maturity Fund - Series 47 - Institutional Plan - Dividend Option;;;10.4379;10.4379;10.4379;14-Nov-2008
108518;ING Fixed Maturity Fund - Series 47 - Institutional Plan - Growth Option;;;10.4379;10.4379;10.4379;14-Nov-2008
108516;ING Fixed Maturity Fund - Series 47 - Retail Plan - Dividend Option;;;10.4379;10.4379;10.4379;14-Nov-2008
108515;ING Fixed Maturity Fund - Series 47 - Retail Plan - Growth Option;;;10.4379;10.4379;10.4379;14-Nov-2008
109013;ING Fixed Maturity Fund - Series 48 - Institutional Plan - Dividend Option;;;10.4157;10.4157;10.4157;14-Nov-2008
109014;ING Fixed Maturity Fund - Series 48 - Institutional Plan - Growth Option;;;10.4157;10.4157;10.4157;14-Nov-2008
109011;ING Fixed Maturity Fund - Series 48 - Retail Plan - Dividend Option;;;10.4157;10.4157;10.4157;14-Nov-2008
109012;ING Fixed Maturity Fund - Series 48 - Retail Plan - Growth Option;;;10.4157;10.4157;10.4157;14-Nov-2008
108974;ING Fixed Maturity Fund - Series 49 - Institutional Plan - Dividend Option;;;10.2123;10.2123;10.2123;14-Nov-2008
108973;ING Fixed Maturity Fund - Series 49 - Institutional Plan - Growth Option;;;10.4384;10.4384;10.4384;14-Nov-2008
108972;ING Fixed Maturity Fund - Series 49 - Retail Plan - Dividend Option;;;10.2111;10.2111;10.2111;14-Nov-2008
108971;ING Fixed Maturity Fund - Series 49 - Retail Plan - Growth Option;;;10.4380;10.4380;10.4380;14-Nov-2008
109155;ING Fixed Maturity Fund - Series 50 - Institutional Plan - Dividend Option;;;10.1786;10.1786;10.1786;14-Nov-2008
109154;ING Fixed Maturity Fund - Series 50 - Institutional Plan - Growth Option;;;10.4092;10.4092;10.4092;14-Nov-2008
109153;ING Fixed Maturity Fund - Series 50 - Retail Plan - Dividend Option;;;10.1672;10.1672;10.1672;14-Nov-2008
109156;ING Fixed Maturity Fund - Series 50 - Retail Plan - Growth Option;;;10.3981;10.3981;10.3981;14-Nov-2008
110324;ING Fixed Maturity Fund - Series 51-Institutional Plan-Dividend Option;;;10.1738;10.1738;10.1738;14-Nov-2008
110322;ING Fixed Maturity Fund - Series 51-Institutional Plan-Growth Option;;;10.1738;10.1738;10.1738;14-Nov-2008
110323;ING Fixed Maturity Fund - Series 51-Retail Plan-Dividend Option;;;10.1738;10.1738;10.1738;14-Nov-2008
110321;ING Fixed Maturity Fund - Series 51-Retail Plan-Growth Option;;;10.1738;10.1738;10.1738;14-Nov-2008
110432;ING Fixed Maturity Fund - Series 52-Institutional Plan-Dividend Option;;;10.1537;10.1537;10.1537;14-Nov-2008
110431;ING Fixed Maturity Fund - Series 52-Institutional Plan-Growth Option;;;10.1537;10.1537;10.1537;14-Nov-2008
110433;ING Fixed Maturity Fund - Series 52-Retail Plan-Dividend Option;;;10.1510;10.1510;10.1510;14-Nov-2008
110430;ING Fixed Maturity Fund - Series 52-Retail Plan-Growth Option;;;10.1510;10.1510;10.1510;14-Nov-2008
109765;ING Fixed Maturity Fund - Series 53-Institutional Plan-Dividend Option;;;9.8964;9.8964;9.8964;14-Nov-2008
109764;ING Fixed Maturity Fund - Series 53-Institutional Plan-Growth Option;;;9.8964;9.8964;9.8964;14-Nov-2008
109763;ING Fixed Maturity Fund - Series 53-Retail Plan-Dividend Option;;;9.8861;9.8861;9.8861;14-Nov-2008
109762;ING Fixed Maturity Fund - Series 53-Retail Plan-Growth Option;;;9.8861;9.8861;9.8861;14-Nov-2008
106620;ING FIXED MATURITY FUND-SERIES XXXII-INSTITUTIONAL PLAN BONUS OPTION;;;10.0000;10.0000;10.0000;14-Nov-2008
106619;ING FIXED MATURITY FUND-SERIES XXXII-INSTITUTIONAL PLAN DIVIDEND OPTION;;;10.1959;10.1959;10.1959;14-Nov-2008
106618;ING FIXED MATURITY FUND-SERIES XXXII-INSTITUTIONAL PLAN GROWTH OPTION;;;11.1823;11.1823;11.1823;14-Nov-2008
106622;ING FIXED MATURITY FUND-SERIES XXXII-RETAIL PLAN BONUS OPTION;;;10.0000;10.0000;10.0000;14-Nov-2008
106623;ING FIXED MATURITY FUND-SERIES XXXII-RETAIL PLAN DIVIDEND OPTION;;;10.1815;10.1815;10.1815;14-Nov-2008
106621;ING FIXED MATURITY FUND-SERIES XXXII-RETAIL PLAN GROWTH OPTION;;;11.1216;11.1216;11.1216;14-Nov-2008
106922;ING Fixed Maturity Fund - Series XXXVIII - Institutional Plan - Dividend Option;;;10.0000;10.0000;10.0000;14-Nov-2008
106920;ING Fixed Maturity Fund - Series XXXVIII - Institutional Plan - Growth Option;;;10.6897;10.6897;10.6897;14-Nov-2008
106919;ING Fixed Maturity Fund - Series XXXVIII - Retail Plan - Dividend Option;;;10.6451;10.6451;10.6451;14-Nov-2008
106921;ING Fixed Maturity Fund - Series XXXVIII - Retail Plan - Growth Option;;;10.6449;10.6449;10.6449;14-Nov-2008
109196;ING Interval Fund (Annual Interval Fund - A)-Institutional Plan-Bonus Option;;;10.0000;10.0000;10.0000;14-Nov-2008
109199;ING Interval Fund (Annual Interval Fund - A)-Institutional Plan-Daily Dividend Option;;;10.0000;10.0000;10.0000;14-Nov-2008
109198;ING Interval Fund (Annual Interval Fund - A)-Institutional Plan-Growth Option;;;9.8584;9.8584;9.8584;14-Nov-2008
109201;ING Interval Fund (Annual Interval Fund - A)-Institutional Plan-Monthly Dividend Option;;;10.0000;10.0000;10.0000;14-Nov-2008
109202;ING Interval Fund (Annual Interval Fund - A)-Institutional Plan-Quarterly Dividend Option;;;10.0000;10.0000;10.0000;14-Nov-2008
109200;ING Interval Fund (Annual Interval Fund - A)-Institutional Plan-Weekly Dividend Option;;;10.0000;10.0000;10.0000;14-Nov-2008
109195;ING Interval Fund (Annual Interval Fund - A)-Retail Plan-Bonus Option;;;10.0000;10.0000;10.0000;14-Nov-2008
109191;ING Interval Fund (Annual Interval Fund - A)-Retail Plan-Daily Dividend Option;;;10.0000;10.0000;10.0000;14-Nov-2008
109197;ING Interval Fund (Annual Interval Fund - A)-Retail Plan-Growth Option;;;9.8583;9.8583;9.8583;14-Nov-2008
109193;ING Interval Fund (Annual Interval Fund - A)-Retail Plan-Monthly Dividend Option;;;10.0000;10.0000;10.0000;14-Nov-2008
109194;ING Interval Fund (Annual Interval Fund - A)-Retail Plan-Quarterly Dividend Option;;;9.8583;9.8583;9.8583;14-Nov-2008
109192;ING Interval Fund (Annual Interval Fund - A)-Retail Plan-Weekly Dividend Option;;;10.0000;10.0000;10.0000;14-Nov-2008
109458;ING Interval Fund (Annual Interval Fund - B)-Institutional Plan-Growth Option;;;10.0000;10.0000;10.0000;14-Nov-2008
109459;ING Interval Fund (Annual Interval Fund - B)-Institutional Plan-Quarterly Dividend Option;;;10.0000;10.0000;10.0000;14-Nov-2008
109461;ING Interval Fund (Annual Interval Fund - B)-Institutional Plan-Regular Dividend Option;;;10.0000;10.0000;10.0000;14-Nov-2008
109460;ING Interval Fund (Annual Interval Fund - B)-Retail Plan-Growth Option;;;10.3576;10.3576;10.3576;14-Nov-2008
109457;ING Interval Fund (Annual Interval Fund - B)-Retail Plan-Quarterly Dividend Option;;;10.3576;10.3576;10.3576;14-Nov-2008
109456;ING Interval Fund (Annual Interval Fund - B)-Retail Plan-Regular Dividend Option;;;10.3576;10.3576;10.3576;14-Nov-2008
107925;ING Long Term FMP - I - Institutional Plan- Dividend Option;;;10.0000;10.0000;10.0000;14-Nov-2008
107924;ING Long Term FMP - I - Institutional Plan- Growth Option;;;10.6904;10.6904;10.6904;14-Nov-2008
107923;ING Long Term FMP - I - Retail Plan- Dividend Option;;;10.6904;10.6904;10.6904;14-Nov-2008
107922;ING Long Term FMP - I - Retail Plan- Growth Option;;;10.6904;10.6904;10.6904;14-Nov-2008
108138;ING Long Term FMP - II - Institutional Plan- Dividend Option;;;10.0000;10.0000;10.0000;14-Nov-2008
108136;ING Long Term FMP - II - Institutional Plan- Growth Option;;;9.7673;9.7673;9.7673;14-Nov-2008
108135;ING Long Term FMP - II - Retail Plan- Dividend Option;;;9.7673;9.7673;9.7673;14-Nov-2008
108137;ING Long Term FMP - II - Retail Plan- Growth Option;;;9.7673;9.7673;9.7673;14-Nov-2008
110248;ING Quarterly FMP 90 - Series A-Institutional Plan-Dividend Option;;;10.1680;10.1680;10.1680;14-Nov-2008
110247;ING Quarterly FMP 90 - Series A-Institutional Plan-Growth Option;;;10.1680;10.1680;10.1680;14-Nov-2008
110249;ING Quarterly FMP 90 - Series A-Retail Plan-Dividend Option;;;10.1560;10.1560;10.1560;14-Nov-2008
110246;ING Quarterly FMP 90 - Series A-Retail Plan-Growth Option;;;10.1560;10.1560;10.1560;14-Nov-2008
110308;ING Quarterly FMP 91 - Series A2-Institutional Plan-Dividend Option;;;10.1826;10.1826;10.1826;14-Nov-2008
110307;ING Quarterly FMP 91 - Series A2-Institutional Plan-Growth Option;;;10.1826;10.1826;10.1826;14-Nov-2008
110306;ING Quarterly FMP 91 - Series A2-Retail Plan-Dividend Option;;;10.1718;10.1718;10.1718;14-Nov-2008
110305;ING Quarterly FMP 91 - Series A2-Retail Plan-Growth Option;;;10.1718;10.1718;10.1718;14-Nov-2008
110647;ING Quarterly FMP 91 - Series A3-Institutional Plan-Dividend Option;;;10.0851;10.0851;10.0851;14-Nov-2008
110646;ING Quarterly FMP 91 - Series A3-Institutional Plan-Growth Option;;;10.0851;10.0851;10.0851;14-Nov-2008
110644;ING Quarterly FMP 91 - Series A3-Retail Plan-Dividend Option;;;10.0851;10.0851;10.0851;14-Nov-2008
110645;ING Quarterly FMP 91 - Series A3-Retail Plan-Growth Option;;;10.0851;10.0851;10.0851;14-Nov-2008
109893;ING Quarterly FMP 92 - Series A-Institutional Plan-Dividend Option;;;10.2555;10.2555;10.2555;14-Nov-2008
109891;ING Quarterly FMP 92 - Series A-Institutional Plan-Growth Option;;;10.2555;10.2555;10.2555;14-Nov-2008
109892;ING Quarterly FMP 92 - Series A-Retail Plan-Dividend Option;;;10.2543;10.2543;10.2543;14-Nov-2008
109890;ING Quarterly FMP 92 - Series A-Retail Plan-Growth Option;;;10.2543;10.2543;10.2543;14-Nov-2008
110020;ING Quarterly FMP 92 - Series A1-Institutional Plan-Dividend Option;;;10.2215;10.2215;10.2215;14-Nov-2008
110019;ING Quarterly FMP 92 - Series A1-Institutional Plan-Growth Option;;;10.2215;10.2215;10.2215;14-Nov-2008
110018;ING Quarterly FMP 92 - Series A1-Retail Plan-Dividend Option;;;10.2215;10.2215;10.2215;14-Nov-2008
110017;ING Quarterly FMP 92 - Series A1-Retail Plan-Growth Option;;;10.2215;10.2215;10.2215;14-Nov-2008
110217;ING Yearly FMP 366 - Series A-Institutional Plan-Dividend Option;;;10.2047;10.2047;10.2047;14-Nov-2008
110216;ING Yearly FMP 366 - Series A-Institutional Plan-Growth Option;;;10.2047;10.2047;10.2047;14-Nov-2008
110215;ING Yearly FMP 366 - Series A-Retail Plan-Dividend Option;;;10.2047;10.2047;10.2047;14-Nov-2008
110218;ING Yearly FMP 366 - Series A-Retail Plan-Growth Option;;;10.2047;10.2047;10.2047;14-Nov-2008
110435;ING Yearly FMP 366 - Series A1-Institutional Plan-Dividend Option;;;10.1443;10.1443;10.1443;14-Nov-2008
110437;ING Yearly FMP 366 - Series A1-Institutional Plan-Growth Option;;;10.1443;10.1443;10.1443;14-Nov-2008
110434;ING Yearly FMP 366 - Series A1-Retail Plan-Dividend Option;;;10.1443;10.1443;10.1443;14-Nov-2008
110436;ING Yearly FMP 366 - Series A1-Retail Plan-Growth Option;;;10.1443;10.1443;10.1443;14-Nov-2008
110651;ING Yearly FMP 366 - Series A2-Institutional Plan-Dividend Option;;;10.0851;10.0851;10.0851;14-Nov-2008
110650;ING Yearly FMP 366 - Series A2-Institutional Plan-Growth Option;;;10.0851;10.0851;10.0851;14-Nov-2008
110649;ING Yearly FMP 366 - Series A2-Retail Plan-Dividend Option;;;10.0851;10.0851;10.0851;14-Nov-2008
110648;ING Yearly FMP 366 - Series A2-Retail Plan-Growth Option;;;10.0851;10.0851;10.0851;14-Nov-2008

Invesco Mutual Fund
107571;Religare FMP-13M-Sr-IV - Institutional Growth;;;10.6011;10.3891;0.0000;14-Nov-2008
107573;Religare FMP-13M-Sr-IV - Retail Dividend Reinvestment;;;10.5733;10.3618;0.0000;14-Nov-2008
107572;Religare FMP-13M-Sr-IV - Retail Growth;;;10.5733;10.3618;0.0000;14-Nov-2008
107802;Religare FMP-13M-Sr-V - Institutional Growth;;;10.6144;10.4021;0.0000;14-Nov-2008
107805;Religare FMP-13M-Sr-V - Retail Dividend Reinvestment;;;10.5883;10.3765;0.0000;14-Nov-2008
107803;Religare FMP-13M-Sr-V - Retail Growth;;;10.5887;10.3769;0.0000;14-Nov-2008
107490;Religare FMP-14M-Sr- II - Retail Growth;;;10.4632;10.2539;0.0000;14-Nov-2008
107488;Religare FMP-14M-Sr-II - Institutional Growth;;;10.4912;10.2814;0.0000;14-Nov-2008
107489;Religare FMP-14M-Sr-II - Retail Dividend Reinvestment;;;10.4635;10.2542;0.0000;14-Nov-2008
107574;Religare FMP-14M-Sr- III - Retail Growth;;;10.4683;10.2589;0.0000;14-Nov-2008
107575;Religare FMP-14M-Sr-III - Institutional Dividend Reinvestment;;;10.4959;10.2860;0.0000;14-Nov-2008
107576;Religare FMP-14M-Sr-III - Institutional Growth;;;10.4958;10.2859;0.0000;14-Nov-2008
107577;Religare FMP-14M-Sr-III - Retail Dividend Reinvestment;;;10.4683;10.2589;0.0000;14-Nov-2008
107392;Religare FMP-15M-Sr-II-Institutional-Growth;;;10.5945;10.5839;0.0000;14-Nov-2008
107389;Religare FMP-15M-Sr-II-Retail-Dividend Reinvestment;;;10.5516;10.5410;0.0000;14-Nov-2008
107390;Religare FMP-15M-Sr-II-Retail-Growth;;;10.5516;10.5410;0.0000;14-Nov-2008
107493;Religare FMP-15M-Sr-III-Retail-Dividend Reinvestment;;;10.3562;10.1491;0.0000;14-Nov-2008
107494;Religare FMP-15M-Sr-III-Retail-Growth;;;10.3563;10.1492;0.0000;14-Nov-2008
106753;Religare FMP-18M-Sr-I - Institutional Growth;;;10.6691;10.3490;0.0000;14-Nov-2008
106752;Religare FMP-18M-Sr-I - Retail Dividend Reinvestment;;;10.6170;10.2985;0.0000;14-Nov-2008
106754;Religare FMP-18M-Sr-I - Retail Growth;;;10.6170;10.2985;0.0000;14-Nov-2008
108420;Religare FMP-375 days-Sr-IX - Institutional Growth;;;10.2672;10.0619;0.0000;14-Nov-2008
108421;Religare FMP-375 days-Sr-IX - Retail Dividend Reinvestment;;;10.2448;10.0399;0.0000;14-Nov-2008
108418;Religare FMP-375 days-Sr-IX - Retail Growth;;;10.2445;10.0396;0.0000;14-Nov-2008
106888;Religare FMP-375 days-Sr-V - Institutional Growth;;;10.8762;10.5499;0.0000;14-Nov-2008
106890;Religare FMP-375 days-Sr-V - Retail Dividend Reinvestment;;;10.8224;10.4977;0.0000;14-Nov-2008
106889;Religare FMP-375 days-Sr-V - Retail Growth;;;10.8224;10.4977;0.0000;14-Nov-2008
107569;Religare FMP-375 days-Sr-VII - Institutional Growth;;;10.4413;10.2325;0.0000;14-Nov-2008
107566;Religare FMP-375 days-Sr-VII - Retail Dividend Reinvestment;;;10.3665;10.1592;0.0000;14-Nov-2008
107567;Religare FMP-375 days-Sr-VII - Retail Growth;;;10.3665;10.1592;0.0000;14-Nov-2008
107972;Religare FMP-375 days-Sr-VIII - Institutional Growth;;;10.3580;10.1508;0.0000;14-Nov-2008
107975;Religare FMP-375 days-Sr-VIII - Retail Dividend Reinvestment;;;10.3508;10.1438;0.0000;14-Nov-2008
107974;Religare FMP-375 days-Sr-VIII - Retail Growth;;;10.3507;10.1437;0.0000;14-Nov-2008
108502;Religare FMP-375 days-Sr-X - Institutional Dividend Reinvestment;;;10.1842;9.9805;0.0000;14-Nov-2008
108501;Religare FMP-375 days-Sr-X - Institutional Growth;;;10.1845;9.9808;0.0000;14-Nov-2008
108504;Religare FMP-375 days-Sr-X - Regular Dividend Reinvestment;;;10.1622;9.9590;0.0000;14-Nov-2008
108503;Religare FMP-375 days-Sr-X - Regular Growth;;;10.1622;9.9590;0.0000;14-Nov-2008
109002;Religare FMP-375 days-Sr-XI - Institutional Dividend Reinvestment;;;10.2088;10.0046;0.0000;14-Nov-2008
109003;Religare FMP-375 days-Sr-XI - Institutional Growth;;;10.2109;10.0067;0.0000;14-Nov-2008
109000;Religare FMP-375 days-Sr-XI - Regular Dividend Reinvestment;;;10.1834;9.9797;0.0000;14-Nov-2008
109001;Religare FMP-375 days-Sr-XI - Regular Growth;;;10.1834;9.9797;0.0000;14-Nov-2008
109112;Religare FMP-375 days-Sr-XII - Institutional Dividend Reinvestment;;;10.2682;10.2682;0.0000;14-Nov-2008
109114;Religare FMP-375 days-Sr-XII - Institutional Growth;;;10.2682;10.2682;0.0000;14-Nov-2008
109111;Religare FMP-375 days-Sr-XII - Regular Dividend Reinvestment;;;10.2532;10.2532;0.0000;14-Nov-2008
109113;Religare FMP-375 days-Sr-XII - Regular Growth;;;10.2533;10.2533;0.0000;14-Nov-2008
109217;Religare FMP-375 days-Sr-XIII - Institutional Dividend Reinvestment;;;10.0508;9.8498;0.0000;14-Nov-2008
109218;Religare FMP-375 days-Sr-XIII - Institutional Growth;;;10.3073;10.1012;0.0000;14-Nov-2008
109220;Religare FMP-375 days-Sr-XIII - Regular Dividend Reinvestment;;;10.0404;9.8396;0.0000;14-Nov-2008
109219;Religare FMP-375 days-Sr-XIII - Regular Growth;;;10.2825;10.0769;0.0000;14-Nov-2008
109333;Religare FMP-375 days-Sr-XIV - Institutional Dividend Reinvestment;;;10.3335;10.1268;0.0000;14-Nov-2008
109335;Religare FMP-375 days-Sr-XIV - Institutional Growth;;;10.3335;10.1268;0.0000;14-Nov-2008
109334;Religare FMP-375 days-Sr-XIV - Regular Dividend Reinvestment;;;10.3163;10.1100;0.0000;14-Nov-2008
109332;Religare FMP-375 days-Sr-XIV - Regular Growth;;;10.3162;10.1099;0.0000;14-Nov-2008
109577;Religare FMP-375 days-Sr-XV - Institutional Dividend Reinvestment;;;10.2543;10.0492;0.0000;14-Nov-2008
109579;Religare FMP-375 days-Sr-XV - Institutional Growth;;;10.2543;10.0492;0.0000;14-Nov-2008
109580;Religare FMP-375 days-Sr-XV - Regular Dividend Reinvestment;;;10.2416;10.0368;0.0000;14-Nov-2008
109578;Religare FMP-375 days-Sr-XV - Regular Growth;;;10.2395;10.0347;0.0000;14-Nov-2008
109739;Religare FMP-375 days-Sr-XVI - Institutional Dividend Reinvestment;;;10.0171;10.0171;0.0000;14-Nov-2008
109738;Religare FMP-375 days-Sr-XVI - Institutional Growth;;;10.0171;10.0171;0.0000;14-Nov-2008
109736;Religare FMP-375 days-Sr-XVI - Regular Dividend Reinvestment;;;10.0064;10.0064;0.0000;14-Nov-2008
109737;Religare FMP-375 days-Sr-XVI - Regular Growth;;;10.0064;10.0064;0.0000;14-Nov-2008
110005;Religare FMP-375 days-Sr-XVII - Institutional Dividend Reinvestment;;;9.8952;9.6973;0.0000;14-Nov-2008
110008;Religare FMP-375 days-Sr-XVII - Institutional Growth;;;9.8951;9.6972;0.0000;14-Nov-2008
110007;Religare FMP-375 days-Sr-XVII - Regular Dividend Reinvestment;;;9.8864;9.6887;0.0000;14-Nov-2008
110006;Religare FMP-375 days-Sr-XVII - Regular Growth;;;9.8863;9.6886;0.0000;14-Nov-2008
109701;Religare Long Term FMP - Sr.I - Plan A - 20 Months - Institutional Dividend Reinvestment;;;10.2100;10.0058;0.0000;14-Nov-2008
109699;Religare Long Term FMP - Sr.I - Plan A - 20 Months - Institutional Growth;;;10.2100;10.0058;0.0000;14-Nov-2008
109700;Religare Long Term FMP - Sr.I - Plan A - 20 Months - Regular Dividend Reinvestment;;;10.1909;9.9871;0.0000;14-Nov-2008
109698;Religare Long Term FMP - Sr.I - Plan A - 20 Months - Regular Growth;;;10.1909;9.9871;0.0000;14-Nov-2008

JM Financial Mutual Fund
107839;JM Fixed Maturity Fund - Series IX - 15 Months plan (JM FMF - IX - 15M) - Institutional plan - Dividend option;;;10.1227;9.9202;0.0000;14-Nov-2008
107840;JM Fixed Maturity Fund - Series IX - 15 Months plan (JM FMF - IX - 15M) - Institutional plan - Growth option;;;10.6071;10.3950;0.0000;14-Nov-2008
107841;JM Fixed Maturity Fund - Series IX - 15 Months plan (JM FMF - IX - 15M) - Regular plan - Dividend option;;;10.1171;9.9148;0.0000;14-Nov-2008
107838;JM Fixed Maturity Fund - Series IX - 15 Months plan (JM FMF - IX - 15M) - Regular plan - Growth option;;;10.5750;10.3635;0.0000;14-Nov-2008
107343;JM Fixed Maturity Fund - Series VII - 15 Months plan 1 (JM FMF - VII - 15M1) - Institutional plan - Dividend option;;;10.1277;9.9251;0.0000;14-Nov-2008
107345;JM Fixed Maturity Fund - Series VII - 15 Months plan 1 (JM FMF - VII - 15M1) - Institutional plan - Growth option;;;10.5584;10.3472;0.0000;14-Nov-2008
107342;JM Fixed Maturity Fund - Series VII - 15 Months plan 1 (JM FMF - VII - 15M1) - Regular plan - Dividend option;;;10.1432;9.9403;0.0000;14-Nov-2008
107344;JM Fixed Maturity Fund - Series VII - 15 Months plan 1 (JM FMF - VII - 15M1) - Regular plan - Growth option;;;10.5143;10.3040;0.0000;14-Nov-2008
106787;JM Fixed Maturity Fund - Series VII - 18 Months plan (JM FMF - VII - 18M) - Institutional plan - Dividend option;;;10.2408;10.0360;0.0000;14-Nov-2008
106788;JM Fixed Maturity Fund - Series VII - 18 Months plan (JM FMF - VII - 18M) - Institutional plan - Growth option;;;10.8794;10.6618;0.0000;14-Nov-2008
106786;JM Fixed Maturity Fund - Series VII - 18 Months plan (JM FMF - VII - 18M) - Regular plan - Dividend option;;;10.2569;10.0518;0.0000;14-Nov-2008
106785;JM Fixed Maturity Fund - Series VII - 18 Months plan (JM FMF - VII - 18M) - Regular plan - Growth option;;;10.8086;10.5924;0.0000;14-Nov-2008
108029;JM Fixed Maturity Fund - Series XI - 13 Months plan 1 (JM FMF - XI - 13M1) - Institutional plan - Dividend option;;;10.0289;9.7280;0.0000;14-Nov-2008
108028;JM Fixed Maturity Fund - Series XI - 13 Months plan 1 (JM FMF - XI - 13M1) - Institutional plan - Growth option;;;10.4909;10.1762;0.0000;14-Nov-2008
108027;JM Fixed Maturity Fund - Series XI - 13 Months plan 1 (JM FMF - XI - 13M1) - Regular plan - Dividend option;;;10.0237;9.7230;0.0000;14-Nov-2008
108026;JM Fixed Maturity Fund - Series XI - 13 Months plan 1 (JM FMF - XI - 13M1) - Regular plan - Growth option;;;10.4609;10.1471;0.0000;14-Nov-2008
109396;JM Fixed Maturity Fund - Series XI - 13 Months plan 2 (JM FMF - XI - 13M2) - Institutional plan - Dividend option;;;10.1280;9.8242;0.0000;14-Nov-2008
109394;JM Fixed Maturity Fund - Series XI - 13 Months plan 2 (JM FMF - XI - 13M2) - Institutional plan - Growth option;;;10.3106;10.0013;0.0000;14-Nov-2008
109395;JM Fixed Maturity Fund - Series XI - 13 Months plan 2 (JM FMF - XI - 13M2) - Regular plan - Dividend option;;;10.1212;9.8176;0.0000;14-Nov-2008
109393;JM Fixed Maturity Fund - Series XI - 13 Months plan 2 (JM FMF - XI - 13M2) - Regular plan - Growth option;;;10.2933;9.9845;0.0000;14-Nov-2008
110070;JM Fixed Maturity Fund - Series XII - Quarterly plan 2 (JM FMF - XII - Q2) - Institutional plan - Dividend option;;;10.1381;9.9353;0.0000;14-Nov-2008
110068;JM Fixed Maturity Fund - Series XII - Quarterly plan 2 (JM FMF - XII - Q2) - Institutional plan - Growth option;;;10.1922;9.9884;0.0000;14-Nov-2008
110067;JM Fixed Maturity Fund - Series XII - Quarterly plan 2 (JM FMF - XII - Q2) - Regular plan - Dividend option;;;10.1305;9.9279;0.0000;14-Nov-2008
110069;JM Fixed Maturity Fund - Series XII - Quarterly plan 2 (JM FMF - XII - Q2) - Regular plan - Growth option;;;10.1816;9.9780;0.0000;14-Nov-2008
110131;JM Fixed Maturity Fund - Series XII - Quarterly plan 3 (JM FMF - XII - Q3) - Institutional plan - Dividend option;;;10.1442;9.9413;0.0000;14-Nov-2008
110130;JM Fixed Maturity Fund - Series XII - Quarterly plan 3 (JM FMF - XII - Q3) - Institutional plan - Growth option;;;10.1786;9.9750;0.0000;14-Nov-2008
110129;JM Fixed Maturity Fund - Series XII - Quarterly plan 3 (JM FMF - XII - Q3) - Regular plan - Dividend option;;;10.1367;9.9340;0.0000;14-Nov-2008
110132;JM Fixed Maturity Fund - Series XII - Quarterly plan 3 (JM FMF - XII - Q3) - Regular plan - Growth option;;;10.1692;9.9658;0.0000;14-Nov-2008
110372;JM Fixed Maturity Fund - Series XIII - 18 Months plan 1 (JM FMF - XIII - 18M1) - Institutional plan - Dividend option;;;10.0456;9.7442;0.0000;14-Nov-2008
110374;JM Fixed Maturity Fund - Series XIII - 18 Months plan 1 (JM FMF - XIII - 18M1) - Institutional plan - Growth option;;;10.0456;9.7442;0.0000;14-Nov-2008
110373;JM Fixed Maturity Fund - Series XIII - 18 Months plan 1 (JM FMF - XIII - 18M1) - Regular plan - Dividend option;;;10.0407;9.7395;0.0000;14-Nov-2008
110371;JM Fixed Maturity Fund - Series XIII - 18 Months plan 1 (JM FMF - XIII - 18M1) - Regular plan - Growth option;;;10.0407;9.7395;0.0000;14-Nov-2008
110199;JM Fixed Maturity Fund - Series XIII - Quarterly plan 1 (JM FMF - XIII - Q1) - Institutional plan - Dividend option;;;10.1493;9.9463;0.0000;14-Nov-2008
110197;JM Fixed Maturity Fund - Series XIII - Quarterly plan 1 (JM FMF - XIII - Q1) - Institutional plan - Growth option;;;10.1494;9.9464;0.0000;14-Nov-2008
110200;JM Fixed Maturity Fund - Series XIII - Quarterly plan 1 (JM FMF - XIII - Q1) - Regular plan - Dividend option;;;10.1422;9.9394;0.0000;14-Nov-2008
110198;JM Fixed Maturity Fund - Series XIII - Quarterly plan 1 (JM FMF - XIII - Q1) - Regular plan - Growth option;;;10.1421;9.9393;0.0000;14-Nov-2008
110494;JM Fixed Maturity Fund - Series XIII - Quarterly plan 2 (JM FMF - XIII - Q2) - Institutional plan - Dividend option;;;10.0737;9.8722;0.0000;14-Nov-2008
110493;JM Fixed Maturity Fund - Series XIII - Quarterly plan 2 (JM FMF - XIII - Q2) - Institutional plan - Growth option;;;10.0737;9.8722;0.0000;14-Nov-2008
110492;JM Fixed Maturity Fund - Series XIII - Quarterly plan 2 (JM FMF - XIII - Q2) - Regular plan - Dividend option;;;10.0690;9.8676;0.0000;14-Nov-2008
110491;JM Fixed Maturity Fund - Series XIII - Quarterly plan 2 (JM FMF - XIII - Q2) - Regular plan - Growth option;;;10.0690;9.8676;0.0000;14-Nov-2008
110370;JM Fixed Maturity Fund - Series XIII - Yearly plan (JM FMF - XIII - Y) - Institutional plan - Dividend option;;;10.0722;9.7700;0.0000;14-Nov-2008
110369;JM Fixed Maturity Fund - Series XIII - Yearly plan (JM FMF - XIII - Y) - Institutional plan - Growth option;;;10.0722;9.7700;0.0000;14-Nov-2008
110367;JM Fixed Maturity Fund - Series XIII - Yearly plan (JM FMF - XIII - Y) - Regular plan - Dividend option;;;10.0657;9.7637;0.0000;14-Nov-2008
110368;JM Fixed Maturity Fund - Series XIII - Yearly plan (JM FMF - XIII - Y) - Regular plan - Growth option;;;10.0657;9.7637;0.0000;14-Nov-2008
110484;JM Fixed Maturity Fund - Series XIV - Monthly plan 1 (JM FMF - XIV - M1) - Institutional plan - Dividend option;;;10.1117;10.0611;0.0000;14-Nov-2008
110485;JM Fixed Maturity Fund - Series XIV - Monthly plan 1 (JM FMF - XIV - M1) - Institutional plan - Growth option;;;10.1117;10.0611;0.0000;14-Nov-2008
110483;JM Fixed Maturity Fund - Series XIV - Monthly plan 1 (JM FMF - XIV - M1) - Regular plan - Dividend option;;;10.1107;10.0601;0.0000;14-Nov-2008
110482;JM Fixed Maturity Fund - Series XIV - Monthly plan 1 (JM FMF - XIV - M1) - Regular plan - Growth option;;;10.1109;10.0603;0.0000;14-Nov-2008
108988;JM FIXED MATURITY FUND SERIES XI YEARLY PLAN - DIVIDEND;;;10.0900;9.7873;0.0000;14-Nov-2008
108989;JM FIXED MATURITY FUND SERIES XI YEARLY PLAN - GROWTH;;;10.2485;9.9410;0.0000;14-Nov-2008
108987;JM FIXED MATURITY FUND SERIES XI YEARLY PLAN - INSTITUTIONAL DIVIDEND;;;10.0956;9.7927;0.0000;14-Nov-2008
108986;JM FIXED MATURITY FUND SERIES XI YEARLY PLAN - INSTITUTIONAL GROWTH;;;10.2689;9.9608;0.0000;14-Nov-2008
107278;JM Interval Fund - Quarterly plan 1 (JM QIF - 1) - Institutional plan - Dividend option;INF192K01395;;10.1659;10.0642;0.0000;14-Nov-2008
107277;JM Interval Fund - Quarterly plan 1 (JM QIF - 1) - Institutional plan - Growth option;INF192K01403;;10.9173;10.8081;0.0000;14-Nov-2008
107276;JM Interval Fund - Quarterly plan 1 (JM QIF - 1) - Regular plan - Dividend option;INF192K01379;;10.1573;10.0557;0.0000;14-Nov-2008
107275;JM Interval Fund - Quarterly plan 1 (JM QIF - 1) - Regular plan - Growth option;INF192K01387;;10.8850;10.7762;0.0000;14-Nov-2008
107349;JM Interval Fund - Quarterly plan 2 (JM QIF - 2) - Institutional plan - Dividend option;;;10.1241;10.0229;0.0000;14-Nov-2008
107348;JM Interval Fund - Quarterly plan 2 (JM QIF - 2) - Institutional plan - Growth option;;;10.8570;10.7484;0.0000;14-Nov-2008
107346;JM Interval Fund - Quarterly plan 2 (JM QIF - 2) - Regular plan - Dividend option;;;10.1215;10.0203;0.0000;14-Nov-2008
107347;JM Interval Fund - Quarterly plan 2 (JM QIF - 2) - Regular plan - Growth option;;;10.8339;10.7256;0.0000;14-Nov-2008
107529;JM Interval Fund - Quarterly plan 3 (JM QIF - 3) - Institutional plan - Dividend option;;;10.0082;9.9081;0.0000;14-Nov-2008
107528;JM Interval Fund - Quarterly plan 3 (JM QIF - 3) - Institutional plan - Growth option;;;10.7455;10.6380;0.0000;14-Nov-2008
107527;JM Interval Fund - Quarterly plan 3 (JM QIF - 3) - Regular plan - Dividend option;;;10.0080;9.9079;0.0000;14-Nov-2008
107526;JM Interval Fund - Quarterly plan 3 (JM QIF - 3) - Regular plan - Growth option;;;10.7254;10.6181;0.0000;14-Nov-2008
107532;JM Interval Fund - Quarterly plan 4 (JM QIF - 4) - Institutional plan - Dividend option;;;10.1272;10.0259;0.0000;14-Nov-2008
107533;JM Interval Fund - Quarterly plan 4 (JM QIF - 4) - Institutional plan - Growth option;;;10.7327;10.6254;0.0000;14-Nov-2008
107531;JM Interval Fund - Quarterly plan 4 (JM QIF - 4) - Regular plan - Dividend option;;;10.1216;10.0204;0.0000;14-Nov-2008
107530;JM Interval Fund - Quarterly plan 4 (JM QIF - 4) - Regular plan - Growth option;;;10.7087;10.6016;0.0000;14-Nov-2008
107537;JM Interval Fund - Quarterly plan 5 (JM QIF - 5) - Institutional plan - Dividend option;;;10.1376;10.0362;0.0000;14-Nov-2008
107536;JM Interval Fund - Quarterly plan 5 (JM QIF - 5) - Institutional plan - Growth option;;;10.7270;10.6197;0.0000;14-Nov-2008
107535;JM Interval Fund - Quarterly plan 5 (JM QIF - 5) - Regular plan - Dividend option;;;10.1327;10.0314;0.0000;14-Nov-2008
107534;JM Interval Fund - Quarterly plan 5 (JM QIF - 5) - Regular plan - Growth option;;;10.7046;10.5976;0.0000;14-Nov-2008
107541;JM Interval Fund - Quarterly plan 6 (JM QIF - 6) - Institutional plan - Dividend option;;;10.1405;10.0391;0.0000;14-Nov-2008
107539;JM Interval Fund - Quarterly plan 6 (JM QIF - 6) - Institutional plan - Growth option;;;10.7237;10.6165;0.0000;14-Nov-2008
107540;JM Interval Fund - Quarterly plan 6 (JM QIF - 6) - Regular plan - Dividend option;;;10.1354;10.0340;0.0000;14-Nov-2008
107538;JM Interval Fund - Quarterly plan 6 (JM QIF - 6) - Regular plan - Growth option;;;10.6991;10.5921;0.0000;14-Nov-2008

Kotak Mahindra Mutual Fund
111380;Kotak FMP 12M Series 10 - Institutional - Dividend;;;10.0194;10.0194;10.0194;14-Nov-2008
111379;Kotak FMP 12M Series 10 - Institutional - Growth;;;10.0194;10.0194;10.0194;14-Nov-2008
111377;Kotak FMP 12M Series 10 - Retail - Dividend;;;10.0172;10.0172;10.0172;14-Nov-2008
111378;Kotak FMP 12M Series 10 - Retail - Growth;;;10.0172;10.0172;10.0172;14-Nov-2008
108381;Kotak FMP 12M Series 3 Institutional Plan - Dividend;;;10.1868;10.1868;10.1868;14-Nov-2008
108382;Kotak FMP 12M Series 3 Institutional Plan - Growth;;;10.1869;10.1869;10.1869;14-Nov-2008
108383;Kotak FMP 12M Series 3 Retail Plan - Dividend;;;10.1577;10.1577;10.1577;14-Nov-2008
108384;Kotak FMP 12M Series 3 Retail Plan - Growth;;;10.1577;10.1577;10.1577;14-Nov-2008
108413;Kotak FMP 12M Series 5-Institutional- Growth;;;10.3741;10.3741;10.3741;14-Nov-2008
108412;Kotak FMP 12M Series 5-Retail- Dividend;;;10.3453;10.3453;10.3453;14-Nov-2008
108414;Kotak FMP 12M Series 5-Retail- Growth;;;10.3453;10.3453;10.3453;14-Nov-2008
108937;Kotak FMP 12M Series 6 - Institutional Growth;;;10.2625;10.2625;10.2625;14-Nov-2008
108936;Kotak FMP 12M Series 6 - Retail Dividend;;;10.2374;10.2374;10.2374;14-Nov-2008
108938;Kotak FMP 12M Series 6 - Retail Growth;;;10.2374;10.2374;10.2374;14-Nov-2008
109338;Kotak FMP 12M Series 7 - Institutional Dividend;;;10.2033;10.2033;10.2033;14-Nov-2008
109339;Kotak FMP 12M Series 7 - Institutional Growth;;;10.2032;10.2032;10.2032;14-Nov-2008
109336;Kotak FMP 12M Series 7 - Retail Dividend;;;10.1729;10.1729;10.1729;14-Nov-2008
109337;Kotak FMP 12M Series 7 - Retail Growth;;;10.173;10.173;10.173;14-Nov-2008
109978;Kotak FMP 12M Series 8 - Institutional Dividend;;;10.0567;10.0567;10.0567;14-Nov-2008
109975;Kotak FMP 12M Series 8 - Institutional Growth;;;10.0567;10.0567;10.0567;14-Nov-2008
109976;Kotak FMP 12M Series 8 - Retail Dividend;;;10.0426;10.0426;10.0426;14-Nov-2008
109977;Kotak FMP 12M Series 8 - Retail Growth;;;10.0426;10.0426;10.0426;14-Nov-2008
110428;Kotak FMP 12M Series 9 - Institutional Dividend;;;10.0411;10.0411;10.0411;14-Nov-2008
110429;Kotak FMP 12M Series 9 - Institutional Growth;;;10.0411;10.0411;10.0411;14-Nov-2008
110427;Kotak FMP 12M Series 9 - Retail Dividend;;;10.0376;10.0376;10.0376;14-Nov-2008
110426;Kotak FMP 12M Series 9 - Retail Growth;;;10.0376;10.0376;10.0376;14-Nov-2008
108130;Kotak FMP 13M Series 3 Institutional Plan - Growth;;;10.3828;10.3828;10.3828;14-Nov-2008
108128;Kotak FMP 13M Series 3 Retail Plan - Dividend;;;10.3532;10.3532;10.3532;14-Nov-2008
108127;Kotak FMP 13M Series 3 Retail Plan - Growth;;;10.3532;10.3532;10.3532;14-Nov-2008
108190;Kotak FMp 13M Series 4 - Institutional Dividend;;;10.468;10.468;10.468;14-Nov-2008
108188;Kotak FMP 13M Series 4 - Institutional Growth;;;10.468;10.468;10.468;14-Nov-2008
108187;Kotak FMP 13M Series 4 - Retail Dividend;;;10.4391;10.4391;10.4391;14-Nov-2008
108189;Kotak FMP 13M Series 4 Retail Growth;;;10.4391;10.4391;10.4391;14-Nov-2008
107781;Kotak FMP 14M Series 3 Institutional Plan - Dividend;;;10.4328;10.4328;10.4328;14-Nov-2008
107782;Kotak FMP 14M Series 3 Institutional Plan - Growth;;;10.513;10.513;10.513;14-Nov-2008
107780;Kotak FMP 14M Series 3 Retail Plan - Dividend;;;10.3969;10.3969;10.3969;14-Nov-2008
107783;Kotak FMP 14M Series 3 Retail Plan - Growth;;;10.4731;10.4731;10.4731;14-Nov-2008
108024;Kotak FMP 14M Series 4 - Institutional - Dividend;;;10.3251;10.3251;10.3251;14-Nov-2008
108023;Kotak FMP 14M Series 4 - Institutional - Growth;;;10.3255;10.3255;10.3255;14-Nov-2008
108022;Kotak FMP 14M Series 4 - Retail - Dividend;;;10.2888;10.2888;10.2888;14-Nov-2008
108025;Kotak FMP 14M Series 4 - Retail - Growth;;;10.2888;10.2888;10.2888;14-Nov-2008
108194;Kotak FMP 15M Series 4 Institutional - Dividend;;;10.2938;10.2938;10.2938;14-Nov-2008
108193;Kotak FMP 15M Series 4 Institutional - Growth;;;10.2938;10.2938;10.2938;14-Nov-2008
108191;Kotak FMP 15M Series 4 Retail - Dividend;;;10.2758;10.2758;10.2758;14-Nov-2008
108192;Kotak FMP 15M Series 4 Retail - Growth;;;10.2762;10.2762;10.2762;14-Nov-2008
108933;Kotak FMP 15M Series 5 - Institutional Dividend;;;10.3425;10.3425;10.3425;14-Nov-2008
108935;Kotak FMP 15M Series 5 - Institutional Growth;;;10.3426;10.3426;10.3426;14-Nov-2008
108934;Kotak FMP 15M Series 5 - Retail Dividend;;;10.2954;10.2954;10.2954;14-Nov-2008
108932;Kotak FMP 15M Series 5 - Retail Growth;;;10.2954;10.2954;10.2954;14-Nov-2008
107396;Kotak FMP 16M Series 2 Institutional Plan - Dividend;;;10.3183;10.3183;10.3183;14-Nov-2008
107397;Kotak FMP 16M Series 2 Institutional Plan - Growth;;;10.4716;10.4716;10.4716;14-Nov-2008
107395;Kotak FMP 16M Series 2 Retail Plan - Dividend;;;10.2935;10.2935;10.2935;14-Nov-2008
107398;Kotak FMP 16M Series 2 Retail Plan - Growth;;;10.4386;10.4386;10.4386;14-Nov-2008
107246;Kotak FMP 17M Series 1 Institutional- Dividend;;;10.3835;10.3835;10.3835;14-Nov-2008
107245;Kotak FMP 17M Series 1 Institutional- Growth;;;10.6067;10.6067;10.6067;14-Nov-2008
107243;Kotak FMP 17M Series 1 Retail - Dividend;;;10.3555;10.3555;10.3555;14-Nov-2008
107244;Kotak FMP 17M Series 1 Retail - Growth;;;10.5644;10.5644;10.5644;14-Nov-2008
110619;Kotak FMP 19M Series 1 - Institutional Dividend;;;10.0078;10.0078;10.0078;14-Nov-2008
110618;Kotak FMP 19M Series 1 - Institutional Growth;;;10.0078;10.0078;10.0078;14-Nov-2008
110620;Kotak FMP 19M Series 1 - Retail Dividend;;;10.0078;10.0078;10.0078;14-Nov-2008
110621;Kotak FMP 19M Series 1 - Retail Growth;;;10.0078;10.0078;10.0078;14-Nov-2008
110178;Kotak FMP 6M Series 7 - Dividend;;;10.1196;10.1196;10.1196;14-Nov-2008
110177;Kotak FMP 6M Series 7 - Growth;;;10.1196;10.1196;10.1196;14-Nov-2008
103795;Kotak Twin Advantage-Series II-Dividend;;;10.931;10.931;10.931;14-Nov-2008
103796;Kotak Twin Advantage-Series II-Growth;;;10.9309;10.9309;10.9309;14-Nov-2008
104266;Kotak Twin Advantage Series III- Dividend;;;10.6356;10.6356;10.6356;14-Nov-2008
104265;Kotak Twin Advantage Series III- Growth;;;10.6356;10.6356;10.6356;14-Nov-2008
105015;KOTAK Wealth Builder Series I - Growth;;;11.8617;11.8617;11.8617;14-Nov-2008
105014;KOTAK Wealth Builder Series I- Dividend;;;11.8617;11.8617;11.8617;14-Nov-2008

LIC Mutual Fund
106869;LICMF FIXED MATURITY PLAN SERIES 33 - DIVIDEND OPTION;;;10.5850;10.5850;0.0000;14-Nov-2008
106870;LICMF FIXED MATURITY PLAN SERIES 33 - GROWTH OPTION;;;11.0023;11.0023;0.0000;14-Nov-2008
107333;LICMF FIXED MATURITY PLAN SERIES 34 - DIVIDIDEND OPTION;;;10.6473;10.6473;0.0000;14-Nov-2008
107334;LICMF FIXED MATURITY PLAN SERIES 34 - GROWTH OPTION;;;10.8928;10.8928;0.0000;14-Nov-2008
107495;LICMF FIXED MATURITY PLAN SERIES 35 - DIVIDEND OPTION;;;10.6671;10.6671;0.0000;14-Nov-2008
107496;LICMF FIXED MATURITY PLAN SERIES 35 - GROWTH OPTION;;;10.8240;10.8240;0.0000;14-Nov-2008
108318;LICMF FIXED MATURITY PLAN SERIES 36 - DIVIDEND OPTION;;;10.5927;10.5927;0.0000;14-Nov-2008
108319;LICMF FIXED MATURITY PLAN SERIES 36 - GROWTH OPTION;;;10.5927;10.5927;0.0000;14-Nov-2008
108154;LICMF FIXED MATURITY PLAN SERIES 37 (DIVIDEND OPTION);;;10.7132;10.7132;0.0000;14-Nov-2008
108155;LICMF FIXED MATURITY PLAN SERIES 37 (GROWTH OPTION);;;10.7132;10.7132;0.0000;14-Nov-2008
109189;LICMF FIXED MATURITY PLAN SERIES 42 - DIVIDEND OPTION;;;10.4407;10.4407;0.0000;14-Nov-2008
109190;LICMF FIXED MATURITY PLAN SERIES 42 - GROWTH OPTION;;;10.4407;10.4407;0.0000;14-Nov-2008
109462;LICMF FIXED MATURITY PLAN SERIES 43 - DIVIDEND OPTION;;;10.3675;10.3675;0.0000;14-Nov-2008
109463;LICMF FIXED MATURITY PLAN SERIES 43 - GROWTH OPTION;;;10.3675;10.3675;0.0000;14-Nov-2008
109914;LICMF FIXED MATURITY PLAN SERIES 44 - DIVIDEND OPTION;;;10.2394;10.2394;0.0000;14-Nov-2008
109915;LICMF FIXED MATURITY PLAN SERIES 44 - GROWTH OPTION;;;10.2394;10.2394;0.0000;14-Nov-2008
110393;LICMF FIXED MATURITY PLAN SERIES 45 - DIVIDEND OPTION;;;10.1138;10.1138;0.0000;14-Nov-2008
110394;LICMF FIXED MATURITY PLAN SERIES 45 - GROWTH OPTION;;;10.1138;10.1138;0.0000;14-Nov-2008

Nippon India Mutual Fund
109424;Reliance Fixed Horizon Fund - IX - Series 10 - Institutional Plan-Dividend Option;;;9.7677;9.7677;9.7677;14-Nov-2008
109423;Reliance Fixed Horizon Fund - IX - Series 10 - Institutional Plan-Growth Option;;;9.7677;9.7677;9.7677;14-Nov-2008
109422;Reliance Fixed Horizon Fund - IX - Series 10 - Retail Plan-Dividend Option;;;9.7572;9.7572;9.7572;14-Nov-2008
109421;Reliance Fixed Horizon Fund - IX - Series 10 - Retail Plan-Growth Option;;;9.7572;9.7572;9.7572;14-Nov-2008
109279;Reliance Fixed Horizon Fund - IX - Series 2 - Institutional Plan-Dividend Option;;;10.0327;10.0327;10.0327;14-Nov-2008
109278;Reliance Fixed Horizon Fund - IX - Series 2 - Institutional Plan-Growth Option;;;10.0327;10.0327;10.0327;14-Nov-2008
109277;Reliance Fixed Horizon Fund - IX - Series 2 - Retail Plan-Dividend Option;;;10.0081;10.0081;10.0081;14-Nov-2008
109276;Reliance Fixed Horizon Fund - IX - Series 2 - Retail Plan-Growth Option;;;10.0081;10.0081;10.0081;14-Nov-2008
109902;Reliance Fixed Horizon Fund - IX - Series 6 - Institutional Plan-Dividend Option;;;9.9782;9.9782;9.9782;14-Nov-2008
109903;Reliance Fixed Horizon Fund - IX - Series 6 - Institutional Plan-Growth Option;;;9.9782;9.9782;9.9782;14-Nov-2008
109901;Reliance Fixed Horizon Fund - IX - Series 6 - Retail Plan-Dividend Option;;;9.9638;9.9638;9.9638;14-Nov-2008
109900;Reliance Fixed Horizon Fund - IX - Series 6 - Retail Plan-Growth Option;;;9.9638;9.9638;9.9638;14-Nov-2008
107937;Reliance Fixed Horizon Fund - IX - Series 1 - Institutional Plan-Dividend Option;;;10.2905;10.2905;10.2905;14-Nov-2008
107938;Reliance Fixed Horizon Fund - IX - Series 1 - Institutional Plan-Growth Option;;;10.2905;10.2905;10.2905;14-Nov-2008
107939;Reliance Fixed Horizon Fund - IX - Series 1 - Retail Plan-Dividend Option;;;10.2909;10.2909;10.2909;14-Nov-2008
107936;Reliance Fixed Horizon Fund - IX - Series 1 - Retail Plan-Growth Option;;;10.2909;10.2909;10.2909;14-Nov-2008
107942;Reliance Fixed Horizon Fund - IX - Series 5 - Institutional Plan-Dividend Option;;;10.1572;10.1572;10.1572;14-Nov-2008
107943;Reliance Fixed Horizon Fund - IX - Series 5 - Institutional Plan-Growth Option;;;10.1572;10.1572;10.1572;14-Nov-2008
107941;Reliance Fixed Horizon Fund - IX - Series 5 - Retail Plan-Dividend Option;;;10.1572;10.1572;10.1572;14-Nov-2008
107940;Reliance Fixed Horizon Fund - IX - Series 5 - Retail Plan-Growth Option;;;10.1572;10.1572;10.1572;14-Nov-2008
107947;Reliance Fixed Horizon Fund - IX - Series 9 - Institutional Plan-Dividend Option;;;9.7674;9.7674;9.7674;14-Nov-2008
107946;Reliance Fixed Horizon Fund - IX - Series 9 - Institutional Plan-Growth Option;;;10.1502;10.1502;10.1502;14-Nov-2008
107945;Reliance Fixed Horizon Fund - IX - Series 9 - Retail Plan-Dividend Option;;;10.1503;10.1503;10.1503;14-Nov-2008
107944;Reliance Fixed Horizon Fund - IX - Series 9 - Retail Plan-Growth Option;;;10.1503;10.1503;10.1503;14-Nov-2008
107425;Reliance Fixed Horizon Fund - VII - Series 1-Institutional Plan-Dividend Option;;;10.4858;10.4858;10.4858;14-Nov-2008
107427;Reliance Fixed Horizon Fund - VII - Series 1-Institutional Plan-Growth Option;;;10.4858;10.4858;10.4858;14-Nov-2008
107428;Reliance Fixed Horizon Fund - VII - Series 1-Retail Plan-Dividend Option;;;10.4534;10.4534;10.4534;14-Nov-2008
107426;Reliance Fixed Horizon Fund - VII - Series 1-Retail Plan-Growth Option;;;10.4534;10.4534;10.4534;14-Nov-2008
107644;Reliance Fixed Horizon Fund - VII - Series 2-Institutional Plan-Dividend Option;;;10.4208;10.4208;10.4208;14-Nov-2008
107645;Reliance Fixed Horizon Fund - VII - Series 2-Institutional Plan-Growth Option;;;10.4208;10.4208;10.4208;14-Nov-2008
107643;Reliance Fixed Horizon Fund - VII - Series 2-Retail Plan-Dividend Option;;;10.4207;10.4207;10.4207;14-Nov-2008
107642;Reliance Fixed Horizon Fund - VII - Series 2-Retail Plan-Growth Option;;;10.4207;10.4207;10.4207;14-Nov-2008
108042;Reliance Fixed Horizon Fund - VII - Series 6 - Institutional Plan-Dividend Option;;;10.2685;10.2685;10.2685;14-Nov-2008
108043;Reliance Fixed Horizon Fund - VII - Series 6 - Institutional Plan-Growth Option;;;10.2685;10.2685;10.2685;14-Nov-2008
108040;Reliance Fixed Horizon Fund - VII - Series 6 - Retail Plan-Dividend Option;;;10.2245;10.2245;10.2245;14-Nov-2008
108041;Reliance Fixed Horizon Fund - VII - Series 6 - Retail Plan-Growth Option;;;10.2245;10.2245;10.2245;14-Nov-2008
108387;Reliance Fixed Horizon Fund - VIII - Series 4 - Institutional Plan-Dividend Option;;;10.1857;10.1857;10.1857;14-Nov-2008
108386;Reliance Fixed Horizon Fund - VIII - Series 4 - Institutional Plan-Growth Option;;;10.1857;10.1857;10.1857;14-Nov-2008
108385;Reliance Fixed Horizon Fund - VIII - Series 4 - Retail Plan-Dividend Option;;;10.1546;10.1546;10.1546;14-Nov-2008
108388;Reliance Fixed Horizon Fund - VIII - Series 4 - Retail Plan-Growth Option;;;10.1546;10.1546;10.1546;14-Nov-2008
108491;Reliance Fixed Horizon Fund - VIII - Series 5 - Institutional Plan-Dividend Option;;;10.1314;10.1314;10.1314;14-Nov-2008
108494;Reliance Fixed Horizon Fund - VIII - Series 5 - Institutional Plan-Growth Option;;;10.1314;10.1314;10.1314;14-Nov-2008
108493;Reliance Fixed Horizon Fund - VIII - Series 5 - Retail Plan-Dividend Option;;;10.0873;10.0873;10.0873;14-Nov-2008
108492;Reliance Fixed Horizon Fund - VIII - Series 5 - Retail Plan-Growth Option;;;10.0873;10.0873;10.0873;14-Nov-2008
109082;Reliance Fixed Horizon Fund - VIII - Series 6 - Institutional Plan-Dividend Option;;;10.1697;10.1697;10.1697;14-Nov-2008
109083;Reliance Fixed Horizon Fund - VIII - Series 6 - Institutional Plan-Growth Option;;;10.1697;10.1697;10.1697;14-Nov-2008
109080;Reliance Fixed Horizon Fund - VIII - Series 6 - Retail Plan-Dividend Option;;;10.1593;10.1593;10.1593;14-Nov-2008
109081;Reliance Fixed Horizon Fund - VIII - Series 6 - Retail Plan-Growth Option;;;10.1593;10.1593;10.1593;14-Nov-2008
109069;Reliance Fixed Horizon Fund - VIII - Series 7 - Institutional Plan-Dividend Option;;;10.1852;10.1852;10.1852;14-Nov-2008
109068;Reliance Fixed Horizon Fund - VIII - Series 7 - Institutional Plan-Growth Option;;;10.4171;10.4171;10.4171;14-Nov-2008
109067;Reliance Fixed Horizon Fund - VIII - Series 7 - Retail Plan-Dividend Option;;;10.1834;10.1834;10.1834;14-Nov-2008
109066;Reliance Fixed Horizon Fund - VIII - Series 7 - Retail Plan-Growth Option;;;10.4129;10.4129;10.4129;14-Nov-2008
109075;Reliance Fixed Horizon Fund - VIII - Series 8 - Institutional Plan-Dividend Option;;;10.3671;10.3671;10.3671;14-Nov-2008
109072;Reliance Fixed Horizon Fund - VIII - Series 8 - Institutional Plan-Growth Option;;;10.3671;10.3671;10.3671;14-Nov-2008
109074;Reliance Fixed Horizon Fund - VIII - Series 8 - Retail Plan-Dividend Option;;;10.3587;10.3587;10.3587;14-Nov-2008
109073;Reliance Fixed Horizon Fund - VIII - Series 8 - Retail Plan-Growth Option;;;10.3587;10.3587;10.3587;14-Nov-2008
109311;Reliance Fixed Horizon Fund - VIII - Series 9 - Institutional Plan-Dividend Option;;;10.0627;10.0627;10.0627;14-Nov-2008
109310;Reliance Fixed Horizon Fund - VIII - Series 9 - Institutional Plan-Growth Option;;;10.3171;10.3171;10.3171;14-Nov-2008
109309;Reliance Fixed Horizon Fund - VIII - Series 9 - Retail Plan-Dividend Option;;;10.0593;10.0593;10.0593;14-Nov-2008
109308;Reliance Fixed Horizon Fund - VIII - Series 9 - Retail Plan-Growth Option;;;10.3066;10.3066;10.3066;14-Nov-2008
108118;Reliance Fixed Horizon Fund - VIII - Series 1 - Institutional Plan-Dividend Option;;;10.3865;10.3865;10.3865;14-Nov-2008
108119;Reliance Fixed Horizon Fund - VIII - Series 1 - Institutional Plan-Growth Option;;;10.3865;10.3865;10.3865;14-Nov-2008
108120;Reliance Fixed Horizon Fund - VIII - Series 1 - Retail Plan-Dividend Option;;;10.3669;10.3669;10.3669;14-Nov-2008
108117;Reliance Fixed Horizon Fund - VIII - Series 1 - Retail Plan-Growth Option;;;10.3669;10.3669;10.3669;14-Nov-2008
108201;Reliance Fixed Horizon Fund - VIII - Series 2 - Institutional Plan-Dividend Option;;;10.1522;10.1522;10.1522;14-Nov-2008
108200;Reliance Fixed Horizon Fund - VIII - Series 2 - Institutional Plan-Growth Option;;;10.1522;10.1522;10.1522;14-Nov-2008
108199;Reliance Fixed Horizon Fund - VIII - Series 2 - Retail Plan-Dividend Option;;;10.1219;10.1219;10.1219;14-Nov-2008
108198;Reliance Fixed Horizon Fund - VIII - Series 2 - Retail Plan-Growth Option;;;10.1219;10.1219;10.1219;14-Nov-2008
108230;Reliance Fixed Horizon Fund - VIII - Series 3 - Institutional Plan-Dividend Option;;;10.2553;10.2553;10.2553;14-Nov-2008
108229;Reliance Fixed Horizon Fund - VIII - Series 3 - Institutional Plan-Growth Option;;;10.2553;10.2553;10.2553;14-Nov-2008
108228;Reliance Fixed Horizon Fund - VIII - Series 3 - Retail Plan-Dividend Option;;;10.2265;10.2265;10.2265;14-Nov-2008
108227;Reliance Fixed Horizon Fund - VIII - Series 3 - Retail Plan-Growth Option;;;10.2265;10.2265;10.2265;14-Nov-2008
109629;Reliance Fixed Horizon Fund - X - Series 1 - Institutional Plan-Dividend Option;;;9.9869;9.9869;9.9869;14-Nov-2008
109627;Reliance Fixed Horizon Fund - X - Series 1 - Institutional Plan-Growth Option;;;9.9869;9.9869;9.9869;14-Nov-2008
109626;Reliance Fixed Horizon Fund - X - Series 1 - Retail Plan-Dividend Option;;;9.9794;9.9794;9.9794;14-Nov-2008
109625;Reliance Fixed Horizon Fund - X - Series 1 - Retail Plan-Growth Option;;;9.9794;9.9794;9.9794;14-Nov-2008
109628;Reliance Fixed Horizon Fund - X - Series 1 - Super Institutional Plan-Dividend Option;;;9.9959;9.9959;9.9959;14-Nov-2008
109630;Reliance Fixed Horizon Fund - X - Series 1 - Super Institutional Plan-Growth Option;;;9.9959;9.9959;9.9959;14-Nov-2008
109691;Reliance Fixed Horizon Fund - X - Series 13 - Institutional Plan-Dividend Option;;;10.2451;10.2451;10.2451;14-Nov-2008
109690;Reliance Fixed Horizon Fund - X - Series 13 - Institutional Plan-Growth Option;;;10.2451;10.2451;10.2451;14-Nov-2008
109689;Reliance Fixed Horizon Fund - X - Series 13 - Retail Plan-Dividend Option;;;10.2389;10.2389;10.2389;14-Nov-2008
109694;Reliance Fixed Horizon Fund - X - Series 13 - Retail Plan-Growth Option;;;10.2389;10.2389;10.2389;14-Nov-2008
109693;Reliance Fixed Horizon Fund - X - Series 13 - Super Institutional Plan-Dividend Option;;;10.2524;10.2524;10.2524;14-Nov-2008
109692;Reliance Fixed Horizon Fund - X - Series 13 - Super Institutional Plan-Growth Option;;;10.2524;10.2524;10.2524;14-Nov-2008
109786;Reliance Fixed Horizon Fund - X - Series 14 - Institutional Plan-Dividend Option;;;10.1944;10.1944;10.1944;14-Nov-2008
109789;Reliance Fixed Horizon Fund - X - Series 14 - Institutional Plan-Growth Option;;;10.1944;10.1944;10.1944;14-Nov-2008
109784;Reliance Fixed Horizon Fund - X - Series 14 - Retail Plan-Dividend Option;;;10.1944;10.1944;10.1944;14-Nov-2008
109788;Reliance Fixed Horizon Fund - X - Series 14 - Retail Plan-Growth Option;;;10.1944;10.1944;10.1944;14-Nov-2008
109785;Reliance Fixed Horizon Fund - X - Series 14 - Super Institutional Plan-Dividend Option;;;10.2012;10.2012;10.2012;14-Nov-2008
109787;Reliance Fixed Horizon Fund - X - Series 14 - Super Institutional Plan-Growth Option;;;10.2012;10.2012;10.2012;14-Nov-2008
110004;Reliance Fixed Horizon Fund - X - Series 15 - Institutional Plan-Dividend Option;;;14.9941;14.9941;14.9941;14-Nov-2008
110003;Reliance Fixed Horizon Fund - X - Series 15 - Institutional Plan-Growth Option;;;14.9941;14.9941;14.9941;14-Nov-2008
109999;Reliance Fixed Horizon Fund - X - Series 15 - Retail Plan-Dividend Option;;;14.9941;14.9941;14.9941;14-Nov-2008
110001;Reliance Fixed Horizon Fund - X - Series 15 - Retail Plan-Growth Option;;;14.9941;14.9941;14.9941;14-Nov-2008
110002;Reliance Fixed Horizon Fund - X - Series 15 - Super Institutional Plan-Dividend Option;;;14.9941;14.9941;14.9941;14-Nov-2008
110000;Reliance Fixed Horizon Fund - X - Series 15 - Super Institutional Plan-Growth Option;;;14.9941;14.9941;14.9941;14-Nov-2008
109778;Reliance Fixed Horizon Fund - X - Series 2 - Institutional Plan-Dividend Option;;;10.1845;10.1845;10.1845;14-Nov-2008
109781;Reliance Fixed Horizon Fund - X - Series 2 - Institutional Plan-Growth Option;;;10.1845;10.1845;10.1845;14-Nov-2008
109783;Reliance Fixed Horizon Fund - X - Series 2 - Retail Plan-Dividend Option;;;10.1796;10.1796;10.1796;14-Nov-2008
109780;Reliance Fixed Horizon Fund - X - Series 2 - Retail Plan-Growth Option;;;10.1796;10.1796;10.1796;14-Nov-2008
109779;Reliance Fixed Horizon Fund - X - Series 2 - Super Institutional Plan-Dividend Option;;;10.1903;10.1903;10.1903;14-Nov-2008
109782;Reliance Fixed Horizon Fund - X - Series 2 - Super Institutional Plan-Growth Option;;;10.1903;10.1903;10.1903;14-Nov-2008
110236;Reliance Fixed Horizon Fund - X - Series 3 - Institutional Plan-Dividend Option;;;10.0014;10.0014;10.0014;14-Nov-2008
110237;Reliance Fixed Horizon Fund - X - Series 3 - Institutional Plan-Growth Option;;;10.0014;10.0014;10.0014;14-Nov-2008
110241;Reliance Fixed Horizon Fund - X - Series 3 - Retail Plan-Dividend Option;;;9.9956;9.9956;9.9956;14-Nov-2008
110240;Reliance Fixed Horizon Fund - X - Series 3 - Retail Plan-Growth Option;;;9.9956;9.9956;9.9956;14-Nov-2008
110239;Reliance Fixed Horizon Fund - X - Series 3 - Super Institutional Plan-Dividend Option;;;10.0073;10.0073;10.0073;14-Nov-2008
110238;Reliance Fixed Horizon Fund - X - Series 3 - Super Institutional Plan-Growth Option;;;10.0073;10.0073;10.0073;14-Nov-2008
110262;Reliance Fixed Horizon Fund - X - Series 4 - Institutional Plan-Dividend Option;;;10.1130;10.1130;10.1130;14-Nov-2008
110265;Reliance Fixed Horizon Fund - X - Series 4 - Institutional Plan-Growth Option;;;10.1130;10.1130;10.1130;14-Nov-2008
110267;Reliance Fixed Horizon Fund - X - Series 4 - Retail Plan-Dividend Option;;;10.1131;10.1131;10.1131;14-Nov-2008
110266;Reliance Fixed Horizon Fund - X - Series 4 - Retail Plan-Growth Option;;;10.1131;10.1131;10.1131;14-Nov-2008
110264;Reliance Fixed Horizon Fund - X - Series 4 - Super Institutional Plan-Dividend Option;;;10.1130;10.1130;10.1130;14-Nov-2008
110263;Reliance Fixed Horizon Fund - X - Series 4 - Super Institutional Plan-Growth Option;;;10.1130;10.1130;10.1130;14-Nov-2008
110270;Reliance Fixed Horizon Fund - X - Series 5 - Institutional Plan-Dividend Option;;;10.1134;10.1134;10.1134;14-Nov-2008
110269;Reliance Fixed Horizon Fund - X - Series 5 - Institutional Plan-Growth Option;;;10.1134;10.1134;10.1134;14-Nov-2008
110268;Reliance Fixed Horizon Fund - X - Series 5 - Retail Plan-Dividend Option;;;10.1099;10.1099;10.1099;14-Nov-2008
110272;Reliance Fixed Horizon Fund - X - Series 5 - Retail Plan-Growth Option;;;10.1099;10.1099;10.1099;14-Nov-2008
110271;Reliance Fixed Horizon Fund - X - Series 5 - Super Institutional Plan-Dividend Option;;;10.1191;10.1191;10.1191;14-Nov-2008
110273;Reliance Fixed Horizon Fund - X - Series 5 - Super Institutional Plan-Growth Option;;;10.1191;10.1191;10.1191;14-Nov-2008
110450;Reliance Fixed Horizon Fund - X - Series 7 - Institutional Plan-Dividend Option;;;10.0653;10.0653;10.0653;14-Nov-2008
110449;Reliance Fixed Horizon Fund - X - Series 7 - Institutional Plan-Growth Option;;;10.0653;10.0653;10.0653;14-Nov-2008
110446;Reliance Fixed Horizon Fund - X - Series 7 - Retail Plan-Dividend Option;;;10.0620;10.0620;10.0620;14-Nov-2008
110445;Reliance Fixed Horizon Fund - X - Series 7 - Retail Plan-Growth Option;;;10.0620;10.0620;10.0620;14-Nov-2008
110448;Reliance Fixed Horizon Fund - X - Series 7 - Super Institutional Plan-Dividend Option;;;10.0686;10.0686;10.0686;14-Nov-2008
110447;Reliance Fixed Horizon Fund - X - Series 7 - Super Institutional Plan-Growth Option;;;10.0686;10.0686;10.0686;14-Nov-2008
110643;Reliance Fixed Horizon Fund - X - Series 8 - Institutional Plan-Dividend Option;;;10.0420;10.0420;10.0420;14-Nov-2008
110641;Reliance Fixed Horizon Fund - X - Series 8 - Institutional Plan-Growth Option;;;10.0420;10.0420;10.0420;14-Nov-2008
110638;Reliance Fixed Horizon Fund - X - Series 8 - Retail Plan-Dividend Option;;;10.0420;10.0420;10.0420;14-Nov-2008
110642;Reliance Fixed Horizon Fund - X - Series 8 - Retail Plan-Growth Option;;;10.0420;10.0420;10.0420;14-Nov-2008
110640;Reliance Fixed Horizon Fund - X - Series 8 - Super Institutional Plan-Dividend Option;;;10.0420;10.0420;10.0420;14-Nov-2008
110639;Reliance Fixed Horizon Fund - X - Series 8 - Super Institutional Plan-Growth Option;;;10.0420;10.0420;10.0420;14-Nov-2008
110634;Reliance Fixed Horizon Fund - XI - Series 1 - Institutional Plan-Dividend Option;;;10.0601;10.0601;10.0601;14-Nov-2008
110633;Reliance Fixed Horizon Fund - XI - Series 1 - Institutional Plan-Growth Option;;;10.0601;10.0601;10.0601;14-Nov-2008
110632;Reliance Fixed Horizon Fund - XI - Series 1 - Retail Plan-Dividend Option;;;10.0591;10.0591;10.0591;14-Nov-2008
110636;Reliance Fixed Horizon Fund - XI - Series 1 - Retail Plan-Growth Option;;;10.0591;10.0591;10.0591;14-Nov-2008
110637;Reliance Fixed Horizon Fund - XI - Series 1 - Super Institutional Plan-Dividend Option;;;10.0613;10.0613;10.0613;14-Nov-2008
110635;Reliance Fixed Horizon Fund - XI - Series 1 - Super Institutional Plan-Growth Option;;;10.0613;10.0613;10.0613;14-Nov-2008
110453;Reliance Fixed Horizon Fund - XII - Series 13 - Institutional Plan-Dividend Option;;;10.1186;10.1186;10.1186;14-Nov-2008
110452;Reliance Fixed Horizon Fund - XII - Series 13 - Institutional Plan-Growth Option;;;10.1186;10.1186;10.1186;14-Nov-2008
110451;Reliance Fixed Horizon Fund - XII - Series 13 - Retail Plan-Dividend Option;;;10.1170;10.1170;10.1170;14-Nov-2008
110455;Reliance Fixed Horizon Fund - XII - Series 13 - Retail Plan-Growth Option;;;10.1170;10.1170;10.1170;14-Nov-2008
110454;Reliance Fixed Horizon Fund - XII - Series 13 - Super Institutional Plan-Dividend Option;;;10.1218;10.1218;10.1218;14-Nov-2008
110456;Reliance Fixed Horizon Fund - XII - Series 13 - Super Institutional Plan-Growth Option;;;10.1218;10.1218;10.1218;14-Nov-2008
106790;Reliance Fixed Horizon Fund -IV-Series-5-Institutional Plan-Dividend Plan;;;10.6926;10.6926;10.6926;14-Nov-2008
106789;Reliance Fixed Horizon Fund -IV-Series-5-Institutional Plan-Growth Option;;;10.6926;10.6926;10.6926;14-Nov-2008
106791;Reliance Fixed Horizon Fund -IV-Series-5-Retail Plan Growth Option;;;10.6435;10.6435;10.6435;14-Nov-2008
106792;Reliance Fixed Horizon Fund -IV-Series-5-Retail Plan-Dividend Option;;;10.2249;10.2249;10.2249;14-Nov-2008
106782;Reliance Fixed Horizon Fund -V- 3yrs Plan Series-1-Institutional Plan -Dividend Option;;;10.5262;10.5262;10.5262;14-Nov-2008
106781;Reliance Fixed Horizon Fund -V- 3yrs Plan Series-1-Institutional Plan Growth Option;;;10.5262;10.5262;10.5262;14-Nov-2008
106783;Reliance Fixed Horizon Fund -V- 3yrs Plan Series-1-Retail Plan Growth Option;;;10.5303;10.5303;10.5303;14-Nov-2008
106784;Reliance Fixed Horizon Fund -V- 3yrs Plan Series-1-Retail Plan-Dividend Option;;;10.5303;10.5303;10.5303;14-Nov-2008
107190;Reliance Fixed Horizon Fund IV Series 7 Institutional Plan Dividend Option;;;9.7504;9.7504;9.7504;14-Nov-2008
107188;Reliance Fixed Horizon Fund IV Series 7 Institutional Plan Growth Option;;;10.3821;10.3821;10.3821;14-Nov-2008
107189;Reliance Fixed Horizon Fund IV Series 7 Retail Plan Dividend  Option;;;9.7430;9.7430;9.7430;14-Nov-2008
107187;Reliance Fixed Horizon Fund IV Series 7 Retail Plan Growth Option;;;10.3317;10.3317;10.3317;14-Nov-2008
107320;Reliance Fixed Horizon Fund IV Series 8- Institutional Plan- Growth Option;;;10.3594;10.3594;10.3594;14-Nov-2008
107319;Reliance Fixed Horizon Fund IV Series 8-Institutional Plan-Dividend Option;;;10.3594;10.3594;10.3594;14-Nov-2008
107317;Reliance Fixed Horizon Fund IV Series 8-Retail Plan-Dividend Option;;;10.3261;10.3261;10.3261;14-Nov-2008
107318;Reliance Fixed Horizon Fund IV Series 8-Retail Plan-Growth Option;;;10.3261;10.3261;10.3261;14-Nov-2008
104715;Reliance Fixed Horizon Fund Plan 'C' Series -II Retail Plan-Dividend Option;;;11.1849;11.1849;11.1849;14-Nov-2008
104714;Reliance Fixed Horizon Fund Plan 'C' Series -II Retail Plan-Growth Option;;;11.1849;11.1849;11.1849;14-Nov-2008
104716;Reliance Fixed Horizon Fund Plan 'C' Series -II-Institutional Plan -Growth Option;;;11.2931;11.2931;11.2931;14-Nov-2008
104300;Reliance Fixed Horizon Fund Plan 'C' Series-III-Institutional Plan Growth Option;;;11.4795;11.4795;11.4795;14-Nov-2008
104299;Reliance Fixed Horizon Fund Plan 'C' Series-III-Retail Plan Dividend Option;;;11.3064;11.3064;11.3064;14-Nov-2008
104298;Reliance Fixed Horizon Fund Plan 'C' Series-III-Retail Plan Growth Option;;;11.3814;11.3814;11.3814;14-Nov-2008
107685;Reliance Fixed Horizon Fund - VII - Series 3-Institutional Plan-Dividend Option;;;10.6096;10.6096;10.6096;14-Nov-2008
107686;Reliance Fixed Horizon Fund - VII - Series 3-Institutional Plan-Growth Option;;;10.6096;10.6096;10.6096;14-Nov-2008
107684;Reliance Fixed Horizon Fund - VII - Series 3-Retail Plan-Dividend Option;;;10.5718;10.5718;10.5718;14-Nov-2008
107683;Reliance Fixed Horizon Fund - VII - Series 3-Retail Plan-Growth Option;;;10.5718;10.5718;10.5718;14-Nov-2008
107902;Reliance Fixed Horizon Fund - VII - Series 4-Institutional Plan-Dividend Option;;;10.4463;10.4463;10.4463;14-Nov-2008
107905;Reliance Fixed Horizon Fund - VII - Series 4-Institutional Plan-Growth Option;;;10.4463;10.4463;10.4463;14-Nov-2008
107904;Reliance Fixed Horizon Fund - VII - Series 4-Retail Plan-Dividend Option;;;10.4048;10.4048;10.4048;14-Nov-2008
107903;Reliance Fixed Horizon Fund - VII - Series 4-Retail Plan-Growth Option;;;10.4048;10.4048;10.4048;14-Nov-2008
107934;Reliance Fixed Horizon Fund - VII - Series 5-Institutional Plan-Dividend Option;;;9.9551;9.9551;9.9551;14-Nov-2008
107935;Reliance Fixed Horizon Fund - VII - Series 5-Institutional Plan-Growth Option;;;10.4095;10.4095;10.4095;14-Nov-2008
107933;Reliance Fixed Horizon Fund - VII - Series 5-Retail Plan-Dividend Option;;;9.9494;9.9494;9.9494;14-Nov-2008
107932;Reliance Fixed Horizon Fund - VII - Series 5-Retail Plan-Growth Option;;;10.3683;10.3683;10.3683;14-Nov-2008
107011;Reliance Fixed Horizon Fund-IV-Series-IV-Institutional Plan Growth Option;;;10.8971;10.8971;10.8971;14-Nov-2008
107014;Reliance Fixed Horizon Fund-IV-Series-IV-Institutional Plan-Dividend Option;;;10.1371;10.1371;10.1371;14-Nov-2008
107012;Reliance Fixed Horizon Fund-IV-Series-IV-Retail Plan Growth Option;;;10.8519;10.8519;10.8519;14-Nov-2008
107013;Reliance Fixed Horizon Fund-IV-Series-IV-Retail Plan-Dividend Option;;;10.1312;10.1312;10.1312;14-Nov-2008
107072;Reliance Fixed Horizon Fund-IV-Series-VI-Institutional Plan-Dividend Option;;;9.7588;9.7588;9.7588;14-Nov-2008
107075;Reliance Fixed Horizon Fund-IV-Series-VI-Institutional Plan-Growth Option;;;10.3638;10.3638;10.3638;14-Nov-2008
107073;Reliance Fixed Horizon Fund-IV-Series-VI-Retail Plan Growth Option;;;10.3141;10.3141;10.3141;14-Nov-2008
107074;Reliance Fixed Horizon Fund-IV-Series-VI-Retail Plan-Dividend Plan;;;9.7521;9.7521;9.7521;14-Nov-2008

PineBridge Mutual Fund
109926;AIG Fixed Maturity Plan-I-Series I Institutional Plan Growth;;;1017.1025;996.7605;1017.1025;14-Nov-2008
109929;AIG Fixed Maturity Plan-I-Series I Retail Plan Dividend;;;1015.4737;995.1642;1015.4737;14-Nov-2008
109928;AIG Fixed Maturity Plan-I-Series I Retail Plan Growth;;;1015.4737;995.1642;1015.4737;14-Nov-2008
109659;PineBridge Quarterly Interval Fund Series I Institutional Plan-Dividend;INF178L01798;;1024.3074;1016.6251;1024.3074;14-Nov-2008
109662;PineBridge Quarterly Interval Fund Series I Institutional Plan-Growth;INF178L01806;;1024.3074;1016.6251;1024.3074;14-Nov-2008
109660;PineBridge Quarterly Interval Fund Series I- Standard Plan- Dividend Option;INF178L01244;;1023.8249;1016.1462;1023.8249;14-Nov-2008
109661;PineBridge Quarterly Interval Fund Series I- Standard Plan- Growth Option;INF178L01251;;1023.8249;1016.1462;1023.8249;14-Nov-2008
109817;PineBridge Quarterly Interval Fund II Institutional Plan-Dividend;INF178L01285;;1024.3201;1016.6377;1024.3201;14-Nov-2008
109819;PineBridge Quarterly Interval Fund II Institutional Plan-Growth;INF178L01814;;1024.3201;1016.6377;1024.3201;14-Nov-2008
109816;PineBridge Quarterly Interval Fund II- Standard Plan- Dividend Option;INF178L01269;;1023.8103;1016.1317;1023.8103;14-Nov-2008
109818;PineBridge Quarterly Interval Fund II- Standard Plan- Growth;INF178L01277;;1023.8103;1016.1317;1023.8103;14-Nov-2008

Principal Mutual Fund
104081;Principal Pnb Fixed Duration Fund 3 Year Plan- Series I-Dividend Payout;;;11.1084;10.7751;11.1084;14-Nov-2008
104080;Principal Pnb Fixed Duration Fund 3 Year Plan- Series I-Growth Option;;;11.1084;10.7751;11.1084;14-Nov-2008
109140;Principal Pnb Fixed Maturity Plan - 385 Days - Ser VII - Insti Plan - Dividend;;;10.0691;9.8677;10.0691;14-Nov-2008
109142;Principal Pnb Fixed Maturity Plan - 385 Days - Ser VII - Insti Plan - Growth;;;10.0690;9.8676;10.0690;14-Nov-2008
109139;Principal Pnb Fixed Maturity Plan - 385 Days - Ser VII - Regular Plan - Dividend;;;10.0538;9.8527;10.0538;14-Nov-2008
109141;Principal Pnb Fixed Maturity Plan - 385 Days - Ser VII -Regular Plan - Growth;;;10.0538;9.8527;10.0538;14-Nov-2008
107065;Principal Pnb Fixed Maturity Plan - 385 Days Series VI-Institutional Plan-Dividend Option;;;10.7933;10.6206;10.7933;14-Nov-2008
107062;Principal Pnb Fixed Maturity Plan - 385 Days Series VI-Institutional Plan-Growth Option;;;10.7933;10.6206;10.7933;14-Nov-2008
107064;Principal Pnb Fixed Maturity Plan - 385 Days Series VI-Regular Plan-Dividend Option;;;10.7414;10.5695;10.7414;14-Nov-2008
107063;Principal Pnb Fixed Maturity Plan - 385 Days Series VI-Regular Plan-Growth Option;;;10.7414;10.5695;10.7414;14-Nov-2008
107819;Principal Pnb Fixed Maturity Plan - 460 Days - Series IV - Insti Plan - Dividend Option;;;10.3946;10.2907;10.3946;14-Nov-2008
107818;Principal Pnb Fixed Maturity Plan - 460 Days - Series IV - Insti Plan - Growth Option;;;10.3946;10.2907;10.3946;14-Nov-2008
107817;Principal Pnb Fixed Maturity Plan - 460 Days - Series IV - Regular Plan - Growth Option;;;10.3632;10.2596;10.3632;14-Nov-2008
107816;Principal Pnb Fixed Maturity Plan - 460 days - series IV - Regular Plan-Dividend Option;;;10.3631;10.2595;10.3631;14-Nov-2008
108088;Principal Pnb Fixed Maturity Plan - 540 Days - Series II - Institutional Plan - Dividend Option;;;10.5737;10.4045;10.5737;14-Nov-2008
108089;Principal Pnb Fixed Maturity Plan - 540 Days - Series II - Institutional Plan - Growth Option;;;10.5737;10.4045;10.5737;14-Nov-2008
108087;Principal Pnb Fixed Maturity Plan - 540 Days - Series II - Regular Plan - Growth Option;;;10.5434;10.3747;10.5434;14-Nov-2008
108086;Principal Pnb Fixed Maturity Plan - 540 Days -Series II-Regular Plan - Dividend Option;;;10.5434;10.3747;10.5434;14-Nov-2008
108471;Principal Pnb Fixed Maturity Plan - 91 Days - Series XIV - Dividend Option;;;10.1878;10.0859;10.1878;14-Nov-2008
108470;Principal Pnb Fixed Maturity Plan - 91 Days - Series XIV - Growth Option;;;10.4115;10.3074;10.4115;14-Nov-2008
109709;Principal Pnb Fixed Maturity Plan 385 Days - Series IX - Institutional Plan - Dividend;;;10.1877;10.0858;10.1877;14-Nov-2008
109708;Principal Pnb Fixed Maturity Plan 385 Days - Series IX - Institutional Plan - Growth;;;10.1877;10.0858;10.1877;14-Nov-2008
109707;Principal Pnb Fixed Maturity Plan 385 Days - Series IX - Regular Plan - Dividend;;;10.1877;10.0858;10.1877;14-Nov-2008
109706;Principal Pnb Fixed Maturity Plan 385 Days - Series IX - Regular Plan - Growth;;;10.1877;10.0858;10.1877;14-Nov-2008
109315;Principal Pnb Fixed Maturity Plan 385 Days - Series VIII - Institutional Plan - Dividend Option;;;10.0778;9.8762;10.0778;14-Nov-2008
109314;Principal Pnb Fixed Maturity Plan 385 Days - Series VIII - Institutional Plan - Growth Option;;;10.0778;9.8762;10.0778;14-Nov-2008
109313;Principal Pnb Fixed Maturity Plan 385 Days - Series VIII - Regular Plan - Dividend Option;;;10.0569;9.8558;10.0569;14-Nov-2008
109312;Principal Pnb Fixed Maturity Plan 385 Days - Series VIII - Regular Plan - Growth Option;;;10.0569;9.8558;10.0569;14-Nov-2008
109253;Principal Pnb Fixed Maturity Plan 91 Days - Series XVI - Dividend Option;;;10.1332;10.0319;10.1332;14-Nov-2008
109252;Principal Pnb Fixed Maturity Plan 91 Days - Series XVI - Growth Option;;;10.3887;10.2848;10.3887;14-Nov-2008
109877;Principal Pnb Fixed Maturity Plan 91 Days - Series XVII - Institutional Plan - Dividend Option;;;10.2123;10.1102;10.2123;14-Nov-2008
109878;Principal Pnb Fixed Maturity Plan 91 Days - Series XVII - Institutional Plan - Growth Option;;;10.2123;10.1102;10.2123;14-Nov-2008
109879;Principal Pnb Fixed Maturity Plan 91 Days - Series XVII - Regular Plan - Dividend Option;;;10.2123;10.1102;10.2123;14-Nov-2008
109876;Principal Pnb Fixed Maturity Plan 91 Days - Series XVII - Regular Plan - Growth Option;;;10.2123;10.1102;10.2123;14-Nov-2008
110100;Principal Pnb Fixed Maturity Plan 91 Days - Series XVIII - Institutional Plan - Dividend Option;;;10.1586;10.0570;10.1586;14-Nov-2008
110102;Principal Pnb Fixed Maturity Plan 91 Days - Series XVIII - Institutional Plan - Growth Option;;;10.1586;10.0570;10.1586;14-Nov-2008
110099;Principal Pnb Fixed Maturity Plan 91 Days - Series XVIII - Regular Plan - Dividend Option;;;10.1586;10.0570;10.1586;14-Nov-2008
110101;Principal Pnb Fixed Maturity Plan 91 Days - Series XVIII - Regular Plan - Growth Option;;;10.1586;10.0570;10.1586;14-Nov-2008

quant Mutual Fund
109070;Escorts Fixed Maturity Plan - Dividend Option;;;10.3283;10.3283;10.3283;14-Nov-2008
109071;Escorts Fixed Maturity Plan - Growth Option;;;10.3283;10.3283;10.3283;14-Nov-2008
109514;Escorts Fixed Maturity Plan - Institutional Dividend;;;10.3355;10.3355;10.3355;14-Nov-2008
109515;Escorts Fixed Maturity Plan - Institutional Growth;;;10.3355;10.3355;10.3355;14-Nov-2008

Sundaram Mutual Fund
106461;SUNDARAM CAPITAL PROTECTION FUND  SERIES 1-5 YEARS;;;9.9625;9.9625;0.0000;14-Nov-2008
107002;SUNDARAM FIXED INCOME INTERVAL FUND QTRLY PLAN C INST  DIVIDEND;INF903J01CD7;;10.0106;10.0106;0.0000;14-Nov-2008
107000;SUNDARAM FIXED INCOME INTERVAL FUND QTRLY PLAN C REG DIVIDEND;INF903J01CB1;;10.0106;10.0106;0.0000;14-Nov-2008
106999;SUNDARAM FIXED INCOME INTERVAL FUND QTRLY PLAN C REG GROWTH;INF903J01CA3;;10.9735;10.9735;0.0000;14-Nov-2008
109962;SUNDARAM FIXED INCOME INTERVAL FUND QTRLY PLAN E INST   DIVIDEND;INF903J01CH8;;10.2445;10.2445;10.2445;14-Nov-2008
109961;SUNDARAM FIXED INCOME INTERVAL FUND QTRLY PLAN E INST   GROWTH;INF903J01CG0;;10.2445;10.2445;10.2445;14-Nov-2008
109964;SUNDARAM FIXED INCOME INTERVAL FUND QTRLY PLAN E REG  GROWTH;INF903J01CE5;;10.2442;10.2442;10.2442;14-Nov-2008
109963;SUNDARAM FIXED INCOME INTERVAL FUND QTRLY PLAN E REG DIVIDEND;INF903J01CF2;;10.2442;10.2442;10.2442;14-Nov-2008
109545;SUNDARAM INTERVAL FUND QUARTERLY SERIES PLAN  D INST  DIVIDEND;INF903J01BP3;;10.1143;10.1143;10.1143;14-Nov-2008
109542;SUNDARAM INTERVAL FUND QUARTERLY SERIES PLAN  D INST  GROWTH;INF903J01BO6;;10.3788;10.3788;10.3788;14-Nov-2008
109543;SUNDARAM INTERVAL FUND QUARTERLY SERIES PLAN  D REG DIVIDEND;INF903J01BN8;;10.1174;10.1174;10.1174;14-Nov-2008
109544;SUNDARAM INTERVAL FUND QUARTERLY SERIES PLAN  D REG GROWTH;INF903J01BM0;;10.3778;10.3778;10.3778;14-Nov-2008

Tata Mutual Fund
107045;Tata Fixed Horizon Fund Series 13 Scheme E - Institutional Plan - Growth;;;10.8768;10.7680;0.0000;14-Nov-2008
107043;Tata Fixed Horizon Fund Series 13 Scheme E - Institutional Plan - Periodic Dividend;;;10.8765;10.7677;0.0000;14-Nov-2008
107042;Tata Fixed Horizon Fund Series 13 Scheme E - Regular Plan - Growth;;;10.8766;10.7678;0.0000;14-Nov-2008
107040;Tata Fixed Horizon Fund Series 13 Scheme E - Regular Plan - Periodic Dividend;;;10.8765;10.7677;0.0000;14-Nov-2008
109766;Tata Fixed Horizon Fund Series 18 Scheme B - Institutional Plan - Growth;;;10.1961;10.0941;0.0000;14-Nov-2008
109767;Tata Fixed Horizon Fund Series 18 Scheme B - Institutional Plan - Periodic Dividend;;;10.1971;10.0951;0.0000;14-Nov-2008
109768;Tata Fixed Horizon Fund Series 18 Scheme B - Regular Plan - Growth;;;10.1780;10.0762;0.0000;14-Nov-2008
109769;Tata Fixed Horizon Fund Series 18 Scheme B - Regular Plan - Periodic Dividend;;;10.1807;10.0789;0.0000;14-Nov-2008
109567;Tata Fixed Horizon Fund Series 18 Scheme C - Institutional Plan - Growth;;;10.1623;10.0607;0.0000;14-Nov-2008
109566;Tata Fixed Horizon Fund Series 18 Scheme C - Institutional Plan - Periodic Dividend;;;10.1621;10.0605;0.0000;14-Nov-2008
109568;Tata Fixed Horizon Fund Series 18 Scheme C - Regular Plan - Growth;;;10.1407;10.0393;0.0000;14-Nov-2008
109569;Tata Fixed Horizon Fund Series 18 Scheme C - Regular Plan - Periodic Dividend;;;10.1378;10.0364;0.0000;14-Nov-2008
109983;Tata Fixed Horizon Fund Series 18 Scheme D - Institutional Plan - Growth;;;10.1160;10.0148;0.0000;14-Nov-2008
109984;Tata Fixed Horizon Fund Series 18 Scheme D - Institutional Plan - Periodic Dividend;;;10.1160;10.0148;0.0000;14-Nov-2008
109985;Tata Fixed Horizon Fund Series 18 Scheme D - Regular Plan - Growth;;;10.1167;10.0155;0.0000;14-Nov-2008
109986;Tata Fixed Horizon Fund Series 18 Scheme D - Regular Plan - Periodic Dividend;;;10.1158;10.0146;0.0000;14-Nov-2008
109648;Tata Fixed Horizon Fund Series 19 Scheme D - Institutional Plan - Growth;;;10.2763;10.2249;0.0000;14-Nov-2008
109647;Tata Fixed Horizon Fund Series 19 Scheme D - Institutional Plan - Periodic Dividend;;;10.1710;10.1201;0.0000;14-Nov-2008
109650;Tata Fixed Horizon Fund Series 19 Scheme D - Regular Plan - Growth;;;10.2743;10.2229;0.0000;14-Nov-2008
109649;Tata Fixed Horizon Fund Series 19 Scheme D - Regular Plan - Periodic Dividend;;;10.2041;10.1531;0.0000;14-Nov-2008
109755;Tata Fixed Horizon Fund Series 19 Scheme E - Institutional Plan - Growth;;;10.2387;10.1875;0.0000;14-Nov-2008
109754;Tata Fixed Horizon Fund Series 19 Scheme E - Institutional Plan - Periodic Dividend;;;10.1647;10.1139;0.0000;14-Nov-2008
109756;Tata Fixed Horizon Fund Series 19 Scheme E - Regular Plan - Growth;;;10.2401;10.1889;0.0000;14-Nov-2008
109757;Tata Fixed Horizon Fund Series 19 Scheme E - Regular Plan - Periodic Dividend;;;10.1688;10.1180;0.0000;14-Nov-2008
110111;Tata Fixed Horizon Fund Series 19 Scheme F - Institutional Plan - Growth;;;10.1179;10.0673;0.0000;14-Nov-2008
110112;Tata Fixed Horizon Fund Series 19 Scheme F - Institutional Plan - Periodic Dividend;;;10.1184;10.0678;0.0000;14-Nov-2008
110113;Tata Fixed Horizon Fund Series 19 Scheme F - Regular Plan - Growth;;;10.1170;10.0664;0.0000;14-Nov-2008
110114;Tata Fixed Horizon Fund Series 19 Scheme F - Regular Plan - Periodic Dividend;;;10.1168;10.0662;0.0000;14-Nov-2008
104258;Tata Fixed Horizon Fund Series 5 Scheme G - Div;;;11.5205;11.2493;0.0000;14-Nov-2008
104257;Tata Fixed Horizon Fund Series 5 Scheme G - Growth;;;11.5220;11.2508;0.0000;14-Nov-2008
107461;Tata Fixed Investment Plan - 1 Scheme A - Institutional Plan - Growth;;;10.6962;10.5892;0.0000;14-Nov-2008
107462;Tata Fixed Investment Plan - 1 Scheme A - Institutional Plan - Periodic Dividend;;;10.6212;10.5150;0.0000;14-Nov-2008
107459;Tata Fixed Investment Plan - 1 Scheme A - Regular Plan - Growth;;;10.6964;10.5894;0.0000;14-Nov-2008
107829;Tata Fixed Investment Plan - 1 Scheme A - Regular Plan - Monthly Dividend;;;10.6961;10.5891;0.0000;14-Nov-2008
107460;Tata Fixed Investment Plan - 1 Scheme A - Regular Plan - Periodic Dividend;;;10.6212;10.5150;0.0000;14-Nov-2008
108942;Tata Fixed Investment Plan - 2 Scheme A Institutional Plan Growth;;;10.3915;10.2876;0.0000;14-Nov-2008
108943;Tata Fixed Investment Plan - 2 Scheme A Institutional Plan Periodic Dividend;;;10.3915;10.2876;0.0000;14-Nov-2008
108940;Tata Fixed Investment Plan - 2 Scheme A Regular Plan Growth;;;10.3917;10.2878;0.0000;14-Nov-2008
108941;Tata Fixed Investment Plan - 2 Scheme A Regular Plan Periodic Dividend;;;10.3915;10.2876;0.0000;14-Nov-2008
109231;Tata Fixed Investment Plan - 2 Scheme B Institutional Plan Growth;;;10.2229;10.1207;0.0000;14-Nov-2008
109232;Tata Fixed Investment Plan - 2 Scheme B Institutional Plan Periodic Dividend;;;10.6888;10.5819;0.0000;14-Nov-2008
109230;Tata Fixed Investment Plan - 2 Scheme B Regular Plan Growth;;;10.2110;10.1089;0.0000;14-Nov-2008
109229;Tata Fixed Investment Plan - 2 Scheme B Regular Plan Periodic Dividend;;;10.2106;10.1085;0.0000;14-Nov-2008
110565;Tata Fixed Investment Plan - 3 Scheme A - Institutional Plan - Growth;;;10.0624;10.0121;0.0000;14-Nov-2008
110564;Tata Fixed Investment Plan - 3 Scheme A - Institutional Plan - Monthly Dividend;;;10.0624;10.0121;0.0000;14-Nov-2008
110563;Tata Fixed Investment Plan - 3 Scheme A - Institutional Plan - Periodic Dividend;;;10.0624;10.0121;0.0000;14-Nov-2008
110568;Tata Fixed Investment Plan - 3 Scheme A - Regular Plan - Growth;;;10.0621;10.0118;0.0000;14-Nov-2008
110566;Tata Fixed Investment Plan - 3 Scheme A - Regular Plan - Monthly Dividend;;;10.0620;10.0117;0.0000;14-Nov-2008
110567;Tata Fixed Investment Plan - 3 Scheme A - Regular Plan - Periodic Dividend;;;10.0620;10.0117;0.0000;14-Nov-2008
110118;Tata Fixed Investment Plan - 4 - Scheme A - High Investment Plan - Growth;;;10.0393;9.8385;0.0000;14-Nov-2008
110115;Tata Fixed Investment Plan - 4 - Scheme A - Regular Investment Plan - Growth;;;10.0397;9.8389;0.0000;14-Nov-2008
110116;Tata Fixed Investment Plan - 4 - Scheme A - Regular Investment Plan - Periodic Dividend;;;10.0393;9.8385;0.0000;14-Nov-2008
110352;Tata Fixed Investment Plan - 4 - Scheme B - High Investment Plan - Growth;;;10.0634;9.8621;0.0000;14-Nov-2008
110351;Tata Fixed Investment Plan - 4 - Scheme B - High Investment Plan - Periodic Dividend;;;10.0634;9.8621;0.0000;14-Nov-2008
110349;Tata Fixed Investment Plan - 4 - Scheme B - Regular Investment Plan - Growth;;;10.0601;9.8589;0.0000;14-Nov-2008
110350;Tata Fixed Investment Plan - 4 - Scheme B - Regular Investment Plan - Periodic Dividend;;;10.0601;9.8589;0.0000;14-Nov-2008
110353;Tata Fixed Investment Plan - 4 - Scheme B - Super High Investment Plan - Growth;;;10.0685;9.8671;0.0000;14-Nov-2008
110354;Tata Fixed Investment Plan - 4 - Scheme B - Super High Investment Plan - Periodic Dividend;;;10.0685;9.8671;0.0000;14-Nov-2008

Taurus Mutual Fund
110684;Taurus FMP 370 days - Institutional Growth Plan;;;10.0272;9.9269;10.0272;14-Nov-2008
110685;Taurus FMP 370 days - Retail Dividend Plan;;;10.0272;9.9269;10.0272;14-Nov-2008
110683;Taurus FMP 370 days - Retail Growth Plan;;;10.0272;9.9269;10.0272;14-Nov-2008

UTI Mutual Fund
106339;UTI F I I F-Annual Interval Plan Series - II - Institutional  Growth Option;INF789F01FP5;;11.1802;11.1802;0;14-Nov-2008
106340;UTI F I I F-Annual Interval Plan Series - II - Institutional Dividend Option;INF789F01FN0;INF789F01FO8;10.2444;10.2444;0;14-Nov-2008
106338;UTI F I I F-Annual Interval Plan Series - II - Regular Plan - Growth Option;INF789F01FM2;;11.1309;11.1309;0;14-Nov-2008
106337;UTI FIIF Annual Interval Plan II - Regular Plan - IDCW;INF789F01FK6;INF789F01FL4;10.2372;10.2372;0;14-Nov-2008
107070;UTI FIIF Annual Interval Plan IV - Regular Plan - IDCW;INF789F01FW1;INF789F01FX9;10.8137;10.8137;0;14-Nov-2008
107071;UTI Fixed Interval Income Fund (Annual Interval Plan) Series IV - Regular Plan - Growth Option;INF789F01FY7;;10.8137;10.8137;0;14-Nov-2008
107089;UTI FIIF Half Yearly Plan I - Regular Plan - IDCW;INF789F01EY0;INF789F01EZ7;10.367;10.367;0;14-Nov-2008
107088;UTI Fixed  Income Interval Fund ( Half Yearly Plan - I) - Regular Plan - Growth Option;INF789F01FA7;;10.8368;10.8368;0;14-Nov-2008
107226;UTI FIIF Half Yearly Plan II - Regular Plan - IDCW;INF789F01HG0;INF789F01HH8;10.3912;10.3912;0;14-Nov-2008
107225;UTI Fixed Income Interval Fund ( Half Yearly Plan-II)- Instn. Dividend Option;INF789F01HJ4;INF789F01HK2;10.4046;10.4046;0;14-Nov-2008
107227;UTI Fixed Income Interval Fund ( Half Yearly Plan-II)- Instn. Growth Option;INF789F01HL0;;10.8978;10.8978;0;14-Nov-2008
107228;UTI Fixed Income Interval Fund ( Half Yearly Plan-II)- Regular Plan - Growth Option;INF789F01HI6;;10.8676;10.8676;0;14-Nov-2008
106145;UTI - Fixed Income Interval Fund - Monthly Interval Plan  - Regular Plan - Growth Option;INF789F01EU8;;11.3219;11.3219;0;14-Nov-2008
106549;UTI - Fixed Income Interval Fund - Monthly Interval Plan - Institutional Dividend Option;INF789F01EV6;INF789F01EW4;10.0654;10.0654;0;14-Nov-2008
106550;UTI - Fixed Income Interval Fund - Monthly Interval Plan - Institutional Growth Option;INF789F01EX2;;11.0285;11.0285;0;14-Nov-2008
106146;UTI FIIF Monthly Interval Plan I - Regular Plan - Monthly IDCW;INF789F01ES2;INF789F01ET0;10.0655;10.0655;0;14-Nov-2008
107195;UTI FIIF Monthly Interval Plan II - Regular Plan - Monthly IDCW;INF789F01EM5;INF789F01EN3;10.0071;10.0071;0;14-Nov-2008
107196;UTI Fixed Income Interval Fund - Monthly Interval Plan II-Instn Growth Option;INF789F01ER4;;10.4434;10.4434;0;14-Nov-2008
107194;UTI Fixed Income Interval Fund - Monthly Interval Plan II-Instn. Dividend Option;INF789F01EP8;INF789F01EQ6;10.007;10.007;0;14-Nov-2008
107193;UTI Fixed Income Interval Fund - Monthly Interval Plan II-Regular Plan - Growth Option;INF789F01EO1;;10.9512;10.9512;0;14-Nov-2008
106365;UTI FIIF Quarterly Interval Plan III - Regular Plan - IDCW;INF789F01GI8;INF789F01GJ6;10.2497;10.2497;0;14-Nov-2008
106368;UTI Fixed  Income Interval Fund ( Quarterly Interval Plan - III) - Inst Growth Plan;INF789F01GN8;;11.2141;11.2141;0;14-Nov-2008
106366;UTI Fixed  Income Interval Fund ( Quarterly Interval Plan - III) -Regular Plan - Growth Option;INF789F01GK4;;11.1968;11.1968;0;14-Nov-2008
106367;UTI Fixed  Income Interval Fund ( Quarterly Interval Plan -III) - Inst Dividend Plan;INF789F01GL2;INF789F01GM0;10.2497;10.2497;0;14-Nov-2008
109467;UTI F I I F Series II -Quarterly Interval Plan - IV -Instn. Dividend  Option;INF789F01GR9;INF789F01GS7;10.0658;10.0658;0;14-Nov-2008
109466;UTI F I I F Series II -Quarterly Interval Plan - IV -Instn. Growth  Option;INF789F01GT5;;10.3323;10.3323;0;14-Nov-2008
109465;UTI F I I F Series II -Quarterly Interval Plan - IV -Regular Plan - Growth Option;INF789F01GQ1;;10.3323;10.3323;0;14-Nov-2008
109464;UTI FIIF Sr-2 Quarterly Interval Plan IV - Regular Plan - IDCW;INF789F01GO6;INF789F01GP3;10.0658;10.0658;0;14-Nov-2008
110466;UTI F I I F Series II -Quarterly Interval Plan - VII - Instn Dividend Option;INF789F01EJ1;INF789F01EK9;10.1048;0;0;14-Nov-2008
110467;UTI F I I F Series II -Quarterly Interval Plan - VII - Instn Growth Option;INF789F01EL7;;10.1049;0;0;14-Nov-2008
110468;UTI F I I F Series II -Quarterly Interval Plan - VII - Regular Plan - Growth Option;INF789F01EI3;;10.1042;0;0;14-Nov-2008
110469;UTI FIIF Sr-2 Quarterly Interval Plan VII - Regular Plan - IDCW;INF789F01EG7;INF789F01EH5;10.1042;0;0;14-Nov-2008
107497;UTI - Investment Bond Fund - Dividend Option;;;10.4328;0;0;14-Nov-2008
107498;uti - Investment Bond Fund - Growth Option;;;10.4329;0;0;14-Nov-2008
106185;UTI Annual Interval Fund - I - ( Instn Growth Option );INF789F01FJ8;;11.1818;11.1818;0;14-Nov-2008
106183;UTI Annual Interval Fund - I - Regular Plan - Growth Option;INF789F01FG4;;11.1115;11.1115;0;14-Nov-2008
106186;UTI Annual Interval Fund - I - Regular Plan - IDCW;INF789F01FE9;INF789F01FF6;10.2996;10.2996;0;14-Nov-2008
106184;UTI Fixed Income Interval Fund - Annual Interval Plan Series - I ( Instn Dividend Option );INF789F01FH2;INF789F01FI0;10.3149;10.3149;0;14-Nov-2008
106707;UTI Annual Interval Fund - II - Regular Plan - Growth Option;INF789F01FS9;;10.9934;10.9934;0;14-Nov-2008
106706;UTI Annual Interval Fund - II - Regular Plan - IDCW;INF789F01FQ3;INF789F01FR1;10.1145;10.1145;0;14-Nov-2008
106708;UTI Fixed Interval Income Fund (Annual Interval Fund)  Series III - Instn Dividend Option;INF789F01FT7;INF789F01FU5;10.1187;10.1187;0;14-Nov-2008
106709;UTI Fixed Interval Income Fund (Annual Interval Fund)  Series III - Instn Growth Option;INF789F01FV3;;11.0427;11.0427;0;14-Nov-2008
104954;UTI Capital Protection Oriented Scheme - 5 Years -Growth Option;;;9.9347;0;0;14-Nov-2008
104953;UTI Capital Protection Orinted Scheme - Plan 5 years- Income Option;;;9.9346;0;0;14-Nov-2008
104952;UTI Capital Protection Oriented Scheme - 3 years - Growth Option;;;10.4506;0;0;14-Nov-2008
104951;UTI Capital Protection Oriented Scheme 3 years - Income Option;;;10.4505;0;0;14-Nov-2008
108399;UTI Fixed Maturity Plan Yearly Series Aptil 2008 - Dividend Option;;;10.4552;0;0;14-Nov-2008
108400;UTI Fixed Maturity Plan Yearly Series Aptil 2008 - Growth Option;;;10.4551;0;0;14-Nov-2008
108401;UTI Fixed Maturity Plan Yearly Series Aptil 2008 - Instn. Growth Option;;;10.4687;0;0;14-Nov-2008
109085;UTI Fixed Maturity Plan Yearly Series June 2008 - Dividend Option;;;10.1445;0;0;14-Nov-2008
109084;UTI Fixed Maturity Plan Yearly Series June 2008 - Instn Dividend Option;;;10.1444;0;0;14-Nov-2008
109087;UTI Fixed Maturity Plan Yearly Series June 2008 - Instn Growth Option;;;10.3736;0;0;14-Nov-2008
109086;UTI Fixed Maturity Plan Yearly Series June 2008- Growth Option;;;10.3735;0;0;14-Nov-2008
106436;UTI Fixed Term Income Fund -Series III Plan 20 - Dividend Option;;;11.045;0;0;14-Nov-2008
106433;UTI Fixed Term Income Fund -Series III Plan 20 - Growth Option;;;11.045;0;0;14-Nov-2008
106434;UTI Fixed Term Income Fund -Series III Plan 20 - Instn. Growth Option;;;11.1132;0;0;14-Nov-2008
107415;UTI Fixed Term Income Fund Jan 2008-Plan 1 (15 Months) - Dividend Option;;;10.7137;0;0;14-Nov-2008
107413;UTI Fixed Term Income Fund Jan 2008-Plan 1 (15 Months) - Growth Option;;;10.7137;0;0;14-Nov-2008
107414;UTI Fixed Term Income Fund Jan 2008-Plan 1 (15 Months) - Instn Growth Option;;;10.745;0;0;14-Nov-2008
107501;UTI Fixed Term Income Fund Jan 2008-Plan II (15 Months) - Dividend Option;;;10.62;0;0;14-Nov-2008
107502;UTI Fixed Term Income Fund Jan 2008-Plan II (15 Months) - Growth Option;;;10.62;0;0;14-Nov-2008
107503;UTI Fixed Term Income Fund Jan 2008-Plan II (15 Months) - Institutional Growth Option;;;10.6629;0;0;14-Nov-2008
108976;UTI Fixed Term Income Fund May08 Sr IV-Plan 8 (12 Mts)- Growth Option;;;10.4183;0;0;14-Nov-2008
108977;UTI Fixed Term Income Fund May08 Sr IV-Plan 8 (12 Mts)- Instn. Growth Option;;;10.4366;0;0;14-Nov-2008
108975;UTI Fixed Term Income Fund May08 Sr IV-Plan 8 (12 Mts)-Dividend Option;;;10.4182;0;0;14-Nov-2008
108979;UTI Fixed Term Income Fund May08 Sr IV-Plan 9 (24 Mts)- Dividend Option;;;10.36;0;0;14-Nov-2008
108978;UTI Fixed Term Income Fund May08 Sr IV-Plan 9 (24 Mts)- Growth Option;;;10.36;0;0;14-Nov-2008
109054;UTI Fixed Term Income Fund May08 Sr IV-Plan10 (12 Mts)-Dividend Option;;;10.3883;0;0;14-Nov-2008
109051;UTI Fixed Term Income Fund May08 Sr IV-Plan10 (12 Mts)-Growth Option;;;10.3883;0;0;14-Nov-2008
109052;UTI Fixed Term Income Fund May08 Sr IV-Plan10 (12 Mts)-Instn Dividend Option;;;10.4189;0;0;14-Nov-2008
109053;UTI Fixed Term Income Fund May08 Sr IV-Plan10 (12 Mts)-Instn Growth Option;;;10.4189;0;0;14-Nov-2008
107753;UTI Fixed Term Income Fund S-IV - P-III (14 Mths) - Instn. Growth Option;;;10.6696;0;0;14-Nov-2008
107754;UTI Fixed Term Income Fund S-IV - P-III(14 Mths) - Dividend Option;;;10.6249;0;0;14-Nov-2008
107752;UTI Fixed Term Income Fund S-IV - P-III(14 Mths) - Growth Option;;;10.6248;0;0;14-Nov-2008
109387;UTI Fixed Term Income Fund S-V - P-I (13 Mths) - Dividend Option;;;10.3331;0;0;14-Nov-2008
109385;UTI Fixed Term Income Fund S-V - P-I (13 Mths) - Growth Option;;;10.3331;0;0;14-Nov-2008
109386;UTI Fixed Term Income Fund S-V - P-I (13 Mths) - Instn Dividend Option;;;10.3538;0;0;14-Nov-2008
109388;UTI Fixed Term Income Fund S-V - P-I (13 Mths) - Instn Growth Option	;;;10.3537;0;0;14-Nov-2008
109671;UTI Fixed Term Income Fund S-V - P-II (20 Mths) - Dividend Option;;;10.2205;0;0;14-Nov-2008
109672;UTI Fixed Term Income Fund S-V - P-II (20 Mths) - Instn Dividend Option;;;10.2392;0;0;14-Nov-2008
109673;UTI Fixed Term Income Fund S-V - P-II (20 Mths) - Instn Growth Option;;;10.2392;0;0;14-Nov-2008
109674;UTI Fixed Term Income Fund S-V - P-II (20 Mths)- Growth Option;;;10.2205;0;0;14-Nov-2008
110133;UTI Fixed Term Income Fund S-V - P-III (24 Mths) - Dividend Option;;;10.2247;0;0;14-Nov-2008
110134;UTI Fixed Term Income Fund S-V - P-III (24 Mths) - Growth Option;;;10.2248;0;0;14-Nov-2008
110135;UTI Fixed Term Income Fund S-V - P-III (24 Mths) - Instn Growth Option;;;10.2441;0;0;14-Nov-2008
106834;UTI Fixed Term Income Fund-Series III(Plan 18) - Dividend Option;;;10.874;10.5478;0;14-Nov-2008
106835;UTI Fixed Term Income Fund-Series III(Plan 18) - Growth Option;;;10.874;10.5478;0;14-Nov-2008
110738;UTI FMP Quarterly Oct-08 Series -II-  Dividend Option;;;10.0135;0;0;14-Nov-2008
110736;UTI FMP Quarterly Oct-08 Series -II-  Growth Option;;;10.0136;0;0;14-Nov-2008
110737;UTI FMP Quarterly Oct-08 Series -II-  Institutional Dividend Option;;;10.0135;0;0;14-Nov-2008
107837;UTI FMP Yearly February 2008- Dividend  Option;;;10.4557;0;0;14-Nov-2008
107836;UTI FMP Yearly February 2008- Growth Option;;;10.7172;0;0;14-Nov-2008
107835;UTI FMP Yearly February 2008- Institutional Dividend  Option;;;10.4558;0;0;14-Nov-2008
108158;UTI FMP Yearly March 2008 - Growth Option;;;10.556;0;0;14-Nov-2008
108161;UTI FMP Yearly March 2008- Dividend Option;;;10.3209;0;0;14-Nov-2008
108094;UTI FTIF Series-IV Mar08-13 months - Dividend Option;;;10.4137;0;0;14-Nov-2008
108095;UTI FTIF Series-IV Mar08-13 months - Growth Option;;;10.4138;0;0;14-Nov-2008
108123;UTI FTIF Series-IV Plan-V (13 months) - Dividend Option;;;10.5792;0;0;14-Nov-2008
108124;UTI FTIF Series-IV Plan-V (13 months) - Growth Option;;;10.5793;0;0;14-Nov-2008
108126;UTI FTIF Series-IV Plan-V (13 months) - Instn. Growth  Option;;;10.6063;0;0;14-Nov-2008
108472;UTI FTIF Series-IV Plan-VII May’08 (12 months) - Dividend Option;;;10.43;0;0;14-Nov-2008
108473;UTI FTIF Series-IV Plan-VII May’08 (12 months) - Growth Option;;;10.43;0;0;14-Nov-2008
108474;UTI FTIF Series-IV Plan-VII May’08 (12 months) - Inst. Growth Option;;;10.4425;0;0;14-Nov-2008
110656;UTI FTIF Series-V Plan-VII (13 months)- Dividend  Option;;;10.0436;0;0;14-Nov-2008
110657;UTI FTIF Series-V Plan-VII (13 months)-Growth Option;;;10.0436;0;0;14-Nov-2008
106058;UTI Fixed  Income Interval Fund ( Quarterly Interval Plan - I) - Inst Dividend Plan;INF789F01GF4;INF789F01GG2;10.132;10.132;0;14-Nov-2008
106059;UTI Fixed  Income Interval Fund ( Quarterly Interval Plan - I) - Inst Growth Plan;INF789F01GH0;;11.383;11.383;0;14-Nov-2008
106060;UTI Quarterly Interval Fund - I - Regular Plan - Growth Option;INF789F01GE7;;11.3774;11.3774;0;14-Nov-2008
106057;UTI Quarterly Interval Fund - I - Regular Plan - IDCW;INF789F01GC1;INF789F01GD9;10.132;10.132;0;14-Nov-2008
109619;UTI F I I F Series II -Quarterly Interval Plan - V - Instn Dividend Option;INF789F01GX7;INF789F01GY5;10.0244;0;0;14-Nov-2008
109620;UTI F I I F Series II -Quarterly Interval Plan - V - Instn Growth Option;INF789F01GZ2;;10.2929;0;0;14-Nov-2008
109617;UTI Quarterly Interval Fund - II - Regular Plan - Growth Option;INF789F01GW9;;10.2929;0;0;14-Nov-2008
109618;UTI Quarterly Interval Fund - II - Regular Plan - IDCW;INF789F01GU3;INF789F01GV1;10.0245;0;0;14-Nov-2008
110022;UTI F I I F Series II -Quarterly Interval Plan - VI-Institutional Divided Option;INF789F01HD7;INF789F01HE5;10.2112;0;0;14-Nov-2008
110023;UTI F I I F Series II -Quarterly Interval Plan - VI-Institutional Growth Option;INF789F01HF2;;10.2112;0;0;14-Nov-2008
110024;UTI Quarterly Interval Fund - III -Regular Plan - Growth Option;INF789F01HC9;;10.2112;0;0;14-Nov-2008
110021;UTI Quarterly Interval Fund - III -Regular Plan - IDCW;INF789F01HA3;INF789F01HB1;10.2113;0;0;14-Nov-2008
108983;UTI- Fixed Maturity Plan Half Yearly June 2008 - Dividend Option;;;10.4015;0;0;14-Nov-2008
108980;UTI- Fixed Maturity Plan Half Yearly June 2008 - Growth Option;;;10.4015;0;0;14-Nov-2008
108982;UTI- Fixed Maturity Plan Half Yearly June 2008 - Instn. Dividend Option;;;10.4015;0;0;14-Nov-2008
108981;UTI- Fixed Maturity Plan Half Yearly June 2008 - Instn. Growth Option;;;10.4015;0;0;14-Nov-2008
110424;UTI-FTIF Series -V Plan VI ( 13 Mts) - Dividend Option;;;10.1036;0;0;14-Nov-2008
110425;UTI-FTIF Series -V Plan VI ( 13 Mts) - Growth Option;;;10.1036;0;0;14-Nov-2008
110423;UTI-FTIF Series -V Plan VI ( 13 Mts) - Instn Growth Option;;;10.1036;0;0;14-Nov-2008
108165;UTI-FTIF Series IV Plan VI (15 Months) - Dividend Option;;;10.5877;0;0;14-Nov-2008
108162;UTI-FTIF Series IV Plan VI (15 Months) - Growth Option;;;10.5877;0;0;14-Nov-2008
108164;UTI-FTIF Series IV Plan VI (15 Months) - Instn. Growth Option;;;10.5882;0;0;14-Nov-2008
110138;UTI-FTIF Sr.V Plan IV ( 13 Mts) - Dividend Option	;;;10.1805;0;0;14-Nov-2008
110140;UTI-FTIF Sr.V Plan IV ( 13 Mts) - Growth Option;;;10.1805;0;0;14-Nov-2008
110139;UTI-FTIF Sr.V Plan IV ( 13 Mts) - Institutional Growth Option;;;10.1927;0;0;14-Nov-2008
111337;UTI-FTIF Sr.V Plan VIII (13 Mts)-  Dividend Option;;;10.0178;0;0;14-Nov-2008
111335;UTI-FTIF Sr.V Plan VIII (13 Mts)-  Growth Option;;;10.0177;0;0;14-Nov-2008
111336;UTI-FTIF Sr.V Plan VIII (13 Mts)-  Institutional Growth Option;;;10.0187;0;0;14-Nov-2008
111338;UTI-FTIF Sr.V Plan VIII (13 Mts)-  Super Institutional Dividend Option;;;10.0198;0;0;14-Nov-2008
111334;UTI-FTIF Sr.V Plan VIII (13 Mts)-  Super Institutional Growth Option;;;10.0198;0;0;14-Nov-2008
109490;UTI-Short Term FMP Series I-III(251 days) - Dividend Option;;;10.3069;0;0;14-Nov-2008
109491;UTI-Short Term FMP Series I-III(251 days) - Growth Option;;;10.3069;0;0;14-Nov-2008
109492;UTI-Short Term FMP Series I-III(251 days) - Instn. Growth Option;;;10.3069;0;0;14-Nov-2008
109770;UTI-Short Term FMP Series I-V(140 days) - Dividend Option;;;10.1343;0;0;14-Nov-2008
109771;UTI-Short Term FMP Series I-V(140 days) - Growth Option;;;10.2559;0;0;14-Nov-2008
109772;UTI-Short Term FMP Series I-V(140 days) - Instn. Dividend Option;;;10.1343;0;0;14-Nov-2008
109773;UTI-Short Term FMP Series I-V(140 days) - Instn. Growth Option;;;10.2558;0;0;14-Nov-2008
109859;UTI-Short Term FMP Series I-VI(91 days) - Dividend Option;;;10.2434;0;0;14-Nov-2008
109860;UTI-Short Term FMP Series I-VI(91 days) - Growth Option;;;10.2434;0;0;14-Nov-2008
109861;UTI-Short Term FMP Series I-VI(91 days) - Instn Dividend Option;;;10.2434;0;0;14-Nov-2008
109858;UTI-Short Term FMP Series I-VI(91 days) - Instn Growth Option;;;10.2434;0;0;14-Nov-2008
110219;UTI-Short Term FMP Series I-VIII (181days) - Dividend Option;;;10.1972;0;0;14-Nov-2008
110220;UTI-Short Term FMP Series I-VIII (181days) - Growth Option;;;10.1972;0;0;14-Nov-2008
110221;UTI-Short Term FMP Series I-VIII (181days) - Instn Growth Option;;;10.1972;0;0;14-Nov-2008
110222;UTI-Short Term FMP Series I-VIII (181days) - Instn. Dividend Option;;;10.1972;0;0;14-Nov-2008
110476;UTI-Short Term FMP Series-I -X (90Days) - Dividend Option;;;10.1159;0;0;14-Nov-2008
110474;UTI-Short Term FMP Series-I -X (90Days) - Growth Option;;;10.1158;0;0;14-Nov-2008
110477;UTI-Short Term FMP Series-I -X (90Days) - Instn Growth Option;;;10.1165;0;0;14-Nov-2008
110475;UTI-Short Term FMP Series-I -X (90Days) - Instn. Dividend Option;;;10.1165;0;0;14-Nov-2008
110084;UTI-Short Term FMP Sr-I -7 ( 93D ) - Dividend Option;;;10.1959;0;0;14-Nov-2008
110085;UTI-Short Term FMP Sr-I -7 ( 93D ) - Growth Option;;;10.196;0;0;14-Nov-2008
110083;UTI-Short Term FMP Sr-I -7 ( 93D ) - Institutional Dividend Option;;;10.196;0;0;14-Nov-2008
110086;UTI-Short Term FMP Sr-I -7 ( 93D ) - Institutional Growth Option;;;10.1959;0;0;14-Nov-2008
110279;UTI-Short Term FMP Sr-I -9 ( 90D ) -  Dividend Option;;;10.1669;0;0;14-Nov-2008
110281;UTI-Short Term FMP Sr-I -9 ( 90D ) -  Growth Option;;;10.1669;0;0;14-Nov-2008
110280;UTI-Short Term FMP Sr-I -9 ( 90D ) -  Institutional Dividend Option;;;10.1669;0;0;14-Nov-2008
110278;UTI-Short Term FMP Sr-I -9 ( 90D ) - Institutional Growth Option;;;10.1669;0;0;14-Nov-2008
110729;UTI-Short Term FMP Sr-II -I ( 91D ) -  Dividend Option;;;10.0301;0;0;14-Nov-2008
110731;UTI-Short Term FMP Sr-II -I ( 91D ) -  Growth Option;;;10.0301;0;0;14-Nov-2008
110730;UTI-Short Term FMP Sr-II -I ( 91D ) -  Institutional Dividend Option;;;10.0307;0;0;14-Nov-2008

Close Ended Schemes ( Growth )


Canara Robeco Mutual Fund
104861;Canara Robeco Multicap-DIVIDEND OPTION;INF760K01AU7;INF760K01AV5;7.0000;7.0000;0.0000;14-Nov-2008
104860;Canara Robeco Multicap-GROWTH OPTION;INF760K01AW3;;7.0000;7.0000;0.0000;14-Nov-2008

ING Mutual Fund
104408;ING Dynamic Asset Allocation Fund - Bonus Option;;;9.8165;9.8165;9.8165;14-Nov-2008
104407;ING Dynamic Asset Allocation Fund- Dividend Option;;;9.8165;9.8165;9.8165;14-Nov-2008
104406;ING Dynamic Asset Allocation Fund- Growth Option;;;9.8165;9.8165;9.8165;14-Nov-2008

Principal Mutual Fund
106723;Principal Pnb Long Term Equity Fund 3 Year Plan Series II - Dividend Option;;;4.8400;4.8400;4.8400;14-Nov-2008
106722;Principal Pnb Long Term Equity Fund 3 Year Plan Series II - Growth Option;;;4.8400;4.8400;4.8400;14-Nov-2008

SBI Mutual Fund
104765;SBI ONE INDIA FUND - REPURCHASE NAV- DIVIDEND;;;5.43;5.43;0;14-Nov-2008
104764;SBI ONE INDIA FUND - REPURCHASE NAV- GROWTH;;;5.43;5.43;0;14-Nov-2008
106097;OLD-SBI INFRASTRUCTURE FUND - SERIES I REPURCHASE DIVIDEND (6/7/2007);;;5.39;5.39;0;14-Nov-2008
106098;OLD-SBI INFRASTRUCTURE FUND - SERIES I REPURCHASE GROWTH (6/7/2007);;;5.39;5.39;0;14-Nov-2008

Sundaram Mutual Fund
104998;Sundaram Select Small Cap Dividend;;;5.3521;5.3521;0.0000;14-Nov-2008
104999;Sundaram Select Small Cap- Growth;;;5.3518;5.3518;0.0000;14-Nov-2008

UTI Mutual Fund
107432;UTI - Infrastructure Advantage Fund - Growth Option;;;5.71;0;0;14-Nov-2008
107431;UTI - Infrastructure Advantage Fund -Dividend Option;;;5.71;0;0;14-Nov-2008
104459;UTI Wealth Builder Fund - Dividend Option;;;7.82;0;0;14-Nov-2008
104460;UTI Wealth Builder Fund - Growth Option;;;7.82;0;0;14-Nov-2008

Close Ended Schemes ( Balanced )


Kotak Mahindra Mutual Fund
104525;Kotak Dynamic Asset Allocation Scheme - Growth;;;7.003;7.003;7.003;14-Nov-2008

Close Ended Schemes ( ELSS )


Bandhan Mutual Fund
108864;IDFC Tax Saver (ELSS) Fund A DIVIDEND;INF194K01276;INF194K01284;7.2131;7.2131;7.2131;14-Nov-2008
108865;IDFC Tax Saver (ELSS) Fund A GROWTH;INF194K01268;;7.2133;7.2133;7.2133;14-Nov-2008

Franklin Templeton Mutual Fund
100558;Franklin India Taxshield 99;;;47.7379;47.7379;47.7379;14-Nov-2008

ING Mutual Fund
105324;ING RetireInvest Fund Series I - Dividend;INF084M01143;;6.92;0;0;14-Nov-2008
105325;ING RetireInvest Fund Series I - Growth;INF084M01135;;6.92;0;0;14-Nov-2008

Invesco Mutual Fund
107714;Invesco India AGILE Tax Fund - Dividend Option;INF205K01FT4;;4.97;0.00;0.00;14-Nov-2008
107773;Invesco India AGILE Tax Fund - Growth Option;INF205K01FS6;;4.96;0.00;0.00;14-Nov-2008

JM Financial Mutual Fund
104639;JM Equity Tax Saver Fund - Series I - Dividend Plan;;;4.8296;0.0000;0.0000;14-Nov-2008
104640;JM Equity Tax Saver Fund - Series I - Growth Plan;;;4.8296;0.0000;0.0000;14-Nov-2008

Nippon India Mutual Fund
107900;Reliance Equity Linked Saving Fund - Series I - Dividend Plan;INF204K01ON2;;6.8120;6.8120;6.8120;14-Nov-2008
107901;Reliance Equity Linked Saving Fund - Series I - Growth Plan;INF204K01OM4;;6.8120;6.8120;6.8120;14-Nov-2008

Tata Mutual Fund
103470;Tata Tax Advantage Fund -1;INF277K01HK8;;7.8245;0.0000;0.0000;14-Nov-2008

UTI Mutual Fund
101834;UTI - Master Equity Plan Unit Scheme;;;27.94;27.94;0;14-Nov-2008
105497;UTI Long Term Advantage Fund  - Dividend Option;;;6.5;0;0;14-Nov-2008
105498;UTI Long Term Advantage Fund  - Growth Option;;;6.5;0;0;14-Nov-2008
108231;UTI-Long Term Advantage Fund Series -II - Growth Option;;;7.39;0;0;14-Nov-2008
108232;UTI-Long Term Advantage Fund Series-II - Dividend Option;;;7.39;0;0;14-Nov-2008

Close Ended Schemes ( Fund of Funds - Domestic )


ING Mutual Fund
106865;ING OptiMix Dynamic Multi Manager FoF Scheme-Series IV - Dividend Option;;;7.8659;7.7163;0.0000;14-Nov-2008
106866;ING OptiMix Dynamic Multi Manager FoF Scheme-Series IV - Growth Option;;;7.8659;7.7163;0.0000;14-Nov-2008
104368;ING OptiMix Dynamic Multi-Manager FoF Scheme - Dividend;;;9.6953;9.5448;0.0000;14-Nov-2008
104367;ING OptiMix Dynamic Multi-Manager FoF Scheme - Growth;;;9.6953;9.5448;0.0000;14-Nov-2008
104759;ING OptiMix Dynamic Multi-Manager FoF Scheme - Series II- Dividend;;;9.7800;9.5595;0.0000;14-Nov-2008
104758;ING OptiMix Dynamic Multi-Manager FoF Scheme - Series II- Growth;;;9.7800;9.5595;0.0000;14-Nov-2008
106318;ING OptiMix Dynamic Multi-Manager FoF Scheme - Series III - Dividend;;;8.3992;8.2535;0.0000;14-Nov-2008
106319;ING OptiMix Dynamic Multi-Manager FoF Scheme - Series III - Growth;;;8.3992;8.2535;0.0000;14-Nov-2008
107048;ING OptiMix Equity Multi Manager FoF Scheme-Series II Dividend Option;;;5.3818;5.1132;0.0000;14-Nov-2008
107049;ING OptiMix Equity Multi Manager FoF Scheme-Series II Growth Option;;;5.3818;5.1132;0.0000;14-Nov-2008
104626;ING OptiMix Equity Multi-Manager FoF Scheme-Dividend;;;7.2305;7.0225;0.0000;14-Nov-2008
104625;ING OptiMix Equity Multi-Manager FoF Scheme-Growth;;;7.2305;7.0225;0.0000;14-Nov-2008

Kotak Mahindra Mutual Fund
106847;Kotak Blended FOF - Dividend;;;9.734;9.734;9.734;14-Nov-2008
103791;Kotak Flexi Fund of Fund-Series I-Dividend;;;10.722;10.722;10.722;14-Nov-2008
103792;Kotak Flexi Fund of Fund-Series I-Growth;;;10.72;10.72;10.72;14-Nov-2008
104129;Kotak Flexi Fund of Funds Series II - Dividend;;;11.003;11.003;11.003;14-Nov-2008

Interval Fund Schemes ( Income )


LIC Mutual Fund
108438;LIC MF Interval Fund Annual Plan-Series 1-Regular Plan-Dividend;INF767K01329;INF767K01337;10.5596;10.5596;0.0000;14-Nov-2008
108439;LIC MF Interval Fund Annual Plan-Series 1-Regular Plan-Growth;INF767K01345;;10.5596;10.5596;0.0000;14-Nov-2008
108416;LIC MF Interval Fund Monthly Plan-Series 1-Regular Plan-Dividend;INF767K01295;INF767K01303;10.0731;10.0731;0.0000;14-Nov-2008
108417;LIC MF Interval Fund Monthly Plan-Series 1-Regular Plan-Growth;INF767K01311;;10.5510;10.5510;0.0000;14-Nov-2008
108408;LIC MF Interval Fund Quarterly Plan-Series 1-Regular Plan-Dividend;INF767K01238;INF767K01246;10.0141;10.0141;0.0000;14-Nov-2008
108411;LIC MF Interval Fund Quarterly Plan-Series 1-Regular Plan-Growth;INF767K01253;;10.5615;10.5615;0.0000;14-Nov-2008
109917;LIC MF Interval Fund Quarterly Plan-Series 2-Regular Plan-Dividend;INF767K01261;INF767K01279;10.2418;10.2418;0.0000;14-Nov-2008
109916;LIC MF Interval Fund Quarterly Plan-Series 2-Regular Plan-Growth;INF767K01287;;10.2418;10.2418;0.0000;14-Nov-2008

Nippon India Mutual Fund
105660;NIPPON INDIA ANNUAL INTERVAL FUND - SERIES I - IDCW Option;INF204K01ED4;INF204K01EE2;11.2261;11.2261;11.2261;14-Nov-2008
105662;NIPPON INDIA ANNUAL INTERVAL FUND - SERIES I - RETAIL Plan - IDCW Option;INF204K01EA0;INF204K01EB8;10.1164;10.1164;10.1164;14-Nov-2008
105663;Nippon India Interval Fund Annual Interval Fund Series-I- Growth Option;INF204K01EC6;;11.2261;11.2261;11.2261;14-Nov-2008
105661;Nippon India Interval Fund Annual Interval Fund Series-I-Retail Plan Growth Option;INF204K01DZ9;;11.1558;11.1558;11.1558;14-Nov-2008
105229;Nippon India Interval Fund-Monthly Interval Fund-Series-I- Growth Option;INF204K01CV0;;11.6210;11.6210;11.6210;14-Nov-2008
105232;Nippon India Interval Fund-Monthly Interval Fund-Series-I-Institutional Plan-Dividend Option;INF204K01CZ1;INF204K01DA2;10.0000;10.0000;10.0000;14-Nov-2008
105230;NIPPON INDIA MONTHLY INTERVAL FUND - SERIES I - IDCW Option;INF204K01CW8;INF204K01CX6;10.0044;10.0044;10.0044;14-Nov-2008
105231;Reliance Interval Fund-Monthly Interval Fund-Series-I-Institutional Plan-Growth Option;INF204K01CY4;;11.6430;11.6430;11.6430;14-Nov-2008
105400;Nippon India Interval Fund-Monthly Interval Fund-Series-II -Growth Option;INF204K01DB0;;11.5792;11.5792;11.5792;14-Nov-2008
105402;Nippon India Interval Fund-Monthly Interval Fund-Series-II-Institutional Plan-Dividend Option;INF204K01DF1;INF204K01DG9;10.0500;10.0500;10.0500;14-Nov-2008
105401;NIPPON INDIA MONTHLY INTERVAL FUND - SERIES II - IDCW Option;INF204K01DC8;INF204K01DD6;10.0494;10.0494;10.0494;14-Nov-2008
105399;Reliance Interval Fund-Monthly Interval Fund-Series-II-Institutional Plan-Growth Option;INF204K01DE4;;11.5995;11.5995;11.5995;14-Nov-2008
105691;Nippon India Interval Fund-Quarterly Interval Fund Serie-II-Institutional Plan -Dividend Option;INF204K01DR6;INF204K01DS4;10.0239;10.0239;10.0239;14-Nov-2008
105689;Nippon India Interval Fund-Quarterly Interval Fund Series-II-Growth Option;INF204K01DN5;;11.4685;11.4685;11.4685;14-Nov-2008
105692;NIPPON INDIA QUARTERLY INTERVAL FUND - SERIES II - IDCW Option;INF204K01DO3;INF204K01DP0;10.0346;10.0346;10.0346;14-Nov-2008
105690;Reliance Interval Fund-Quarterly Interval Fund Serie-II-Institutional Plan Growth Option;INF204K01DQ8;;11.4897;11.4897;11.4897;14-Nov-2008
105434;NIPPON INDIA INTERVAL FUND - QUARTERLY PLAN - SERIES I - IDCW Option;INF204K01DI5;INF204K01DJ3;10.1214;10.1214;10.1214;14-Nov-2008
105436;NIPPON INDIA INTERVAL FUND - QUARTERLY PLAN - SERIES I - INSTITUTIONAL IDCW Option;INF204K01DL9;INF204K01DM7;10.1252;10.1252;10.1252;14-Nov-2008
105433;Nippon India Interval Fund-Quarterly Interval Fund-Series-I - Growth Option;INF204K01DH7;;11.5981;11.5981;11.5981;14-Nov-2008
105435;Reliance Interval Fund-Quarterly Interval Fund-Series-I-Institutional Plan-Growth Option;INF204K01DK1;;11.6210;11.6210;11.6210;14-Nov-2008
105884;Nippon India Interval Fund-Quarterly Interval Fund-Series-III- Growth Option;INF204K01DT2;;11.4067;11.4067;11.4067;14-Nov-2008
105882;Nippon India Interval Fund-Quarterly Interval Fund-Series-III-Institutional Plan-Growth Option;INF204K01DW6;;11.4250;11.4250;11.4250;14-Nov-2008
105885;NIPPON INDIA QUARTERLY INTERVAL FUND - SERIES III - IDCW Option;INF204K01DU0;INF204K01DV8;10.1964;10.1964;10.1964;14-Nov-2008
105883;NIPPON INDIA QUARTERLY INTERVAL FUND - SERIES III - INSTITUTIONAL IDCW Option;INF204K01DX4;INF204K01DY2;10.2025;10.2025;10.2025;14-Nov-2008
