Scheme Code;Scheme Name;ISIN Div Payout/ISIN Growth;ISIN Div Reinvestment;Net Asset Value;Repurchase Price;Sale Price;Date

Open Ended Schemes ( Income )


Aditya Birla Sun Life Mutual Fund
106270;BIRLA SUN LIFE CAPITAL PROTECTION ORIENTED FUND-3 YRS- DIVIDEND;;;11.6092;11.6092;11.6092;23-Jun-2010
106269;BIRLA SUN LIFE CAPITAL PROTECTION ORIENTED FUND-3 YRS- GROWTH;;;11.6092;11.6092;11.6092;23-Jun-2010
106271;BIRLA SUN LIFE CAPITAL PROTECTION ORIENTED FUND-5 YRS-DIVIDEND;;;12.1928;12.1928;12.1928;23-Jun-2010
106272;BIRLA SUN LIFE CAPITAL PROTECTION ORIENTED FUND-5 YRS-GROWTH;;;12.1928;12.1928;12.1928;23-Jun-2010
100970;Aditya Birla Sun Life MIP - Regular Plan - Growth;INF209K01694;;25.2911;25.2279;25.2911;23-Jun-2010
100971;Aditya Birla Sun Life MIP - Regular Plan - Monthly Dividend;INF209K01702;;11.3783;11.3499;11.3783;23-Jun-2010
100972;Aditya Birla Sun Life MIP - Regular Plan - Monthly Payment;INF209K01710;;25.2911;25.2279;25.2911;23-Jun-2010
101713;Aditya Birla Sun Life MIP II - Saving 5 Plan - Growth - Regular Plan;INF209K01728;;16.7447;16.5773;16.7447;23-Jun-2010
101711;Aditya Birla Sun Life MIP II - Savings 5 Plan - Monthly Dividend - Regular Plan;INF209K01736;INF209K01DE3;11.2645;11.1519;11.2645;23-Jun-2010
101712;Aditya Birla Sun Life MIP II - Savings 5 Plan - Monthly Growth /Payment;INF209K01744;;16.7447;16.5773;16.7447;23-Jun-2010
103184;Aditya Birla Sun Life Monthly Income - Dividend - Regular Plan;INF209K01AX9;INF209K01DX3;11.3002;11.1872;11.3002;23-Jun-2010
103185;Aditya Birla Sun Life Monthly Income - Growth - Regular Plan;INF209K01AZ4;;34.7970;34.4490;34.7970;23-Jun-2010
103186;Aditya Birla Sun Life Monthly Income - Quarterly Dividend - Regular Plan;INF209K01AY7;INF209K01DY1;11.9224;11.8032;11.9224;23-Jun-2010

Bandhan Mutual Fund
108784;BANDHAN Dynamic Bond Fund - Annual Dividend;INF194K01QE9;INF194K01QD1;11.8501;11.8501;11.8501;23-Jun-2010
108554;BANDHAN Dynamic Bond Fund - Quarterly Dividend;INF194K01QB5;INF194K01QA7;10.7353;10.7353;10.7353;23-Jun-2010
108625;IDFC - SSIF - ST -Plan B - Growth;INF194K01HM1;;10.7914;10.7914;10.7914;23-Jun-2010
108759;IDFC - SSIF - ST -Plan B - Monthly Dividend;INF194K01HO7;INF194K01HN9;10.0889;10.0889;10.0889;23-Jun-2010
112367;IDFC - SSIF - Short Term- Plan F Growth;INF194K01IH9;;10.2051;10.2051;10.2051;23-Jun-2010
108786;IDFC Dynamic Bond Fund - Growth;INF194K01PZ6;;18.4385;18.4385;18.4385;23-Jun-2010
108742;IDFC Money Manager Fund-Investment Plan-Regular Plan-Daily Div.;INF194K01NW8;INF194K01NV0;10.0150;10.0150;10.0150;23-Jun-2010
108736;IDFC Money Manager Fund-Investment Plan-Regular Plan-Growth;INF194K01NO5;;14.5046;14.5046;14.5046;23-Jun-2010
108739;IDFC Money Manager Fund-Investment Plan-Regular Plan-Monthly Div.;INF194K01OC8;INF194K01OB0;10.0334;10.0334;10.0334;23-Jun-2010
108740;IDFC Money Manager Fund-Investment Plan-Regular Plan-Weekly Div.;INF194K01NZ1;INF194K01NY4;10.0250;10.0250;10.0250;23-Jun-2010
109247;IDFC-Money Manager Fund-Investment Plan A-Weekly Div.;INF194K01NM9;INF194K01NL1;10.0195;10.0195;10.0195;23-Jun-2010
108734;IDFC-Money Manager Fund-Investment Plan-Annual Div.;INF194K01NA4;INF194K01MZ3;11.1985;11.1985;11.1985;23-Jun-2010
108732;IDFC-Money Manager Fund-Investment Plan-Growth;INF194K01MY6;;14.2295;14.2295;14.2295;23-Jun-2010
108741;IDFC-Money Manager Fund-Investment Plan-Plan A-Daily Div.;INF194K01NG1;INF194K01NF3;10.0150;10.0150;10.0150;23-Jun-2010
108735;IDFC-Money Manager Fund-Investment Plan-Plan A-Monthly Div.;INF194K01NJ5;INF194K01NI7;10.0733;10.0733;10.0733;23-Jun-2010
108733;IDFC-Money Manager Fund-Investment Plan-Qtrly Div.;INF194K01ND8;INF194K01NC0;10.3165;10.3165;10.3165;23-Jun-2010
112362;IDFC Money Manager Fund - Investment Plan- Plan F Growth;INF194K01OE4;;10.1621;10.1621;10.1621;23-Jun-2010
111922;IDFC-Money Manager Fund-Treasury  Plan D-Growth;INF194K01MN9;;10.4044;10.4044;10.4044;23-Jun-2010
111923;IDFC-Money Manager Fund-Treasury Plan  D-Daily Dividend;INF194K01MP4;INF194K01MR0;10.0007;10.0007;10.0007;23-Jun-2010
108676;IDFC-Money Manager Fund-Treasury Plan-Plan B - Growth;INF194K01LT8;;14.8954;14.8954;14.8954;23-Jun-2010
108677;IDFC-Money Manager Fund-Treasury Plan-Plan B-Daily Div;INF194K01LY8;INF194K01LX0;10.0703;10.0703;10.0703;23-Jun-2010
108679;IDFC-Money Manager Fund-Treasury Plan-Plan B-Mon Div;INF194K01LV4;INF194K01LU6;10.1003;10.1003;10.1003;23-Jun-2010
108678;IDFC-Money Manager Fund-Treasury Plan-Plan B-Weekly Div;INF194K01MB4;INF194K01MA6;10.0305;10.0305;10.0305;23-Jun-2010
112364;IDFC-Money Manager Fund-Treasury Plan-Plan F  Growth;INF194K01MU4;;10.1550;10.1550;10.1550;23-Jun-2010
111681;IDFC SSIF - MT (Plan B)Inst- Growth Plan;INF194K01KK9;;10.1909;10.1909;10.1909;23-Jun-2010
111680;IDFC SSIF - MT (Plan B) Inst - Dividend;INF194K01KV6;INF194K01KU8;11.3948;11.3948;11.3948;23-Jun-2010
112397;IDFC Super Saver Income Fund- MT-Plan F Growth;INF194K01LF7;;10.3761;10.3761;10.3761;23-Jun-2010
111532;IDFC-SSIF-Investment Plan B DIVIDEND;INF194K01JG9;INF194K01JF1;10.5611;10.5611;10.5611;23-Jun-2010
111529;IDFC-SSIF-Investment Plan B- GROWTH;INF194K01IV0;;10.8811;10.8811;10.8811;23-Jun-2010
111761;IDFC-SSIF-Investment Plan C- DIVIDEND;INF194K01JK1;INF194K01JJ3;10.4224;10.4224;10.4224;23-Jun-2010
111762;IDFC-SSIF-Investment Plan C- GROWTH;INF194K01JI5;;10.5032;10.5032;10.5032;23-Jun-2010

Baroda BNP Paribas Mutual Fund
112314;Baroda Pioneer PSU Bond Fund - Plan A - Growth Option;INF955L01245;;10.3760;10.3241;10.3760;23-Jun-2010
112345;Baroda Pioneer PSU Bond Fund - Plan A - Monthly Dividend Option;INF955L01252;INF955L01260;10.0853;10.0349;10.0853;23-Jun-2010
112346;Baroda Pioneer PSU Bond Fund - Plan A - Quarterly Dividend Option;INF955L01278;INF955L01286;10.2533;10.2020;10.2533;23-Jun-2010

Canara Robeco Mutual Fund
110147;Canara Robeco Interval Scheme Series2 (Quarterly Plan2) - Regular Plan - Dividend Option;INF760K01BG4;;10.0218;10.0218;10.0218;23-Jun-2010
110146;Canara Robeco Interval Scheme Series2 (Quarterly Plan2) - Regular Plan - Growth Option;INF760K01BH2;;10.4668;10.4668;10.4668;23-Jun-2010
110148;Canara Robeco Interval Scheme Series2 (Quarterly Plan2) - Retail Plan - Dividend Option;INF760K01BI0;;10.0218;10.0218;10.0218;23-Jun-2010
110145;Canara Robeco Interval Scheme Series2 (Quarterly Plan2) - Retail Plan - Growth Option;INF760K01BJ8;;10.9360;10.9360;10.9360;23-Jun-2010
111879;Canara Robeco Short Term Fund- Institutional Plan - Growth;INF760K01688;;10.8219;10.8219;10.8219;23-Jun-2010
111880;Canara Robeco Short Term Fund- Institutional Plan - Monthly Dividend;INF760K01662;INF760K01670;10.1621;10.1621;10.1621;23-Jun-2010
112080;Canara Robeco Short Term Fund- Institutional Plan - Weekly Dividend;;INF760K01696;10.1200;10.1200;10.1200;23-Jun-2010
111883;Canara Robeco Short Term Fund- Regular Plan - Growth;INF760K01720;;10.7574;10.7574;10.7574;23-Jun-2010
111882;Canara Robeco Short Term Fund- Regular Plan - Monthly Dividend;INF760K01704;INF760K01712;10.1585;10.1585;10.1585;23-Jun-2010
112081;Canara Robeco Short Term Fund- Regular Plan - Weekly Dividend;;INF760K01738;10.1200;10.1200;10.1200;23-Jun-2010

Deutsche Mutual Fund
108195;DWS CASH OPPORTUNITIES FUND - DAILY DIV;;INF223J01AD4;10.0271;9.9268;10.0271;23-Jun-2010
106036;DWS CASH OPPORTUNITIES FUND - FORTNIGHTLY DIV;INF223J01AE2;INF223J01AF9;10.1454;10.0439;10.1454;23-Jun-2010
105973;DWS CASH OPPORTUNITIES FUND - GR;INF223J01AG7;;12.4331;12.3088;12.4331;23-Jun-2010
105974;DWS CASH OPPORTUNITIES FUND - MONTHLY DIV;INF223J01AH5;INF223J01AI3;10.2341;10.1318;10.2341;23-Jun-2010
106035;DWS CASH OPPORTUNITIES FUND - WEEKLY DIV;INF223J01AJ1;INF223J01AK9;10.1062;10.0051;10.1062;23-Jun-2010
107382;DWS CASH OPPORTUNITIES FUND INSTITUTIONAL - MONTHLY DIV;INF223J01986;INF223J01994;10.3227;10.2195;10.3227;23-Jun-2010
108245;DWS CASH OPPORTUNITIES FUND INSTITUTIONAL -Fortnightly;INF223J01952;INF223J01960;10.0962;9.9952;10.0962;23-Jun-2010
107380;DWS CASH OPPORTUNITIES FUND INSTITUTIONAL -GR;INF223J01978;;11.9377;11.8183;11.9377;23-Jun-2010
108243;DWS CASH OPPORTUNITIES FUND INSTITUTIONAL -Weekly;INF223J01AA0;INF223J01AB8;10.0811;9.9803;10.0811;23-Jun-2010
108244;DWS CASH OPPORTUNITIES FUND INSTITUTIONAL-Daily;;INF223J01945;10.0243;9.9241;10.0243;23-Jun-2010
106882;DWS Income Advantage Fund - Dividend;INF223J01CA6;INF223J01CB4;10.5379;10.4325;10.5379;23-Jun-2010
106881;DWS Income Advantage Fund - Growth;INF223J01BZ5;;12.4711;12.3464;12.4711;23-Jun-2010
106884;DWS Income Advantage FUND- Inst-Div;INF223J01BW2;INF223J01BX0;10.6116;10.5055;10.6116;23-Jun-2010
106883;DWS Income Advantage Fund- Inst-Gr;INF223J01BV4;;10.6977;10.5907;10.6977;23-Jun-2010
104426;DWS Low Duration Fund - Daily Dividend;;INF223J01CC2;10.0790;10.0538;10.0790;23-Jun-2010
104425;DWS Low Duration Fund - Growth;;INF223J01CE8;10.5274;10.5011;10.5274;23-Jun-2010
104428;DWS Low Duration Fund - Monthly Dividend;INF223J01CF5;INF223J01CG3;10.5451;10.5187;10.5451;23-Jun-2010
110073;DWS Low Duration Fund - Regular Plan - Bonus;INF223J01CJ7;;10.9762;10.9488;10.9762;23-Jun-2010
104234;DWS Low Duration Fund - Regular Plan - Daily Dividend;;INF223J01CK5;10.0645;10.0393;10.0645;23-Jun-2010
103591;DWS Low Duration Fund - Regular Plan - Growth;INF223J01CL3;;13.4160;13.3825;13.4160;23-Jun-2010
103590;DWS Low Duration Fund - Regular Plan - Monthly Dividend;INF223J01CM1;INF223J01CN9;10.3043;10.2785;10.3043;23-Jun-2010
103592;DWS Low Duration Fund - Regular Plan - Weekly Dividend;INF223J01CO7;INF223J01CP4;10.1595;10.1341;10.1595;23-Jun-2010
101731;DWS Premier Bond Fund - Annual Dividend;INF223J01CY6;INF223J01CZ3;12.6959;12.5055;12.6959;23-Jun-2010
101732;DWS Premier Bond Fund - Growth;INF223J01DB2;;15.9810;15.7413;15.9810;23-Jun-2010
111554;DWS Premier Bond Fund - Institutional Plan - Growth;INF223J01CT6;;11.0706;10.9045;11.0706;23-Jun-2010
111552;DWS Premier Bond Fund - Institutional Plan - Monthly Dividend;INF223J01CU4;INF223J01CV2;10.2900;10.1356;10.2900;23-Jun-2010
101730;DWS Premier Bond Fund - Monthly Dividend;INF223J01DC0;INF223J01DD8;12.3915;12.2056;12.3915;23-Jun-2010
101729;DWS Premier Bond Fund - Quarterly Dividend;INF223J01DE6;INF223J01DF3;11.7336;11.5576;11.7336;23-Jun-2010
101627;DWS Short Maturity Fund - Growth;INF223J01DT4;;16.8546;16.7703;16.8546;23-Jun-2010
111556;DWS Short Maturity Fund - Institutional Plan - Growth;INF223J01DG1;;11.2523;11.1960;11.2523;23-Jun-2010
111557;DWS Short Maturity Fund - Institutional Plan - Monthly Dividend;INF223J01DH9;INF223J01DI7;10.2588;10.2075;10.2588;23-Jun-2010
111558;DWS Short Maturity Fund - Institutional Plan - Weekly Dividend;INF223J01DJ5;INF223J01DK3;10.4088;10.3568;10.4088;23-Jun-2010
101625;DWS Short Maturity Fund - Monthly Dividend;INF223J01DU2;INF223J01DV0;11.4978;11.4403;11.4978;23-Jun-2010
101626;DWS Short Maturity Fund - Weekly Dividend;INF223J01DX6;INF223J01DY4;10.2333;10.1821;10.2333;23-Jun-2010
109301;DWS Ultra Short Term Fund - Daily Dividend;;INF223J01FH4;10.0179;10.0179;10.0179;23-Jun-2010
109302;DWS Ultra Short Term Fund - Growth;INF223J01FK8;;10.9537;10.9537;10.9537;23-Jun-2010
109303;DWS Ultra Short Term Fund - Monthly Dividend;INF223J01FL6;INF223J01FM4;10.1125;10.1125;10.1125;23-Jun-2010
111870;DWS Ultra Short Term Fund - Premium Plus Plan - Daily Dividend;;INF223J01FS1;10.0213;10.0213;10.0213;23-Jun-2010
110072;DWS Ultra Short Term Fund - Regular Plan - Bonus;INF223J01GA7;;11.0503;11.0503;11.0503;23-Jun-2010
107821;DWS Ultra Short Term Fund - Regular Plan - Daily Dividend;;INF223J01FW3;10.0215;10.0215;10.0215;23-Jun-2010
107820;DWS Ultra Short Term Fund - Regular Plan - Growth;INF223J01FX1;;15.1319;15.1319;15.1319;23-Jun-2010
107823;DWS Ultra Short Term Fund - Regular Plan - Monthly Dividend;INF223J01FY9;INF223J01FZ6;10.2214;10.2214;10.2214;23-Jun-2010
107822;DWS Ultra Short Term Fund - Regular Plan - Weekly Dividend;INF223J01GB5;INF223J01GC3;10.5080;10.5080;10.5080;23-Jun-2010
109300;DWS Ultra Short Term Fund - Weekly Dividend;INF223J01FO0;INF223J01FP7;10.0846;10.0846;10.0846;23-Jun-2010

DSP Mutual Fund
101742;DSP BlackRock Savings Manager Fund - Moderate-Growth;;;19.1206;18.9294;19.1206;23-Jun-2010
101743;DSP BlackRock Savings Manager Fund - Moderate-Monthly Dividend;;;11.3772;11.2634;11.3772;23-Jun-2010
101744;DSP BlackRock Savings Manager Fund - Moderate-Quarterly Dividend;;;11.8184;11.7002;11.8184;23-Jun-2010
111785;DSP BlackRock Strategic Bond Fund - Regular Plan - Daily Dividend;;;1001.5000;1001.5000;1001.5000;23-Jun-2010
105665;DSP BlackRock Strategic Bond Fund - Regular Plan - Dividend;INF740K01QT7;INF740K01QW1;1040.4912;1040.4912;1040.4912;23-Jun-2010
105666;DSP BlackRock Strategic Bond Fund - Regular Plan - Growth;INF740K01QU5;;1191.9712;1191.9712;1191.9712;23-Jun-2010
105664;DSP BlackRock Strategic Bond Fund - Regular Plan - Monthly Dividend;INF740K01698;INF740K01QX9;1020.5481;1020.5481;1020.5481;23-Jun-2010
105877;DSP BlackRock Strategic Bond Fund - Regular Plan - Weekly Dividend;;;1004.5675;1004.5675;1004.5675;23-Jun-2010
104143;DSP BlackRock Ultra Short Fund - Institutional Plan - Daily Dividend Reinvest;;;1000.8000;1000.8000;1000.8000;23-Jun-2010
104142;DSP BlackRock Ultra Short Fund - Institutional Plan - Growth;INF740K01FS2;;1295.1504;1295.1504;1295.1504;23-Jun-2010
104141;DSP BlackRock Ultra Short Fund - Institutional Plan - Weekly Dividend;;;1001.5553;1001.5553;1001.5553;23-Jun-2010
103275;DSP Credit Risk Fund - Institutional Plan-Daily Dividend Reinvest;;;1000.5452;1000.5452;1000.5452;23-Jun-2010
103274;DSP Credit Risk Fund - Institutional Plan-Dividend;INF740K01FP8;INF740K01FO1;1016.8852;1016.8852;1016.8852;23-Jun-2010
103277;DSP Credit Risk Fund - Institutional Plan-Growth;INF740K01FN3;;1340.9665;1340.9665;1340.9665;23-Jun-2010
103276;DSP Credit Risk Fund - Institutional Plan-Weekly Dividend Reinvest;;;1001.4206;1001.4206;1001.4206;23-Jun-2010

Edelweiss Mutual Fund
109955;Edelweiss Bond Fund  - Growth Option;INF754K01AH7;;11.2022;11.1910;11.2022;23-Jun-2010
109950;Edelweiss Bond Fund - Daily Dividend Option;;INF754K01AL9;10.0000;9.9900;10.0000;23-Jun-2010
109954;Edelweiss Bond Fund - Monthly Dividend Option;INF754K01AI5;INF754K01AK1;10.0294;10.0194;10.0294;23-Jun-2010
109956;Edelweiss Bond Fund - Retail Plan - Daily Dividend Option;;INF754K01AE4;10.0000;9.9900;10.0000;23-Jun-2010
109953;Edelweiss Bond Fund - Retail Plan - Fortnightly Dividend Option;;INF754K01AG9;10.0159;10.0059;10.0159;23-Jun-2010
109949;Edelweiss Bond Fund - Retail Plan - Growth Option;INF754K01AA2;;11.1597;11.1485;11.1597;23-Jun-2010
109958;Edelweiss Bond Fund - Retail Plan - Monthly Dividend Option;INF754K01AB0;INF754K01AD6;10.1020;10.0919;10.1020;23-Jun-2010
109951;Edelweiss Bond Fund - Retail Plan - Weekly Dividend Option;;INF754K01AF1;10.0000;9.9900;10.0000;23-Jun-2010
110287;Edelweiss Short Term Income Fund - Dividend Option;INF754K01830;INF754K01848;10.0255;9.5242;10.0255;23-Jun-2010
110285;Edelweiss Short Term Income Fund - Growth Option;INF754K01822;;11.2211;10.6600;11.2211;23-Jun-2010
110286;Edelweiss Short Term Income Fund - Institutional Plan - Growth Option;INF754K01855;;10.8120;10.2714;10.8120;23-Jun-2010

Fidelity Mutual Fund
104220;Fidelity Flexi Bond Fund - Institutional Plan Dividend Option;;;10.0000;10.0000;10.0000;23-Jun-2010
104219;Fidelity Flexi Bond Fund - Institutional Plan Growth Option;;;10.0034;9.9534;10.0034;23-Jun-2010
104218;Fidelity Flexi Bond Fund - Retail Plan Dividend Option;;;10.1081;10.0576;10.1081;23-Jun-2010
104217;Fidelity Flexi Bond Fund - Retail Plan Growth Option;;;12.6296;12.5665;12.6296;23-Jun-2010
106572;Fidelity Ultra Short Term Debt Fund - Institutional Plan - Daily Dividend Option;;INF677K01999;10.0025;9.9925;10.0025;23-Jun-2010
106571;Fidelity Ultra Short Term Debt Fund - Institutional Plan - Growth Option;;;11.6273;11.6157;11.6273;23-Jun-2010
106579;Fidelity Ultra Short Term Debt Fund - Institutional Plan - Monthly Dividend Option;INF677K01AC1;INF677K01AD9;10.0208;10.0108;10.0208;23-Jun-2010
106573;Fidelity Ultra Short Term Debt Fund - Institutional Plan - Weekly Dividend Option;INF677K01AA5;INF677K01AB3;10.0032;9.9932;10.0032;23-Jun-2010
106574;Fidelity Ultra Short Term Debt Fund - Retail Plan - Growth Option;;;11.8775;11.8656;11.8775;23-Jun-2010
106575;Fidelity Ultra Short Term Debt Fund - Retail Plan - Monthly Dividend Option;;;10.0350;10.0250;10.0350;23-Jun-2010
108409;Fidelity Ultra Short Term Debt Fund - Retail Plan - Weekly Dividend Option;;INF677K01957;10.0025;9.9925;10.0025;23-Jun-2010
106576;Fidelity Ultra Short Term Debt Fund - Super Institutional Plan - Daily Dividend Option;;;10.0050;9.9950;10.0050;23-Jun-2010
106578;Fidelity Ultra Short Term Debt Fund - Super Institutional Plan - Growth Option;;;12.0516;12.0395;12.0516;23-Jun-2010
106580;Fidelity Ultra Short Term Debt Fund - Super Institutional Plan - Monthly Dividend Option;;;10.0000;10.0000;10.0000;23-Jun-2010
106577;Fidelity Ultra Short Term Debt Fund - Super Institutional Plan - Weekly Dividend Option;INF677K01AG2;INF677K01AH0;10.0034;9.9934;10.0034;23-Jun-2010

Fortis Mutual Fund
111315;Fortis Bond Fund - Institutional Plan -Annual-Dividend Option;;;10.0356;9.9352;10.0356;23-Jun-2010
111310;Fortis Bond Fund - Institutional Plan -Growth Option;;;10.0773;9.9765;10.0773;23-Jun-2010
111309;Fortis Bond Fund - Regular Plan - Annual-Dividend Option;;;10.1368;10.0354;10.1368;23-Jun-2010
111307;Fortis Bond Fund - Regular Plan - Fortnightly-Dividend Option;;;0.0000;0.0000;0.0000;23-Jun-2010
111308;Fortis Bond Fund - Regular Plan - Growth Option;;;11.8253;11.7070;11.8253;23-Jun-2010
111314;Fortis Bond Fund - Regular Plan - Monthly-Dividend Option;;;10.0455;9.9450;10.0455;23-Jun-2010
111306;Fortis Bond Fund - Regular Plan - Quarterly-Dividend Option;;;10.1366;10.0352;10.1366;23-Jun-2010
111313;Fortis Bond Fund -Institutional Plan - Fortnightly-Dividend Option;;;0.0000;0.0000;0.0000;23-Jun-2010
111311;Fortis Bond Fund -Institutional Plan - Monthly-Dividend Option;;;10.0482;9.9477;10.0482;23-Jun-2010
111312;Fortis Bond Fund -Institutional Plan - Quarterly-Dividend Option;;;10.0481;9.9476;10.0481;23-Jun-2010
112102;Fortis Flexi Debt Fund-Regular Plan - Monthly Dividend Option;;;10.0938;10.0938;10.0938;23-Jun-2010
111728;Fortis Flexi Debt Fund-Regular Plan A - Daily Dividend Option;;;10.0857;10.0857;10.0857;23-Jun-2010
111724;Fortis Flexi Debt Fund-Regular Plan A - Growth Option;;;11.1060;11.1060;11.1060;23-Jun-2010
111725;Fortis Flexi Debt Fund-Regular Plan A - Half-Yearly Dividend Option;;;10.1856;10.1856;10.1856;23-Jun-2010
112103;Fortis Flexi Debt Fund-Regular Plan A - Monthly Dividend Option;;;10.0900;10.0900;10.0900;23-Jun-2010
111726;Fortis Flexi Debt Fund-Regular Plan A - Quarterly Dividend Option;;;10.1852;10.1852;10.1852;23-Jun-2010
111727;Fortis Flexi Debt Fund-Regular Plan A - Weekly Dividend Option;;;10.0327;10.0327;10.0327;23-Jun-2010
110808;Fortis Flexi Debt Fund-Regular Plan-Daily Dividend Option;;;10.0857;10.0857;10.0857;23-Jun-2010
110805;Fortis Flexi Debt Fund-Regular Plan-Growth Option;;;16.1467;16.1467;16.1467;23-Jun-2010
110807;Fortis Flexi Debt Fund-Regular Plan-Half-Yearly Dividend Option;;;10.1858;10.1858;10.1858;23-Jun-2010
110806;Fortis Flexi Debt Fund-Regular Plan-Quarterly Dividend Option;;;10.1852;10.1852;10.1852;23-Jun-2010
110809;Fortis Flexi Debt Fund-Regular Plan-Weekly Dividend Option;;;10.0327;10.0327;10.0327;23-Jun-2010
110770;Fortis Money Plus Fund-Institutional Plan- Daily Dividend Option (Compulsory Reinvestment);;;10.0031;10.0031;10.0031;23-Jun-2010
110767;Fortis Money Plus Fund-Institutional Plan-Growth Option;;;14.0543;14.0543;14.0543;23-Jun-2010
110769;Fortis Money Plus Fund-Institutional Plan-Monthly Dividend Option;;;10.0339;10.0339;10.0339;23-Jun-2010
110768;Fortis Money Plus Fund-Institutional Plan-Weekly Dividend Option;;;10.0088;10.0088;10.0088;23-Jun-2010
110771;Fortis Money Plus Fund-Regular Plan- Daily Dividend Option (Compulsory Reinvestment);;;10.0030;10.0030;10.0030;23-Jun-2010
110764;Fortis Money Plus Fund-Regular Plan-Growth Option;;;13.8831;13.8831;13.8831;23-Jun-2010
110766;Fortis Money Plus Fund-Regular Plan-Monthly Dividend Option;;;10.0331;10.0331;10.0331;23-Jun-2010
110765;Fortis Money Plus Fund-Regular Plan-Weekly Dividend Option;;;10.0085;10.0085;10.0085;23-Jun-2010
110841;Fortis Monthly Income Plan-Regular Plan-Growth Option;;;14.3778;14.3778;14.3778;23-Jun-2010
110842;Fortis Monthly Income Plan-Regular Plan-Monthly Dividend Option;;;10.0789;10.0789;10.0789;23-Jun-2010
110843;Fortis Monthly Income Plan-Regular Plan-Quarterly Dividend Option;;;10.0789;10.0789;10.0789;23-Jun-2010
110832;Fortis Short Term Income Fund-Institutional Plan-Daily Dividend Option;;;10.0031;10.0031;10.0031;23-Jun-2010
110831;Fortis Short Term Income Fund-Institutional Plan-Growth Option;;;10.6568;10.6568;10.6568;23-Jun-2010
110827;Fortis Short Term Income Fund-Institutional Plan-Monthly Dividend Option;;;10.0325;10.0325;10.0325;23-Jun-2010
110840;Fortis Short Term Income Fund-Institutional Plan-Quarterly Dividend Option;;;0.0000;0.0000;0.0000;23-Jun-2010
110833;Fortis Short Term Income Fund-Institutional Plan-Weekly Dividend Option;;;10.0086;10.0086;10.0086;23-Jun-2010
110835;Fortis Short Term Income Fund-Institutional Plus Plan-Daily Dividend Option;;;10.0030;10.0030;10.0030;23-Jun-2010
110834;Fortis Short Term Income Fund-Institutional Plus Plan-Growth Option;;;10.4206;10.4206;10.4206;23-Jun-2010
110836;Fortis Short Term Income Fund-Institutional Plus Plan-Monthly Dividend Option;;;0.0000;0.0000;0.0000;23-Jun-2010
110839;Fortis Short Term Income Fund-Institutional Plus Plan-Quarterly Dividend Option;;;0.0000;0.0000;0.0000;23-Jun-2010
110837;Fortis Short Term Income Fund-Institutional Plus Plan-Weekly Dividend Option;;;0.0000;0.0000;0.0000;23-Jun-2010
110828;Fortis Short Term Income Fund-Regular Plan-Growth Option;;;14.4161;14.4161;14.4161;23-Jun-2010
110829;Fortis Short Term Income Fund-Regular Plan-Monthly Dividend Option;;;10.0294;10.0294;10.0294;23-Jun-2010
110838;Fortis Short Term Income Fund-Regular Plan-Quarterly Dividend Option;;;10.1065;10.1065;10.1065;23-Jun-2010
110830;Fortis Short Term Income Fund-Regular Plan-Weekly Dividend Option;;;10.0077;10.0077;10.0077;23-Jun-2010

Franklin Templeton Mutual Fund
100551;Templeton India Children’s Asset Plan-Education Plan;INF090I01AF4;;31.1569;31.1569;31.1569;23-Jun-2010
100553;Templeton India Children’s Asset Plan-Gift Plan - Dividend;INF090I01AG2;INF090I01AH0;42.0815;42.0815;42.0815;23-Jun-2010
100552;Templeton India Children’s Asset Plan-Gift Plan - Growth;INF090I01AI8;;42.0815;42.0815;42.0815;23-Jun-2010

HDFC Mutual Fund
101430;HDFC Regular Savings Fund-GROWTH;INF179K01AY2;;18.2384;18.1472;18.2384;23-Jun-2010
101431;HDFC Regular Savings Fund-Monthly Dividend Option;INF179K01AW6;INF179K01AX4;10.3505;10.2987;10.3505;23-Jun-2010

HSBC Mutual Fund
102257;HSBC MIP - Regular -  Dividend - Monthly;INF336L01057;INF336L01065;11.3981;11.2841;11.3981;23-Jun-2010
102258;HSBC MIP - Regular - Dividend - Quarterly;INF336L01073;INF336L01081;11.5252;11.4099;11.5252;23-Jun-2010
102259;HSBC MIP - Regular - Growth;INF336L01040;;16.5141;16.3490;16.5141;23-Jun-2010

ICICI Prudential Mutual Fund
103062;ICICI Prudential Blended Plan B -  Dividend Option - I;INF109K01EA1;INF109K01AQ5;12.2551;12.1938;12.2551;23-Jun-2010
103061;ICICI Prudential Blended Plan B -  Growth Option - I;INF109K01AR3;;13.9396;13.8699;13.9396;23-Jun-2010
103064;ICICI Prudential Blended Plan B Institutional Dividend Option - II;INF109K01VY5;INF109K01VX7;10.3049;10.2534;10.3049;23-Jun-2010
101098;ICICI Prudential Child Care Plan Study - Cumulative;INF109K01597;;27.6419;27.3655;27.6419;23-Jun-2010
111996;ICICI Prudential Dynamic Bond Fund - Growth;INF109K01CB3;;10.3666;10.3666;10.3666;23-Jun-2010
111997;ICICI Prudential Dynamic Bond Fund - Monthly Dividend;INF109K01FE0;INF109K01CC1;10.0668;10.0668;10.0668;23-Jun-2010
111999;ICICI Prudential Dynamic Bond Fund - Premium Growth;INF109K01IZ9;;10.1883;10.1883;10.1883;23-Jun-2010
112000;ICICI Prudential Dynamic Bond Fund - Premium Monthly Dividend;INF109K01PM2;INF109K01JB8;10.0471;10.0471;10.0471;23-Jun-2010
112002;ICICI Prudential Dynamic Bond Fund - Premium Plus Growth;INF109K01RW7;;10.2476;10.2476;10.2476;23-Jun-2010
112007;ICICI Prudential Dynamic Bond Fund - Premium Plus Half Yearly Dividend;;INF109K01RX5;10.2343;10.2343;10.2343;23-Jun-2010
112003;ICICI Prudential Dynamic Bond Fund - Premium Plus Monthly Dividend;;INF109K01SB9;10.0534;10.0534;10.0534;23-Jun-2010
112004;ICICI Prudential Dynamic Bond Fund - Premium Plus Quarterly Dividend;;INF109K01RZ0;10.1442;10.1442;10.1442;23-Jun-2010
111998;ICICI Prudential Dynamic Bond Fund - Quarterly Dividend;INF109K01FF7;INF109K01CD9;10.1376;10.1376;10.1376;23-Jun-2010
106290;ICICI Prudential Interval Fund - Annual Interval Plan I - Retail Dividend;INF109K01KM3;;10.3750;10.3750;10.3750;23-Jun-2010
106292;ICICI Prudential Interval Fund - Annual Interval Plan I - Retail Growth;INF109K01KL5;;12.5175;12.5175;12.5175;23-Jun-2010
106762;ICICI Prudential Interval Fund - Annual Interval Plan II - Retail Dividend;INF109K01KQ4;;10.4439;10.4439;10.4439;23-Jun-2010
106763;ICICI Prudential Interval Fund - Annual Interval Plan II - Retail Growth;INF109K01KP6;;12.3176;12.3176;12.3176;23-Jun-2010
106761;ICICI Prudential Interval Fund Annual Interval Plan II - Growth;INF109K01KR2;;12.5830;12.5830;12.5830;23-Jun-2010
106778;ICICI Prudential Interval Fund - Annual Interval Plan III - Retail Dividend;INF109K01KU6;;10.3284;10.3284;10.3284;23-Jun-2010
106777;ICICI Prudential Interval Fund - Annual Interval Plan III - Retail Growth;INF109K01KT8;;12.2810;12.2810;12.2810;23-Jun-2010
106780;ICICI Prudential Interval Fund Annual Interval Plan III - Dividend;INF109K01KW2;;10.2858;10.2858;10.2858;23-Jun-2010
106832;ICICI Prudential Interval Fund - Annual Interval Plan IV - Retail Dividend;INF109K01KI1;;10.2782;10.2782;10.2782;23-Jun-2010
106833;ICICI Prudential Interval Fund - Annual Interval Plan IV - Retail Growth;INF109K01KH3;;12.2323;12.2323;12.2323;23-Jun-2010
106831;ICICI Prudential Interval Fund Annual Interval Plan IV - Growth;INF109K01KJ9;;11.4312;11.4312;11.4312;23-Jun-2010
106776;ICICI Prudential Interval Fund - Half Yearly Interval Plan I - Retail Dividend;;;10.0579;10.0579;10.0579;23-Jun-2010
106775;ICICI Prudential Interval Fund - Half Yearly Interval Plan I - Retail Growth;;;11.9480;11.9480;11.9480;23-Jun-2010
106852;ICICI Prudential Interval Fund - Half Yearly Interval Plan II - Retail Dividend;INF109K01LM1;;10.0485;10.0485;10.0485;23-Jun-2010
106853;ICICI Prudential Interval Fund - Half Yearly Interval Plan II - Retail Growth;INF109K01LL3;;11.7818;11.7818;11.7818;23-Jun-2010
105650;ICICI Prudential Interval Fund - Monthly Interval Plan I - Retail Dividend;INF109K01ON3;;10.0148;10.0148;10.0148;23-Jun-2010
105651;ICICI Prudential Interval Fund - Monthly Interval Plan I - Retail Growth;INF109K01OM5;;12.2625;12.2625;12.2625;23-Jun-2010
109680;ICICI Prudential Interval Fund Monthly Interval Plan I - Dividend;INF109K01OL7;INF109K01OK9;10.0154;10.0154;10.0154;23-Jun-2010
109679;ICICI Prudential Interval Fund Monthly Interval Plan I - Growth;INF109K01OJ1;;10.0154;10.0154;10.0154;23-Jun-2010
105711;ICICI Prudential Interval Fund - Quarterly Interval Plan I - Retail Dividend;INF109K01LU4;;10.0593;10.0593;10.0593;23-Jun-2010
105710;ICICI Prudential Interval Fund - Quarterly Interval Plan I - Retail Growth;INF109K01LT6;;12.5125;12.5125;12.5125;23-Jun-2010
111406;ICICI Prudential Interval Fund Quarterly Interval Plan 1 -Dividend;INF109K01LR0;INF109K01LQ2;10.0631;10.0631;10.0631;23-Jun-2010
105907;ICICI Prudential Interval Fund - Quarterly Interval Plan II - Retail Dividend;INF109K01MC0;;10.0384;10.0384;10.0384;23-Jun-2010
105908;ICICI Prudential Interval Fund - Quarterly Interval Plan II - Retail Growth;INF109K01MB2;;12.3459;12.3459;12.3459;23-Jun-2010
110203;ICICI Prudential Interval Fund II Quarterly Interval - Dividend;INF109K01LZ3;INF109K01LY6;10.0135;10.0135;10.0135;23-Jun-2010
110204;ICICI Prudential Interval Fund II Quarterly Interval - Growth;INF109K01LX8;;11.1016;11.1016;11.1016;23-Jun-2010
106141;ICICI Prudential Interval Fund - Quarterly Interval Plan III - Retail Dividend;INF109K01MK3;;10.0677;10.0677;10.0677;23-Jun-2010
106142;ICICI Prudential Interval Fund - Quarterly Interval Plan III - Retail Growth;INF109K01MJ5;;11.9715;11.9715;11.9715;23-Jun-2010
106828;ICICI Prudential Interval Fund II - Quarterly Interval Plan A - Retail Dividend;INF109K01MO5;;10.0674;10.0674;10.0674;23-Jun-2010
106829;ICICI Prudential Interval Fund II - Quarterly Interval Plan A - Retail Growth;INF109K01MN7;;12.0971;12.0971;12.0971;23-Jun-2010
106885;ICICI Prudential Interval Fund II - Quarterly Interval Plan B - Retail Dividend;INF109K01MW8;;10.0609;10.0609;10.0609;23-Jun-2010
106886;ICICI Prudential Interval Fund II - Quarterly Interval Plan B - Retail Growth;INF109K01MV0;;11.8467;11.8467;11.8467;23-Jun-2010
106977;ICICI Prudential Interval Fund II - Quarterly Interval Plan C - Retail Dividend;INF109K01NI5;;10.0478;10.0478;10.0478;23-Jun-2010
106976;ICICI Prudential Interval Fund II - Quarterly Interval Plan C - Retail Growth;INF109K01NH7;;12.1090;12.1090;12.1090;23-Jun-2010
107138;ICICI Prudential Interval Fund II - Quarterly Interval Plan D - Retail Dividend;INF109K01NQ8;;10.0392;9.9890;10.0392;23-Jun-2010
107139;ICICI Prudential Interval Fund II - Quarterly Interval Plan D - Retail Growth;INF109K01NP0;;12.7586;12.6948;12.7586;23-Jun-2010
107309;ICICI Prudential Interval Fund II - Quarterly Interval Plan F - Retail Dividend;INF109K01NU0;;10.1442;10.1442;10.1442;23-Jun-2010
107310;ICICI Prudential Interval Fund II - Quarterly Interval Plan F - Retail Growth;INF109K01NT2;;11.7182;11.7182;11.7182;23-Jun-2010
110384;ICICI Prudential Interval Fund II Quarterly Interval Plan F - Dividend;INF109K01NZ9;INF109K01NY2;10.0829;10.0829;10.0829;23-Jun-2010
110383;ICICI Prudential Interval Fund II Quarterly Interval Plan F - Growth;INF109K01NX4;;10.1278;10.1278;10.1278;23-Jun-2010
110345;ICICI Prudential Interval Fund IV - Quarterly Interval Plan B - Retail Dividend;INF109K01OG7;;10.1251;10.1251;10.1251;23-Jun-2010
110348;ICICI Prudential Interval Fund IV - Quarterly Interval Plan B - Retail Growth;INF109K01OF9;;11.1922;11.1922;11.1922;23-Jun-2010
110346;ICICI Prudential Interval Fund IV Quarterly Interval Plan B - Growth;INF109K01OB8;;10.1383;10.1383;10.1383;23-Jun-2010
110347;ICICI Prudential Interval Fund IV Quarterly Interval Plan B -Dividend;INF109K01OD4;INF109K01OE2;10.1383;10.1383;10.1383;23-Jun-2010
110048;ICICI Prudential Interval Fund V - Monthly Interval Plan A - Retail Dividend;INF109K01OU8;;10.0263;10.0263;10.0263;23-Jun-2010
110047;ICICI Prudential Interval Fund V - Monthly Interval Plan A - Retail Growth;INF109K01OS2;;11.0507;11.0507;11.0507;23-Jun-2010
110046;ICICI Prudential Interval Fund V Monthly Interval Plan A - Dividend;INF109K01OR4;INF109K01OQ6;10.0274;10.0274;10.0274;23-Jun-2010
110045;ICICI Prudential Interval Fund V Monthly Interval Plan A - Growth;INF109K01OP8;;10.0274;10.0274;10.0274;23-Jun-2010
100955;ICICI Prudential MIP - Dividend Half Yearly;INF109K01FG5;INF109K01548;12.4386;12.3764;12.4386;23-Jun-2010
100953;ICICI Prudential MIP - Dividend Monthly;INF109K01FH3;INF109K01522;11.5856;11.5277;11.5856;23-Jun-2010
100954;ICICI Prudential MIP - Dividend Quarterly;INF109K01FI1;INF109K01530;12.2582;12.1969;12.2582;23-Jun-2010
100952;ICICI Prudential MIP - Growth;INF109K01555;;24.6010;24.4780;24.6010;23-Jun-2010

ING Mutual Fund
100180;ING Income Fund- Regular Plan - Dividend Option (Annual);INF084M01762;INF084M01770;10.5748;10.5748;10.5748;23-Jun-2010
100182;ING Income Fund-Institutional Plan - Dividend Option (Half Yearly);INF084M01812;INF084M01820;10.0000;10.0000;10.0000;23-Jun-2010
100183;ING Income Fund-Institutional Plan - Dividend Option (Quarterly);INF084M01796;INF084M01804;11.0767;11.0767;11.0767;23-Jun-2010
100187;ING Income Fund-Institutional Plan - Growth Option;INF084M01788;;10.4039;10.4039;10.4039;23-Jun-2010
100184;ING Income Fund-Institutional Plan -Dividend Option (Annual);INF084M01838;INF084M01846;10.0000;10.0000;10.0000;23-Jun-2010
100179;ING Income Fund-Regular Plan -Dividend Option (Half Yearly);INF084M01747;INF084M01754;10.6006;10.6006;10.6006;23-Jun-2010
100178;ING Income Fund-Regular Plan -Dividend Option (Quarterly);INF084M01721;INF084M01739;11.4951;11.4951;11.4951;23-Jun-2010
100181;ING Income Fund-Regular Plan -Growth Option;INF084M01713;;24.8739;24.8739;24.8739;23-Jun-2010
102236;ING MIP Fund-Annual Dividend Option;INF084M01994;INF084M01AA0;10.4558;10.4558;10.4558;23-Jun-2010
102232;ING MIP Fund-Growth Option;INF084M01929;;14.1856;14.1856;14.1856;23-Jun-2010
102235;ING MIP Fund-Half Yearly Dividend Option;INF084M01978;INF084M01986;10.6632;10.6632;10.6632;23-Jun-2010
102233;ING MIP Fund-Monthly Dividend Option;INF084M01937;INF084M01945;10.3670;10.3670;10.3670;23-Jun-2010
102234;ING MIP Fund-Quarterly Dividend Option;INF084M01952;INF084M01960;11.2191;11.2191;11.2191;23-Jun-2010
101550;ING Short Term Income Fund -Dividend Option;INF084M01697;INF084M01705;12.1221;12.1221;12.1221;23-Jun-2010
101288;ING Short Term Income Fund-Growth Option;INF084M01689;;17.4601;17.4601;17.4601;23-Jun-2010
105212;ING Treasury Advantage Fund - Institutional Daily Dividend Option;INF084M01622;;10.0033;10.0033;10.0033;23-Jun-2010
105207;ING Treasury Advantage Fund - Institutional Growth Option;INF084M01614;;12.4530;12.4530;12.4530;23-Jun-2010
105209;ING Treasury Advantage Fund - Institutional Monthly Dividend Option;INF084M01648;INF084M01655;10.0000;10.0000;10.0000;23-Jun-2010
105213;ING Treasury Advantage Fund - Institutional Quarterly Dividend Option;INF084M01663;INF084M01671;10.0000;10.0000;10.0000;23-Jun-2010
105208;ING Treasury Advantage Fund - Institutional Weekly Dividend Option;INF084M01630;;10.0000;10.0000;10.0000;23-Jun-2010
105203;ING Treasury Advantage Fund - Regular Daily Dividend Option;INF084M01556;;10.0026;10.0026;10.0026;23-Jun-2010
105210;ING Treasury Advantage Fund - Regular Growth Option;INF084M01549;;12.4491;12.4491;12.4491;23-Jun-2010
105204;ING Treasury Advantage Fund - Regular Monthly Dividend Option;INF084M01572;INF084M01580;10.4259;10.4259;10.4259;23-Jun-2010
105205;ING Treasury Advantage Fund - Regular Quarterly Dividend Option;INF084M01598;INF084M01606;10.4204;10.4204;10.4204;23-Jun-2010
105211;ING Treasury Advantage Fund - Regular Weekly Dividend Option;INF084M01564;;10.0385;10.0385;10.0385;23-Jun-2010

Invesco Mutual Fund
112886;Religare Invesco Monthly Income Plan - Growth Option;INF205K01TU3;;10.1142;10.0131;10.1142;23-Jun-2010
112884;Religare Invesco Monthly Income Plan - Monthly Dividend;INF205K01TV1;INF205K01TW9;10.1142;10.0131;10.1142;23-Jun-2010

JM Financial Mutual Fund
102026;JM MIP FUND-Annual Dividend;INF192K01AI8;INF192K01AJ6;11.9171;11.9171;11.9171;23-Jun-2010
102027;JM MIP FUND-Growth;INF192K01AK4;;14.8344;14.8344;14.8344;23-Jun-2010
102024;JM MIP FUND-Monthly Dividend;INF192K01AE7;INF192K01AF4;10.1791;10.1791;10.1791;23-Jun-2010
102025;JM MIP FUND-Quarterly Dividend;INF192K01AG2;INF192K01AH0;11.1776;11.1776;11.1776;23-Jun-2010

JPMorgan Mutual Fund
109184;JPMorgan India Active Bond Fund - Retail Plan - Dividend Option;INF843K01351;INF843K01369;10.0874;10.0370;10.0874;23-Jun-2010
109175;JPMorgan India Active Bond Fund - Retail Plan - Growth Option;INF843K01344;;10.7168;10.6632;10.7168;23-Jun-2010
112787;JPMorgan India Short Term Income Fund - Regular Plan - Fortnightly Dividend Option;;INF843K01401;10.0415;10.0264;10.0415;23-Jun-2010
112784;JPMorgan India Short Term Income Fund - Regular Plan - Growth Option;INF843K01419;;10.1397;10.1245;10.1397;23-Jun-2010
112789;JPMorgan India Short Term Income Fund - Regular Plan - Monthly Dividend Option;INF843K01435;INF843K01427;10.0430;10.0279;10.0430;23-Jun-2010
112785;JPMorgan India Short Term Income Fund - Regular Plan - Weekly Dividend Option;;INF843K01443;10.0139;9.9989;10.0139;23-Jun-2010
106563;JPMorgan India Treasury Fund - Retail Plan - Daily Dividend Option;;INF843K01302;10.0321;10.0321;10.0321;23-Jun-2010
106564;JPMorgan India Treasury Fund - Retail Plan - Growth Option;INF843K01294;;11.1142;11.1142;11.1142;23-Jun-2010
109182;JPMorgan India Treasury Fund - Retail Plan - Monthly Dividend Option;;INF843K01336;10.0727;10.0727;10.0727;23-Jun-2010
109180;JPMorgan India Treasury Fund - Retail Plan - Weekly Dividend Option;;INF843K01310;10.0469;10.0469;10.0469;23-Jun-2010
110157;JPMorgan India Treasury Fund - Super Institutional Plan - Daily Dividend Option;;INF843K01252;10.0089;10.0089;10.0089;23-Jun-2010
110156;JPMorgan India Treasury Fund - Super Institutional Plan - Growth Option;INF843K01245;;12.1397;12.1397;12.1397;23-Jun-2010
110155;JPMorgan India Treasury Fund - Super Institutional Plan - Monthly Dividend Option;INF843K01534;INF843K01286;10.0479;10.0479;10.0479;23-Jun-2010
110158;JPMorgan India Treasury Fund - Super Institutional Plan - Weekly Dividend Option;INF843K01518;INF843K01260;10.0654;10.0654;10.0654;23-Jun-2010

Kotak Mahindra Mutual Fund
112883;Kotak Credit Opportunities Fund - Annual Dividend;;;10.0934;9.8915;10.0934;23-Jun-2010
112880;Kotak Credit Opportunities Fund - Growth;;;10.0934;9.8915;10.0934;23-Jun-2010
112879;Kotak Credit Opportunities Fund - Monthly Dividend;;;10.03;9.8294;10.03;23-Jun-2010
112882;Kotak Credit Opportunities Fund - Quarterly Dividend;;;10.0934;9.8915;10.0934;23-Jun-2010
112881;Kotak Credit Opportunities Fund - Weekly Dividend;;;10.0821;9.8805;10.0821;23-Jun-2010
102867;Kotak Flexi-Debt - Regular Plan - Dividend;;INF174K01EW9;10.2614;10.2614;10.2614;23-Jun-2010
102868;Kotak Flexi-Debt - Regular Plan - Growth;INF174K01EV1;;14.4804;14.4804;14.4804;23-Jun-2010
102869;Kotak Flexi-Debt- Regular Plan - Daily Dividend;INF174K01EZ2;INF174K01EY5;10.0804;10.0804;10.0804;23-Jun-2010
108372;Kotak Flexi Debt - Regular Plan- Weekly Dividend;;INF174K01EX7;10.0367;10.0367;10.0367;23-Jun-2010
101954;Kotak Income Plus-(Growth);;;15.0814;15.0814;15.0814;23-Jun-2010
101953;Kotak Income Plus-(Monthly Dividend);;;10.2255;10.2255;10.2255;23-Jun-2010
101955;Kotak Income Plus-(Quaterly Dividend);;;10.5282;10.5282;10.5282;23-Jun-2010
106662;Kotak Quarterly Interval Plan Series 1 - Dividend;INF174K01BJ2;INF174K01BK0;10.0076;9.9075;10.0076;23-Jun-2010
106661;Kotak Quarterly Interval Plan Series 1 - Growth;INF174K01BI4;;12.2056;12.0835;12.2056;23-Jun-2010
110673;Kotak Quarterly Interval Plan Series 10 - Dividend;INF174K01CL6;;10.0849;9.9841;10.0849;23-Jun-2010
110674;Kotak Quarterly Interval Plan Series 10 - Growth;INF174K01CJ0;;10.9066;10.7975;10.9066;23-Jun-2010
106734;Kotak Quarterly Interval Plan Series 2 - Dividend;INF174K01BM6;INF174K01BN4;10.004;9.904;10.004;23-Jun-2010
106735;Kotak Quarterly Interval Plan Series 2 - Growth;INF174K01BL8;;12.1793;12.0575;12.1793;23-Jun-2010
107092;Kotak Quarterly Interval Plan Series 3 - Dividend;INF174K01BP9;INF174K01BQ7;10.0443;9.9439;10.0443;23-Jun-2010
107093;Kotak Quarterly Interval Plan Series 3 - Growth;INF174K01BO2;;11.9745;11.8548;11.9745;23-Jun-2010
107211;Kotak Quarterly Interval Plan Series 4 - Dividend;INF174K01BS3;INF174K01BT1;10.0285;9.9282;10.0285;23-Jun-2010
107212;Kotak Quarterly Interval Plan Series 4 - Growth;INF174K01BR5;;11.9285;11.8092;11.9285;23-Jun-2010
107486;Kotak Quarterly Interval Plan Series 5-Dividend;INF174K01BV7;INF174K01BW5;10.0583;9.9577;10.0583;23-Jun-2010
107485;Kotak Quarterly Interval Plan Series 5-Growth;INF174K01BU9;;11.6676;11.5509;11.6676;23-Jun-2010
107631;Kotak Quarterly Interval Plan Series 6 - Dividend;INF174K01BY1;INF174K01BZ8;10.0566;9.956;10.0566;23-Jun-2010
107632;Kotak Quarterly Interval Plan Series 6 - Growth;INF174K01BX3;;11.9321;11.8128;11.9321;23-Jun-2010
109982;Kotak Quarterly Interval Plan Series 7 - Dividend;INF174K01CB7;INF174K01CC5;10.0417;9.9413;10.0417;23-Jun-2010
109981;Kotak Quarterly Interval Plan Series 7 - Growth;INF174K01CA9;;11.1724;11.0607;11.1724;23-Jun-2010
110258;Kotak Quarterly Interval Plan Series 8 - Dividend;INF174K01CE1;INF174K01CF8;10.0152;9.915;10.0152;23-Jun-2010
110259;Kotak Quarterly Interval Plan Series 8 - Growth;INF174K01CD3;;11.0719;10.9612;11.0719;23-Jun-2010
110569;Kotak Quarterly Interval Plan Series 9 - Dividend;INF174K01CH4;INF174K01CI2;10.0923;9.9914;10.0923;23-Jun-2010
110570;Kotak Quarterly Interval Plan Series 9 - Growth;INF174K01CG6;;10.9997;10.8897;10.9997;23-Jun-2010

L&T Mutual Fund
112514;L&T Short Term Floating Rate Fund-Cumulative;;;13.4886;13.4886;13.4886;23-Jun-2010
112511;L&T Short Term Floating Rate Fund-Dividend-Daily;;;10.3650;10.3650;10.3650;23-Jun-2010
112513;L&T Short Term Floating Rate Fund-Dividend-Monthly;;;10.4362;10.4362;10.4362;23-Jun-2010
112512;L&T Short Term Floating Rate Fund-Dividend-Weekly;;;11.0013;11.0013;11.0013;23-Jun-2010

LIC Mutual Fund
102816;LIC NOMURA MF Floater MIP - Growth;INF767K01600;;17.5123;17.3372;17.5123;23-Jun-2010
102813;LIC NOMURA MF Floater MIP - Monthly Dividend;INF767K01618;INF767K01626;10.0595;9.9589;10.0595;23-Jun-2010
102814;LIC NOMURA MF Floater MIP - Quarterly Dividend;INF767K01634;INF767K01642;10.1659;10.0642;10.1659;23-Jun-2010
102815;LIC NOMURA MF Floater MIP - Yearly Dividend;INF767K01584;INF767K01592;10.4332;10.3289;10.4332;23-Jun-2010

Mirae Asset Mutual Fund
112057;Mirae Asset Short Term Bond Fund - Regular - Fortnightly Dividend Reinvestment Option;;INF769K01200;10.1839;10.1584;10.1839;23-Jun-2010
112017;Mirae Asset Short Term Bond Fund - Regular - Growth Option;INF769K01168;;10.1839;10.1584;10.1839;23-Jun-2010
112020;Mirae Asset Short Term Bond Fund - Regular - Mly Dividend Option;INF769K01226;;10.1830;10.1575;10.1830;23-Jun-2010
112058;Mirae Asset Short Term Bond Fund - Regular - Quarterly Dividend Reinvestment Option;;INF769K01218;10.1840;10.1585;10.1840;23-Jun-2010
112056;Mirae Asset Short Term Bond Fund - Regular - Weekly Dividend Reinvestment Option;;INF769K01184;10.1840;10.1585;10.1840;23-Jun-2010

Morgan Stanley Mutual Fund
111965;Morgan Stanley Active Bond Fund- Regular Growth Plan;INF063A01084;;10.0926;10.0926;10.0926;23-Jun-2010
111966;Morgan Stanley Active Bond Fund- Regular- Dividend- Quarterly;INF063A01092;INF063A01100;10.0926;10.0926;10.0926;23-Jun-2010
111952;Morgan Stanley Short Term Bond Fund- Institutional Plus- Dividend- Weekly;;INF063A01183;10.0524;10.0524;10.0524;23-Jun-2010
111953;Morgan Stanley Short Term Bond Fund- Institutional Plus- Growth;INF063A01175;;10.5812;10.5812;10.5812;23-Jun-2010
111949;Morgan Stanley Short Term Bond Fund- Regular- Dividend Monthly;INF063A01159;INF063A01167;10.0613;10.0613;10.0613;23-Jun-2010
112973;Morgan Stanley Short Term Bond Fund- Regular- Dividend- Weekly;;INF063A01217;10.0089;10.0089;10.0089;23-Jun-2010
111950;Morgan Stanley Short Term Bond Fund- Regular- Growth;INF063A01142;;10.5414;10.5414;10.5414;23-Jun-2010

PineBridge Mutual Fund
107718;PineBridge India Short Term Fund- Standard Plan-Growth Option;INF178L01202;;1124.2953;1121.4846;1124.2953;23-Jun-2010
107720;PineBridge India Short Term Fund- Standard Plan-Monthly Dividend Option;INF178L01210;INF178L01228;1005.3074;1002.7941;1005.3074;23-Jun-2010
107722;PineBridge India Short Term Fund- Standard Plan-Weekly Dividend Option;;INF178L01236;1001.6644;999.1602;1001.6644;23-Jun-2010
107715;PineBridge India Short Term Fund-Retail Plan-Growth Option;INF178L01160;;1164.6426;1161.7310;1164.6426;23-Jun-2010
107721;PineBridge India Short Term Fund-Retail Plan-Monthly Dividend Option;INF178L01178;INF178L01186;1005.0678;1002.5551;1005.0678;23-Jun-2010
107717;PineBridge India Short Term Fund-Retail Plan-Weekly Dividend Option;;INF178L01194;1002.6538;1000.1472;1002.6538;23-Jun-2010
106524;PineBridge India Total Return Bond Fund- Institutional Plan-Daily Dividend Option;;INF178L01913;10.0110;10.0110;10.0110;23-Jun-2010
106523;PineBridge India Total Return Bond Fund- Institutional Plan-Growth Option;INF178L01921;;12.0869;12.0869;12.0869;23-Jun-2010
106525;PineBridge India Total Return Bond Fund- Institutional Plan-Monthly Dividend Option;INF178L01947;INF178L01939;10.0477;10.0477;10.0477;23-Jun-2010
106535;PineBridge India Total Return Bond Fund- Institutional Plan-Weekly Dividend Option;;INF178L01970;10.0180;10.0180;10.0180;23-Jun-2010
106530;PineBridge India Total Return Bond Fund- Retail Plan- Monthly Dividend Option;INF178L01863;INF178L01855;10.0454;10.0454;10.0454;23-Jun-2010
106531;PineBridge India Total Return Bond Fund- Retail Plan- Quarterly Dividend Option;INF178L01889;INF178L01871;10.1162;10.1162;10.1162;23-Jun-2010
106522;PineBridge India Total Return Bond Fund- Retail Plan- Weekly Dividend Option;;INF178L01897;10.0133;10.0133;10.0133;23-Jun-2010
106534;PineBridge India Total Return Bond Fund- Retail Plan-Daily Dividend Option;;INF178L01830;10.0110;10.0110;10.0110;23-Jun-2010
106521;PineBridge India Total Return Bond Fund- Retail Plan-Growth Option;INF178L01848;;11.9764;11.9764;11.9764;23-Jun-2010
106527;PineBridge India Total Return Bond Fund- Standard Plan-Daily Dividend Option;;INF178L01BU8;10.0110;10.0110;10.0110;23-Jun-2010
106533;PineBridge India Total Return Bond Fund- Standard Plan-Growth Option;INF178L01BO1;;12.1208;12.1208;12.1208;23-Jun-2010
106538;PineBridge India Total Return Bond Fund- Standard Plan-Monthly Dividend Option;INF178L01BQ6;INF178L01BP8;10.0486;10.0486;10.0486;23-Jun-2010
106537;PineBridge India Total Return Bond Fund- Standard Plan-Weekly Dividend Option;;INF178L01BT0;10.0136;10.0136;10.0136;23-Jun-2010

Principal Mutual Fund
106891;Principal Bank CD Fund - Growth Option;INF173K01BE5;;11.9673;11.9374;11.9673;23-Jun-2010
106899;Principal Bank CD Fund -Div Option-daily;;;10.02;9.995;10.02;23-Jun-2010
106892;Principal Bank CD Fund -Div Option-monthly;INF173K01BF2;INF173K01BG0;10.5371;10.5108;10.5371;23-Jun-2010
106898;Principal Ultra Short Term Fund -Reg plan -Div Option-weekly;;;10.0278;10.0027;10.0278;23-Jun-2010

Sahara Mutual Fund
107234;Sahara Classic Fund- Dividend Option;INF515L01411;INF515L01429;12.8682;12.8682;12.8682;23-Jun-2010
107233;Sahara Classic Fund- Growth Option;INF515L01437;;12.8687;12.8687;12.8687;23-Jun-2010
101403;Sahara Income Fund-Dividend;INF515L01015;INF515L01023;14.6653;14.6653;14.6653;23-Jun-2010
101404;Sahara Income Fund-Growth;INF515L01031;;17.8074;17.8074;17.8074;23-Jun-2010
110261;SAHARA INTERVAL FUND QUARTERLY PLAN-SERIES 1 DIVIDEND;INF515L01502;INF515L01510;11.2924;11.2924;11.2924;23-Jun-2010
110260;SAHARA INTERVAL FUND QUARTERLY PLAN-SERIES 1 GROWTH;INF515L01528;;11.2924;11.2924;11.2924;23-Jun-2010
111781;SAHARA SHORT TERM BOND FUND- DIVIDEND REINVESTMENT;;INF515L01536;10.1826;10.1826;10.1826;23-Jun-2010
111782;SAHARA SHORT TERM BOND FUND-GROWTH;INF515L01544;;10.7217;10.7217;10.7217;23-Jun-2010

SBI Mutual Fund
102056;SBI Magnum Income Plus Fund - Savings Plan (D);INF200K01750;INF200K01768;10.5524;10.4469;10.5524;23-Jun-2010
102055;SBI Magnum Income Plus Fund - Savings Plan (G);INF200K01743;;10.9045;10.7955;10.9045;23-Jun-2010
102202;SBI MAGNUM NRI - SHORT TERM BOND PLAN-DIVIDEND;;;10.7717;10.7717;10.7448;23-Jun-2010
102201;SBI MAGNUM NRI - SHORT TERM BOND PLAN-GROWTH;;;11.0732;11.0732;11.0455;23-Jun-2010

Shinsei Mutual Fund
112191;Shinsei Treasury Advantage Fund - Daily Dividend;;;1000.1084;1000.1084;1000.1084;23-Jun-2010
112190;Shinsei Treasury Advantage Fund - Growth;;;1034.8854;1034.8854;1034.8854;23-Jun-2010
112193;Shinsei Treasury Advantage Fund - Monthly Dividend;;;1004.4789;1004.4789;1004.4789;23-Jun-2010
112192;Shinsei Treasury Advantage Fund - Weekly Dividend;;;1000.4466;1000.4466;1000.4466;23-Jun-2010

Sundaram Mutual Fund
106553;SUNDARAM FIXED INCOME INTERVAL FUND QTRLY PLAN A INST  DIVIDEND;INF903J01BV1;;10.0273;10.0273;0.0000;23-Jun-2010
106555;SUNDARAM FIXED INCOME INTERVAL FUND QTRLY PLAN A INST  GROWTH;INF903J01BU3;;0.0000;0.0000;0.0000;23-Jun-2010
106556;SUNDARAM FIXED INCOME INTERVAL FUND QTRLY PLAN A REGULAR DIVIDEND;INF903J01BT5;;10.0273;10.0273;0.0000;23-Jun-2010
106554;SUNDARAM FIXED INCOME INTERVAL FUND QTRLY PLAN A REGULAR GROWTH;INF903J01BS7;;11.9170;11.9170;0.0000;23-Jun-2010
106701;SUNDARAM FIXED INCOME INTERVAL FUND QTRLY PLAN B INST DIVIDEND;INF903J01BZ2;;0.0000;0.0000;0.0000;23-Jun-2010
106703;SUNDARAM FIXED INCOME INTERVAL FUND QTRLY PLAN B INST GROWTH;INF903J01BY5;;0.0000;0.0000;0.0000;23-Jun-2010
106700;SUNDARAM FIXED INCOME INTERVAL FUND QTRLY PLAN B REGULAR  DIVIDEND;INF903J01BX7;;10.0025;10.0025;0.0000;23-Jun-2010
106702;SUNDARAM FIXED INCOME INTERVAL FUND QTRLY PLAN B REGULAR  GROWTH;INF903J01BW9;;12.0780;12.0780;0.0000;23-Jun-2010

Tata Mutual Fund
106133;Tata Corporate Bond Fund Super High Investment Plan Daily Dividend;;INF277K01AF3;1010.3171;1010.3171;1010.3171;23-Jun-2010
107126;Tata Fixed Income Portfolio Fund - Scheme A2 - Regular Plan - Growth;INF277K01JK4;;11.5560;11.5271;11.5560;23-Jun-2010
107125;Tata Fixed Income Portfolio Fund - Scheme A2 - Regular Plan - Monthly Dividend;INF277K01JL2;INF277K01JM0;10.1566;10.1312;10.1566;23-Jun-2010
107129;Tata Fixed Income Portfolio Fund - Scheme A3 - Regular Plan - Growth;INF277K01JQ1;;11.1229;11.0951;11.1229;23-Jun-2010
107130;Tata Fixed Income Portfolio Fund - Scheme A3 - Regular Plan - Monthly Dividend;INF277K01JR9;INF277K01JS7;10.2177;10.1922;10.2177;23-Jun-2010
107146;Tata Fixed Income Portfolio Fund - Scheme B2 - Regular Plan - Growth;INF277K01JY5;;11.6698;11.6115;11.6698;23-Jun-2010
107145;Tata Fixed Income Portfolio Fund - Scheme B2 - Regular Plan - Monthly Dividend;INF277K01JZ2;INF277K01KA3;10.0905;10.0400;10.0905;23-Jun-2010
107144;Tata Fixed Income Portfolio Fund - Scheme B2 - Regular Plan - Quarterly Dividend;INF277K01KB1;INF277K01KC9;10.0495;9.9993;10.0495;23-Jun-2010
107150;Tata Fixed Income Portfolio Fund - Scheme B3 - Regular Plan - Growth;INF277K01KI6;;12.5208;12.4582;12.5208;23-Jun-2010
107151;Tata Fixed Income Portfolio Fund - Scheme B3 - Regular Plan - Monthly Dividend;INF277K01KJ4;INF277K01KK2;10.2446;10.1934;10.2446;23-Jun-2010
107152;Tata Fixed Income Portfolio Fund - Scheme B3 - Regular Plan - Quarterly Dividend;INF277K01KL0;INF277K01KM8;10.3502;10.2984;10.3502;23-Jun-2010
107162;Tata Fixed Income Portfolio Fund - Scheme C2 - Regular Plan - Growth;INF277K01KS5;;11.4306;11.3449;11.4306;23-Jun-2010
107164;Tata Fixed Income Portfolio Fund - Scheme C2 - Regular Plan - Half Yearly Dividend;INF277K01KT3;INF277K01KU1;10.0143;9.9392;10.0143;23-Jun-2010
107163;Tata Fixed Income Portfolio Fund - Scheme C2 - Regular Plan - Monthly Dividend;INF277K01KV9;INF277K01KW7;10.0377;9.9624;10.0377;23-Jun-2010
107168;Tata Fixed Income Portfolio Fund - Scheme C3 - Regular Plan - Growth;INF277K01LC7;;11.8191;11.7305;11.8191;23-Jun-2010
107170;Tata Fixed Income Portfolio Fund - Scheme C3 - Regular Plan - Half Yearly Dividend;INF277K01LD5;INF277K01LE3;10.1200;10.0441;10.1200;23-Jun-2010
107169;Tata Fixed Income Portfolio Fund - Scheme C3 - Regular Plan - Monthly Dividend;INF277K01LF0;INF277K01LG8;10.0928;10.0171;10.0928;23-Jun-2010
107121;Tata Fixed Income Portfolio Fund Scheme A1 Plan A - Growth;INF277K01JB3;;11.1752;11.1473;11.1752;23-Jun-2010
107122;Tata Fixed Income Portfolio Fund Scheme A1 Plan A - Monthly Dividend;INF277K01JC1;INF277K01JD9;10.1777;10.1523;10.1777;23-Jun-2010
107124;Tata Fixed Income Portfolio Fund Scheme A2 Plan A -  Monthly Dividend;INF277K01JI8;INF277K01JJ6;10.0339;10.0088;10.0339;23-Jun-2010
107123;Tata Fixed Income Portfolio Fund Scheme A2 Plan A - Growth;INF277K01JH0;;10.0328;10.0077;10.0328;23-Jun-2010
107127;Tata Fixed Income Portfolio Fund Scheme A3 Regular Plan  - Growth;INF277K01JN8;;10.0226;9.9975;10.0226;23-Jun-2010
107128;Tata Fixed Income Portfolio Fund Scheme A3 Regular Plan - Monthly Dividend;INF277K01JO6;INF277K01JP3;10.0226;9.9975;10.0226;23-Jun-2010
107142;Tata Fixed Income Portfolio Fund Scheme B2 Plan A - Monthly Dividend;INF277K01JU3;INF277K01JV1;10.0100;9.9600;10.0100;23-Jun-2010
107143;Tata Fixed Income Portfolio Fund Scheme B2 Plan A - Quarterly Dividend;INF277K01JW9;INF277K01JX7;10.0100;9.9600;10.0100;23-Jun-2010
107141;Tata Fixed Income Portfolio Fund Scheme B2 Regular Plan - Growth;INF277K01JT5;;10.0100;9.9600;10.0100;23-Jun-2010
107147;Tata Fixed Income Portfolio Fund Scheme B3 Regular Plan - Growth;INF277K01KD7;;10.1495;10.0988;10.1495;23-Jun-2010
107148;Tata Fixed Income Portfolio Fund Scheme B3 Regular Plan - Monthly Dividend;INF277K01KG0;INF277K01KH8;10.0624;10.0121;10.0624;23-Jun-2010
107149;Tata Fixed Income Portfolio Fund Scheme B3 Regular Plan - Quarterly Dividend;INF277K01KE5;INF277K01KF2;10.1493;10.0986;10.1493;23-Jun-2010
107167;Tata Fixed Income Portfolio Fund Scheme C3 Regular Plan  - Half Yearly  Dividend;INF277K01KY3;INF277K01KZ0;10.0468;9.9714;10.0468;23-Jun-2010
107166;Tata Fixed Income Portfolio Fund Scheme C3 Regular Plan  - Monthly Dividend;INF277K01LA1;INF277K01LB9;10.0601;9.9846;10.0601;23-Jun-2010
102280;Tata M I P Plus Fund - Regular Plan-Monthly Dividend;INF277K01EC2;INF277K01873;11.4499;11.3354;11.4499;23-Jun-2010
102281;Tata M I P Plus Fund -Regular Plan- Quarterly Dividend;INF277K01ED0;INF277K01881;11.3524;11.2389;11.3524;23-Jun-2010
102282;Tata M I P Plus Fund -Regular Plan- Half Yearly Dividend;INF277K01EB4;INF277K01865;12.1863;12.0644;12.1863;23-Jun-2010
102283;Tata MIP Plus Fund -Regular Plan - Growth;INF277K01857;;15.5975;15.4415;15.5975;23-Jun-2010
106136;Tata Treasury Manager Fund Super High Investment Plan Growth;INF277K01AG1;;1059.0863;1059.0863;1059.0863;23-Jun-2010
106135;Tata Treasury Manager Fund Super High Investment Plan Monthly Dividend;INF277K01CX2;INF277K01AH9;1003.2328;1003.2328;1003.2328;23-Jun-2010
106134;Tata Treasury Manager Fund Super High Investment Plan Weekly Dividend;INF277K01CY0;INF277K01AI7;1000.1431;1000.1431;1000.1431;23-Jun-2010

UTI Mutual Fund
100648;UTI - CRTS 81 - Dividend Option;;;129.3499;129.3499;129.3499;23-Jun-2010
104588;UTI - CRTS 81 - Growth Option;;;167.9053;167.9053;167.9053;23-Jun-2010
101608;UTI - MIS-Growth;INF789F01AA8;;19.0066;19.0066;19.0066;23-Jun-2010
101607;UTI - MIS-Income;INF789F01984;INF789F01992;12.1651;12.1651;12.1651;23-Jun-2010
112067;UTI Smart Woman Savings Plan - Dividend Option;;;19.8387;19.8387;19.8387;23-Jun-2010
112066;UTI Smart Woman Savings Plan - Growth Option;;;19.8387;19.8387;19.8387;23-Jun-2010

Open Ended Schemes ( Growth )


Aditya Birla Sun Life Mutual Fund
112274;Birla Sun Life Basic Industries Fund - Dividend Trigger Plan;;;10.86;10.75;10.86;23-Jun-2010
103171;Birla Sun Life Basic Industries Fund-Plan A(Dividend);;;30.18;29.88;30.18;23-Jun-2010
103172;Birla Sun Life Basic Industries Fund-Plan B(Growth);;;100.58;99.57;100.58;23-Jun-2010
103169;Aditya Birla Sun Life Buy India Fund - Dividend - Regular Plan;INF209K01116;INF209K01CC9;24.18;24.06;24.18;23-Jun-2010
103170;Aditya Birla Sun Life Buy India Fund - Growth - Regular Plan;INF209K01124;;39.82;39.62;39.82;23-Jun-2010
111352;Bsl Comm Eq Fund-Global Multi Comm Plan - Dividend;INF209K01215;INF209K01CH8;11.6589;11.3091;11.6589;23-Jun-2010
111353;Bsl Comm Eq Fund-Global Multi Comm Plan - Growth;INF209K01223;;11.6589;11.3091;11.6589;23-Jun-2010
111344;Bsl Comm Eq Fund-Global Prec Metals Plan - Dividend;INF209K01173;INF209K01CF2;13.1699;12.7748;13.1699;23-Jun-2010
111346;Bsl Comm Eq Fund-Global Prec Metals Plan - Growth;INF209K01181;;13.1699;12.7748;13.1699;23-Jun-2010
100065;Aditya Birla Sun Life India Opportunities Fund - Dividend - Regular Plan;INF209K01280;INF209K01CK2;18.96;18.87;18.96;23-Jun-2010
100066;Aditya Birla Sun Life India Opportunities Fund - Growth - Regular Plan;INF209K01298;;52.07;51.81;52.07;23-Jun-2010
104339;Aditya Birla Sun Life Long Term Fund- Growth Option;INF209K01SD3;;13.58;13.58;13.58;23-Jun-2010
104338;Aditya Birla Sun Life Long Term Fund-Dividend Option;INF209K01SE1;INF209K01SF8;12.54;12.54;12.54;23-Jun-2010
107505;Aditya Birla Sun Life Special Situations Fund - Dividend;INF209K01553;INF209K01CX5;9.7193;9.6221;9.7193;23-Jun-2010
107504;Aditya Birla Sun Life Special Situations Fund - Growth;INF209K01561;;9.7193;9.6221;9.7193;23-Jun-2010

Bandhan Mutual Fund
112068;IDFC Equity Fund -Plan B- Dividend;INF194K01243;INF194K01250;10.4322;10.4322;10.4322;23-Jun-2010
112069;IDFC Equity Fund -Plan B-Growth;INF194K01235;;12.4272;12.4272;12.4272;23-Jun-2010
111866;IDFC Imperial Equity Fund-Plan B - Dividend;INF194K01441;INF194K01458;14.6860;14.6860;14.6860;23-Jun-2010
111865;IDFC Imperial Equity Fund-Plan B - Growth;INF194K01433;;15.9111;15.9111;15.9111;23-Jun-2010
111757;IDFC  India GDP Growth Fund-Regular Plan-Dividend;INF194K01219;INF194K01227;13.1558;13.1558;13.1558;23-Jun-2010
111758;IDFC  India GDP Growth Fund-Regular Plan-Growth;INF194K01201;;15.2351;15.2351;15.2351;23-Jun-2010
111861;IDFC Premier Equity Fund-Plan B - Dividend;INF194K01375;INF194K01383;19.9184;19.9184;19.9184;23-Jun-2010
111862;IDFC Premier Equity Fund_Plan B - Growth;INF194K01425;;21.9251;21.9251;21.9251;23-Jun-2010
110463;IDFC  50-50 Strategic Sector Fund-Regular Plan-Dividend;INF194K01326;INF194K01334;13.4096;13.4096;13.4096;23-Jun-2010
110462;IDFC  50-50 Strategic Sector Fund-Regular Plan-Growth;INF194K01169;;13.5551;13.5551;13.5551;23-Jun-2010
111868;IDFC Strategic Sector (50-50) Equity Fund-Plan B - Dividend;INF194K01136;INF194K01144;14.8519;14.8519;14.8519;23-Jun-2010
111867;IDFC Strategic Sector (50-50) Equity Fund-Plan B - GROWTH;INF194K01151;;14.8481;14.8481;14.8481;23-Jun-2010

Benchmark Mutual Fund
103237;Benchmark Derivative Fund - Dividend Plan;;;1054.2879;1054.2879;1054.2879;23-Jun-2010
100676;Benchmark Derivative Fund - Growth Plan;;;1391.7498;1391.7498;1391.7498;23-Jun-2010
106837;Benchmark Equity & Derivatives Opportunities Fund - Dividend Plan;;;10.8613;10.7798;10.8613;23-Jun-2010
106836;Benchmark Equity & Derivatives Opportunities Fund - Growth;;;11.5473;11.4607;11.5473;23-Jun-2010
111674;Benchmark S&P CNX 500 Fund - Dividend;;;11.6486;11.4739;11.6486;23-Jun-2010
111673;Benchmark S&P CNX 500 Fund - Growth;;;18.6274;18.3480;18.6274;23-Jun-2010

Canara Robeco Mutual Fund
102806;Canara Robeco Nifty Index - Regular Plan - Dividend;INF760K01126;INF760K01134;18.6500;18.6500;18.6500;23-Jun-2010
102805;Canara Robeco Nifty Index - Regular Plan - Growth;INF760K01118;;28.1100;28.1100;28.1100;23-Jun-2010

Deutsche Mutual Fund
101628;DWS Alpha Equity Fund - Dividend;INF223J01218;INF223J01226;16.42;16.26;16.42;23-Jun-2010
101629;DWS Alpha Equity Fund - Growth;INF223J01234;;75.46;74.71;75.46;23-Jun-2010
111920;DWS Alpha Equity Fund Wealth Plan - Growth Option;INF223J01267;;15.71;15.55;15.71;23-Jun-2010
111919;DWS Alpha Equity Fund Wealth Plan -Dividend Option;INF223J01242;INF223J01259;13.14;13.01;13.14;23-Jun-2010
102195;DWS Equity Income Fund - Annual Dividend option;INF223J01EZ9;INF223J01FA9;11.5468;11.4313;11.5468;23-Jun-2010
102196;DWS Equity Income Fund - Growth Option;INF223J01FB7;;15.8992;15.7402;15.8992;23-Jun-2010
102193;DWS Equity Income Fund - Monthly Dividend option;INF223J01FC5;INF223J01FD3;10.6933;10.5864;10.6933;23-Jun-2010
102194;DWS Equity Income Fund - Quarterly  Dividend;INF223J01FE1;INF223J01FF8;10.6818;10.5750;10.6818;23-Jun-2010
102203;DWS Investment Opportunity Fund - Dividend Option;INF223J01275;INF223J01283;25.87;25.61;25.87;23-Jun-2010
102204;DWS Investment Opportunity Fund - Growth Option;INF223J01291;;37.33;36.96;37.33;23-Jun-2010
111918;DWS Investment Opportunity Fund Wealth Plan- Dividend Option;INF223J01309;INF223J01317;12.93;12.80;12.93;23-Jun-2010
111917;DWS Investment Opportunity Fund Wealth Plan- Growth Option;INF223J01325;;16.90;16.73;16.90;23-Jun-2010

DSP Mutual Fund
105876;DSP BlackRock Equity Fund - Institutional Plan - Growth;INF740K01FY0;;12.161;12.161;12.161;23-Jun-2010
105874;DSP India T.I.G.E.R. Fund - Institutional Plan - Growth;INF740K01GB6;;13.225;13.225;13.225;23-Jun-2010
105873;DSP India T.I.G.E.R. Fund - Institutional Plan - IDCW;INF740K01GD2;INF740K01GC4;9.446;9.446;9.446;23-Jun-2010
107354;DSP BlackRock Technology.com   Fund - Regular Plan - Dividend;INF740K01193;INF740K01201;23.920;23.681;23.920;23-Jun-2010
100090;DSP BlackRock Technology.com   Fund - Regular Plan - Growth;INF740K01219;;32.750;32.423;32.750;23-Jun-2010
105871;DSP Top 100 Equity Fund - Institutional  Plan - Dividend;INF740K01GG5;INF740K01GF7;12.787;12.787;12.787;23-Jun-2010
105872;DSP Top 100 Equity Fund - Institutional  Plan - Growth;INF740K01GE0;;12.787;12.787;12.787;23-Jun-2010
105869;DSP Equity Opportunities Fund - Institutional Plan - Growth;INF740K01GH3;;9.875;9.875;9.875;23-Jun-2010
105870;DSP Equity Opportunities Fund - Institutional Plan - IDCW;INF740K01GJ9;INF740K01GI1;9.875;9.875;9.875;23-Jun-2010

Edelweiss Mutual Fund
112402;Edelweiss Equity Savings Advantage Fund - Dividend Option;INF754K01483;INF754K01509;10.0448;9.9444;10.0448;23-Jun-2010
112387;Edelweiss Equity Savings Advantage Fund - Growth Option;INF754K01475;;10.2321;10.1298;10.2321;23-Jun-2010

Fidelity Mutual Fund
102962;Fidelity Equity Fund-Dividend Option;;;20.874;20.665;20.874;23-Jun-2010
102961;Fidelity Equity Fund-Growth Option;;;32.986;32.656;32.986;23-Jun-2010
106570;Fidelity India Growth Fund - Dividend Option;;;11.422;11.308;11.422;23-Jun-2010
106569;Fidelity India Growth Fund - Growth Option;;;11.422;11.308;11.422;23-Jun-2010
103768;Fidelity India Special Situations Fund-Dividend Option;;;15.793;15.635;15.793;23-Jun-2010
103767;Fidelity India Special Situations Fund-Growth Option;;;17.417;17.243;17.417;23-Jun-2010
112289;Fidelity India Value Fund-Dividend Option;;;10.688;10.581;10.688;23-Jun-2010
112288;Fidelity India Value Fund-Growth Option;;;10.688;10.581;10.688;23-Jun-2010
105803;Fidelity International Opportunities Fund - Dividend Option;;;12.434;12.310;12.434;23-Jun-2010
105802;Fidelity International Opportunities Fund - Growth Option;;;12.434;12.310;12.434;23-Jun-2010

Fortis Mutual Fund
110826;Fortis  Equity Fund-Dividend Plan;;;10.79;10.79;10.79;23-Jun-2010
110825;Fortis  Equity Fund-Growth Plan;;;31.89;31.89;31.89;23-Jun-2010
110741;Fortis China-India Fund-Regular Plan-Dividend Option;;;8.6054;8.6054;8.6054;23-Jun-2010
110742;Fortis China-India Fund-Regular Plan-Growth Option;;;8.6076;8.6076;8.6076;23-Jun-2010
110749;Fortis Dividend Yield Fund-Dividend Option;;;11.557;11.557;11.557;23-Jun-2010
110748;Fortis Dividend Yield Fund-Growth Option;;;16.622;16.622;16.622;23-Jun-2010
110848;Fortis Future  Leaders Fund-Dividend Option;;;9.136;9.136;9.136;23-Jun-2010
110847;Fortis Future  Leaders Fund-Growth Option;;;9.175;9.175;9.175;23-Jun-2010
110778;Fortis Opportunities Fund-Dividend;;;9.619;9.619;9.619;23-Jun-2010
110777;Fortis Opportunities Fund-Growth;;;18.487;18.487;18.487;23-Jun-2010
110955;Fortis Sustainable Development Fund - Dividend Option;;;11.1563;11.1563;11.1563;23-Jun-2010
110956;Fortis Sustainable Development Fund - Growth Option;;;12.2487;12.2487;12.2487;23-Jun-2010

Franklin Templeton Mutual Fund
102270;Franklin FMCG Fund - Dividend;;;38.1235;37.7423;38.1235;23-Jun-2010
100523;Franklin FMCG Fund - Growth;;;60.7408;60.1334;60.7408;23-Jun-2010
105066;Franklin India Index Fund - BSE Plan - Dividend Plan;INF090I01908;INF090I01916;49.9572;49.4576;49.9572;23-Jun-2010
102320;Franklin India Index Fund - BSE Plan - Growth Plan;INF090I01924;;49.9572;49.4576;49.9572;23-Jun-2010
102271;Franklin Pharma Fund - Dividend;;;31.0988;30.7878;31.0988;23-Jun-2010
100902;Franklin Pharma Fund - Growth;;;58.7660;58.1783;58.7660;23-Jun-2010

HDFC Mutual Fund
103468;HDFC Focused Large-Cap Fund-Dividend;INF179K01K57;INF179K01K65;12.36;0;0;23-Jun-2010
103469;HDFC Focused Large-Cap Fund-Growth;INF179K01K73;;14.941;0;0;23-Jun-2010
101282;HDFC Index Fund-Sensex Plus( FV-Rs32.161);INF179K01LB7;;212.4342;212.4342;212.4342;23-Jun-2010

HSBC Mutual Fund
105227;HSBC Dividend Yield Equity Fund - Dividend;INF336L01BC0;INF336L01BB2;10.3708;10.2671;10.3708;23-Jun-2010
105228;HSBC Dividend Yield Equity Fund - Growth;INF336L01BD8;;10.3708;10.2671;10.3708;23-Jun-2010

ICICI Prudential Mutual Fund
103028;ICICI Prudential Blended Plan A -  Dividend;INF109K01DZ0;INF109K01AO0;10.6055;10.5525;10.6055;23-Jun-2010
103027;ICICI Prudential Blended Plan A - Growth;INF109K01AP7;;14.0817;14.0113;14.0817;23-Jun-2010
105099;ICICI Prudential Equity Opportunities Fund - Institutional Growth Plan;;;12.88;12.88;12.88;23-Jun-2010
105098;ICICI Prudential Equity Opportunities Fund - Retail Dividend Plan;;;11.67;11.67;11.67;23-Jun-2010
105096;ICICI Prudential Equity Opportunities Fund - Retail Growth Plan;;;12.51;12.51;12.51;23-Jun-2010
103659;ICICI Prudential Fusion Fund - Institutional Option - I - Growth;;;14.85;14.85;N.A.;23-Jun-2010
103661;ICICI Prudential Fusion Fund-Dividend Plan;;;13.30;13.30;N.A.;23-Jun-2010
103660;ICICI Prudential Fusion Fund-Growth Plan;;;14.11;14.11;N.A.;23-Jun-2010
107377;ICICI Prudential Fusion Fund Series-III - Institutional Dividend Plan;;;12.57;12.57;N.A.;23-Jun-2010
107374;ICICI Prudential Fusion Fund Series-III - Institutional Growth Plan;;;12.57;12.57;N.A.;23-Jun-2010
107375;ICICI Prudential Fusion Fund Series-III - Retail Dividend Plan;;;12.28;12.28;N.A.;23-Jun-2010
107376;ICICI Prudential Fusion Fund Series-III - Retail Growth Plan;;;12.28;12.28;N.A.;23-Jun-2010

ING Mutual Fund
104273;ING C.U.B (Competitive Upcoming Businesses) Fund-Bonus Option;INF084M01374;;16.7500;16.7500;16.7500;23-Jun-2010
104274;ING C.U.B (Competitive Upcoming Businesses) Fund-Dividend Option;INF084M01358;INF084M01366;12.2300;12.2300;12.2300;23-Jun-2010
104275;ING C.U.B (Competitive Upcoming Businesses) Fund-Growth Option;INF084M01341;;16.7500;16.7500;16.7500;23-Jun-2010
103649;ING Contra Fund -Growth Option;INF084M01382;;15.9500;15.9500;15.9500;23-Jun-2010
103651;ING Contra Fund-Bonus Option;INF084M01416;;15.9500;15.9500;15.9500;23-Jun-2010
103650;ING Contra Fund-Dividend Option;INF084M01390;INF084M01408;13.6100;13.6100;13.6100;23-Jun-2010
100188;ING Core Equity Fund-Dividend Option;INF084M01192;INF084M01200;18.9100;18.9100;18.9100;23-Jun-2010
100189;ING Core Equity Fund-Growth Option;INF084M01184;;35.7400;35.7400;35.7400;23-Jun-2010
103162;ING Dividend Yield Fund-Dividend Option;INF084M01226;INF084M01234;19.8800;19.8800;19.8800;23-Jun-2010
103161;ING Dividend Yield Fund-Growth Option;INF084M01218;;21.8800;21.8800;21.8800;23-Jun-2010
102717;ING Domestic Opportunities Fund-Dividend Option;INF084M01168;INF084M01176;13.3900;13.3900;13.3900;23-Jun-2010
102716;ING Domestic Opportunities Fund-Growth Option;INF084M01150;;35.4700;35.4700;35.4700;23-Jun-2010
102243;ING Large Cap Equity Fund-Dividend Option;INF084M01283;INF084M01291;17.8800;17.8800;17.8800;23-Jun-2010
102242;ING Large Cap Equity Fund-Growth Option;INF084M01275;;26.8200;26.8200;26.8200;23-Jun-2010
102932;ING Midcap Fund-Dividend Option;INF084M01259;INF084M01267;16.2200;16.2200;16.2200;23-Jun-2010
102931;ING Midcap Fund-Growth Option;INF084M01242;;20.4200;20.4200;20.4200;23-Jun-2010
105619;ING Multi Manager Equity Fund - Option A- Dividend(Payout and Reinvestment);INF084M01AX2;INF084M01AY0;10.6000;10.6000;10.6000;23-Jun-2010
105620;ING Multi Manager Equity Fund - Option A- Growth;INF084M01AW4;;10.6000;10.6000;10.6000;23-Jun-2010
106387;ING OptiMix Multi Manager Equity Fund-Option B-Growth;;;10.8200;10.8200;10.8200;23-Jun-2010

Invesco Mutual Fund
106868;Religare Invesco AGILE Fund - Dividend Option;INF205K01114;INF205K01106;6.06;6.00;6.06;23-Jun-2010
106867;Religare Invesco AGILE Fund - Growth Option;INF205K01098;;6.05;5.99;6.05;23-Jun-2010

JM Financial Mutual Fund
106946;JM AGRI & INFRA FUND - Dividend option;;;2.9820;0.0000;0.0000;23-Jun-2010
106947;JM AGRI & INFRA FUND - Growth option;;;2.9820;0.0000;0.0000;23-Jun-2010
106148;JM Contra Fund - Dividend option;;;5.6930;5.6930;5.6930;23-Jun-2010
106147;JM Contra Fund - Growth option;;;5.6930;5.6930;5.6930;23-Jun-2010
103109;JM Emerging Leaders Fund-Dividend;;;8.1436;8.1436;8.1436;23-Jun-2010
103108;JM Emerging Leaders Fund-Growth;;;8.1260;8.1260;8.1260;23-Jun-2010
104412;JM Financial Services Sector Fund - Dividend Plan;;;9.3635;9.3635;9.3635;23-Jun-2010
104411;JM Financial Services Sector Fund - Growth Plan;;;9.3635;9.3635;9.3635;23-Jun-2010
103752;JM HIFI Fund-Dividend;;;5.5962;5.5962;5.5962;23-Jun-2010
103751;JM HIFI Fund-Growth;;;5.5961;5.5961;5.5961;23-Jun-2010
102480;JM Large Cap Fund-Dividend;;;13.6448;13.6448;13.6448;23-Jun-2010
102481;JM Large Cap Fund-Growth;;;18.5554;18.5554;18.5554;23-Jun-2010
102478;JM Mid Cap Fund-Dividend;;;17.6979;17.6979;17.6979;23-Jun-2010
102479;JM Mid Cap Fund-Growth;;;25.8323;25.8323;25.8323;23-Jun-2010
111720;JM Nifty Plus Fund - Dividend Option;;;15.4759;15.4759;15.4759;23-Jun-2010
111721;JM Nifty Plus Fund - Growth Option;;;16.9972;16.9972;16.9972;23-Jun-2010
105039;JM Small & Mid-cap Fund - Regular Plan - Dividend option;;;5.9047;5.9047;5.9047;23-Jun-2010
105038;JM Small & Mid-cap Fund - Regular Plan - Growth option;;;5.9047;5.9047;5.9047;23-Jun-2010
104414;JM Telecom Sector Fund - Dividend Plan;;;7.5000;7.5000;7.5000;23-Jun-2010
104413;JM Telecom Sector Fund - Growth Plan;;;7.5000;7.5000;7.5000;23-Jun-2010

JPMorgan Mutual Fund
110159;JPMorgan India Alpha Fund-Dividend;;;10.277;10.174;10.277;23-Jun-2010
110160;JPMorgan India Alpha Fund-Growth;;;11.185;11.073;11.185;23-Jun-2010
105583;JPMorgan India Equity Fund - Regular Plan - Dividend Option;INF843K01054;INF843K01062;11.527;11.412;11.527;23-Jun-2010
105582;JPMorgan India Equity Fund - Regular Plan - Growth Option;INF843K01047;;12.415;12.291;12.415;23-Jun-2010
107302;JPMorgan India Mid and Small Cap Fund - Regular Plan - Dividend Option;INF843K01021;INF843K01039;7.408;7.334;7.408;23-Jun-2010
107301;JPMorgan India Mid and Small Cap Fund - Regular Plan - Growth Option;INF843K01013;;7.408;7.334;7.408;23-Jun-2010

Kotak Mahindra Mutual Fund
101733;Kotak 30-(Dividend);;;30.914;30.605;30.914;23-Jun-2010
101734;Kotak 30-(Growth);;;98.018;97.038;98.018;23-Jun-2010
107393;Kotak Indo World Infrastructure Fund  - Dividend;;;7.179;7.179;7.179;23-Jun-2010
107394;Kotak Indo World Infrastructure Fund  - Growth;;;7.18;7.18;7.18;23-Jun-2010
103473;KOTAK LIFESTYLE FUND---Dividend;;;10.867;10.758;10.867;23-Jun-2010
103474;KOTAK LIFESTYLE FUND---Growth;;;12.547;12.422;12.547;23-Jun-2010

L&T Mutual Fund
112548;L&T Contra Fund-Cumulative Option;INF917K01BU1;;9.96;9.96;9.96;23-Jun-2010
112547;L&T Contra Fund-Dividend Option;INF917K01BS5;INF917K01BT3;9.96;9.96;9.96;23-Jun-2010
112505;L&T Global Advantage Fund.-Cumulative Option;;;10.30;10.30;10.30;23-Jun-2010
112504;L&T Global Advantage Fund.-Dividend Option;;;7.14;7.14;7.14;23-Jun-2010
112459;L&T Growth Fund- Dividend payout;INF917K01148;INF917K01155;17.04;17.04;17.04;23-Jun-2010
112460;L&T Growth Fund-Cumulative;INF917K01163;;36.08;36.08;36.08;23-Jun-2010
112587;L&T Hedged Equity Fund - Cumulative;INF917K01221;;13.15;13.15;13.15;23-Jun-2010
112586;L&T Hedged Equity Fund - Dividend;INF917K01205;INF917K01213;9.33;9.33;9.33;23-Jun-2010
112502;L&T Multi-Cap Fund-Cumulative Option;;;18.16;18.16;18.16;23-Jun-2010
112501;L&T Multi-Cap Fund-Dividend Option;;;14.48;14.48;14.48;23-Jun-2010
112434;L&T Opportunities Fund- Dividend payout;INF917K01171;INF917K01189;18.84;18.84;18.84;23-Jun-2010
112435;L&T Opportunities Fund-Cumulative;INF917K01197;;43.01;43.01;43.01;23-Jun-2010
112606;L&T Small Cap Fund -Dividend Option;;;5.82;0.00;0.00;23-Jun-2010
112607;L&T Small Cap Fund-Cumulative Option;;;5.82;0.00;0.00;23-Jun-2010

LIC Mutual Fund
104672;LIC NOMURA MF INDIA VISION FUND - DIVIDEND OPTION;INF767K01659;INF767K01667;8.6691;8.5824;8.6691;23-Jun-2010
104671;LIC NOMURA MF INDIA VISION FUND - GROWTH OPTION;INF767K01675;;8.6691;8.5824;8.6691;23-Jun-2010
102900;LIC NOMURA MF Opportunities Fund-Dividend;INF767K01212;INF767K01204;10.0571;9.9565;10.0571;23-Jun-2010
102901;LIC NOMURA MF Opportunities Fund-Growth;INF767K01220;;17.6696;17.4929;17.6696;23-Jun-2010
106692;LIC NOMURA MF SYSTEMATIC ASSET ALLOCATION FUND - DIVIDEND OPTION;INF767K01741;INF767K01758;10.2683;10.2107;0.0000;23-Jun-2010
106693;LIC NOMURA MF SYSTEMATIC ASSET ALLOCATION FUND - GROWTH OPTION;INF767K01766;;10.2683;10.2107;0.0000;23-Jun-2010
107337;LIC NOMURA MF TOP 100 FUND - DIVIDEND OPTION;INF767K01774;INF767K01782;8.1123;8.0114;0.0000;23-Jun-2010
107338;LIC NOMURA MF TOP 100 FUND - GROWTH OPTION;INF767K01790;;8.1123;8.0114;0.0000;23-Jun-2010

Mirae Asset Mutual Fund
109137;Mirae Asset Global Commodity Stocks - Dividend Option;INF769K01069;INF769K01051;11.0520;10.9410;11.0520;23-Jun-2010
109138;Mirae Asset Global Commodity Stocks - Growth Option;INF769K01044;;11.0520;10.9410;11.0520;23-Jun-2010

Morgan Stanley Mutual Fund
108196;Morgan Stanley A.C.E. Fund- Regular Dividend Plan;INF063A01068;INF063A01076;14.138;13.997;14.138;23-Jun-2010
108197;Morgan Stanley A.C.E. Fund- Regular Growth Plan;INF063A01050;;14.138;13.997;14.138;23-Jun-2010
111679;Morgan Stanley Growth Fund- Regular Dividend Plan;INF063A01035;INF063A01043;19.488;19.293;19.488;23-Jun-2010
100347;Morgan Stanley Growth Fund- Regular Growth Plan;INF063A01027;;59.806;59.208;59.806;23-Jun-2010

Nippon India Mutual Fund
103749;Reliance Focused Large Cap Fund-Dividend Plan;INF204K01653;INF204K01661;14.8052;14.6571;14.8052;23-Jun-2010
103748;Reliance Focused Large Cap Fund-Growth Plan-Bonus Option;INF204K01679;;14.8054;14.6573;14.8054;23-Jun-2010
103747;Reliance Focused Large Cap Fund-Growth Plan-Growth Option;INF204K01687;;14.8052;14.6571;14.8052;23-Jun-2010
111944;Reliance Infrastructure Fund -Bonus Option;INF204K01AJ9;;11.3355;11.2221;11.3355;23-Jun-2010
111945;Reliance Infrastructure Fund -Dividend Option;INF204K01AK7;INF204K01AL5;11.3355;11.2221;11.3355;23-Jun-2010
111943;Reliance Infrastructure Fund -Growth Option;INF204K01AM3;;11.3355;11.2221;11.3355;23-Jun-2010
111948;Reliance Infrastructure Fund- Institutional Plan-Dividend Option;INF204K01AG5;INF204K01AH3;11.3499;11.2364;11.3499;23-Jun-2010
111946;Reliance Infrastructure Fund- Institutional Plan-Growth Option;INF204K01AI1;;11.3499;11.2364;11.3499;23-Jun-2010
107637;Reliance Natural Resources Fund-Dividend Plan-Dividend Option;INF204K01810;INF204K01828;9.4680;9.3733;9.4680;23-Jun-2010
107635;Reliance Natural Resources Fund-Growth Plan-Bonus Option;INF204K01836;;9.4680;9.3733;9.4680;23-Jun-2010
107636;Reliance Natural Resources Fund-Growth Plan-Growth Option;INF204K01844;;9.4680;9.3733;9.4680;23-Jun-2010

PineBridge Mutual Fund
105601;PineBridge India Equity Fund- Institutional Plan- Dividend Option;INF178L01046;INF178L01053;12.435;12.373;12.435;23-Jun-2010
105600;PineBridge India Equity Fund- Standard Plan- Dividend Option;INF178L01012;INF178L01020;12.189;12.067;12.189;23-Jun-2010
105598;PineBridge India Equity Fund- Standard Plan- Growth Option;INF178L01038;;12.189;12.067;12.189;23-Jun-2010
107407;PineBridge Infrastructure & Economic Reform Fund - Institutional Plan-Dividend;INF178L01103;INF178L01111;9.361;9.314;9.361;23-Jun-2010
107406;PineBridge Infrastructure & Economic Reform Fund - Institutional Plan-Growth;INF178L01129;;9.361;9.314;9.361;23-Jun-2010
107408;PineBridge Infrastructure & Economic Reform Fund - Standard Plan-Dividend;INF178L01079;INF178L01087;9.221;9.129;9.221;23-Jun-2010
107405;PineBridge Infrastructure & Economic Reform Fund - Standard Plan-Growth;INF178L01095;;9.221;9.129;9.221;23-Jun-2010

Principal Mutual Fund
105316;Principal Pnb Long Term Equity Fund - Dividend Option;;;11.3;11.24;11.3;23-Jun-2010
105317;Principal Pnb Long Term Equity Fund - Growth Option;;;11.3;11.24;11.3;23-Jun-2010
102427;Principal Resurgent India Equity Fund-Dividend;;;12.47;12.35;12.47;23-Jun-2010
102426;Principal Resurgent India Equity Fund-Growth;;;87.77;86.89;87.77;23-Jun-2010
100151;Principal Retail Equity Savings Fund - Growth Option;INF173K01CP9;;85.69;84.83;85.69;23-Jun-2010
103453;Principal Services Industries Fund-DIVIDEND;INF173K01999;INF173K01AA5;12.38;12.26;12.38;23-Jun-2010
103454;Principal Services Industries Fund-GROWTH;INF173K01981;;13.96;13.82;13.96;23-Jun-2010

Sahara Mutual Fund
109493;SAHARA BANKING & FINANCIAL SERVICES FUND- GROWTH OPTION;INF515L01494;;27.4600;27.1854;27.4600;23-Jun-2010
109494;SAHARA BANKING & FINANCIAL SERVICES FUND-DIVIDEND OPTION;INF515L01478;INF515L01486;17.3732;17.1995;17.3732;23-Jun-2010
101529;Sahara Growth Fund-Dividend;INF515L01155;INF515L01163;29.3380;29.0446;29.3380;23-Jun-2010
101528;Sahara Growth Fund-Growth;INF515L01171;;78.2507;77.4682;78.2507;23-Jun-2010
103730;Sahara Infrastructure Fund ---FIXED PRICING OPTION-Dividend Option;INF515L01320;INF515L01338;12.3325;12.2092;12.3325;23-Jun-2010
103731;Sahara Infrastructure Fund ---FIXED PRICING OPTION-Growth Option;INF515L01346;;16.8668;16.6981;16.8668;23-Jun-2010
103732;Sahara Infrastructure Fund ---VARIABLE PRICING OPTION-Dividend Option;INF515L01353;INF515L01361;12.7699;12.6422;12.7699;23-Jun-2010
103733;Sahara Infrastructure Fund ---VARIABLE PRICING OPTION-Growth Option;INF515L01379;;17.3795;17.2057;17.3795;23-Jun-2010
100798;Sahara Midcap Fund-Auto Payout;INF515L01247;;29.6082;29.3121;29.6082;23-Jun-2010
100799;Sahara Midcap Fund-Bonus;INF515L01254;;29.6082;29.3121;29.6082;23-Jun-2010
100797;Sahara Midcap Fund-Dividend Plan;INF515L01213;INF515L01221;15.8446;15.6862;15.8446;23-Jun-2010
100796;Sahara Midcap Fund-Growth Plan;INF515L01239;;29.6082;29.3121;29.6082;23-Jun-2010
108320;Sahara Power & Natural Resources Fund - Dividend Option;INF515L01445;INF515L01452;12.8539;12.7254;12.8539;23-Jun-2010
108321;Sahara Power & Natural resources Fund- Growth Option;INF515L01460;;12.8536;12.7251;12.8536;23-Jun-2010
112104;Sahara Star Value Fund-Dividend Option;INF515L01585;INF515L01593;11.8677;11.7490;11.8677;23-Jun-2010
112105;Sahara Star Value Fund-Growth Option;INF515L01601;;11.8731;11.7544;11.8731;23-Jun-2010
112036;Sahara Super 20 Fund - Dividend Option;INF515L01551;INF515L01569;11.1649;11.0533;11.1649;23-Jun-2010
112037;Sahara Super 20 Fund - Growth Option;INF515L01577;;11.1656;11.0539;11.1656;23-Jun-2010
103119;Sahara Wealth Plus Fund-Fixed Pricing Option-Dividend Option;INF515L01262;INF515L01270;19.7984;19.6004;19.7984;23-Jun-2010
103120;Sahara Wealth Plus Fund-Fixed Pricing Option-Growth Option;INF515L01288;;19.7984;19.6004;19.7984;23-Jun-2010
103121;Sahara Wealth Plus Fund-Variable Pricing Option-Dividend Option;INF515L01296;INF515L01304;20.4707;20.2660;20.4707;23-Jun-2010
103122;Sahara Wealth Plus Fund-Variable Pricing Option-Growth Option;INF515L01312;;20.4708;20.2661;20.4708;23-Jun-2010

SBI Mutual Fund
102208;SBI MAGNUM NRI FLEXIASSET PLAN-DIVIDEND;INF200K01511;INF200K01529;28.0578;27.7772;28.0578;23-Jun-2010
102207;SBI MAGNUM NRI FLEXIASSET PLAN-GROWTH;INF200K01503;;27.9532;27.6737;27.9532;23-Jun-2010
104763;SBI ONE INDIA FUND - DIVIDEND (PREVIOUSLY CLOSE ENDED UPTO 14/01/2010);INF200K01CX4;INF200K01CY2;11.00;10.89;11.00;23-Jun-2010
104762;SBI ONE INDIA FUND - GROWTH (PREVIOUSLY CLOSE ENDED UPTO 14/01/2010);INF200K01CW6;;11.00;10.89;11.00;23-Jun-2010

Shinsei Mutual Fund
112112;Shinsei Industry Leaders Fund - Dividend;;;10.74;10.63;10.74;23-Jun-2010
112107;Shinsei Industry Leaders Fund - Growth;;;10.74;10.63;10.74;23-Jun-2010

Sundaram Mutual Fund
103210;Sundaram CAPEX Opportunities Fund-Dividend;INF903J01249;INF903J01256;13.1035;13.1035;13.1035;23-Jun-2010
103211;Sundaram CAPEX Opportunities Fund-Growth;INF903J01231;;24.8968;24.8968;24.8968;23-Jun-2010
107350;Sundaram Energy Opportunities Fund Dividend;INF903J01DX3;INF903J01DY1;8.2567;8.2567;0.0000;23-Jun-2010
107351;Sundaram Energy Opportunities Fund Growth;INF903J01DW5;;8.2566;8.2566;0.0000;23-Jun-2010
109132;Sundaram Entertainment Opportunities Fund - Inst  Dividend;INF903J01694;INF903J01702;0.0000;0.0000;0.0000;23-Jun-2010
109130;Sundaram Entertainment Opportunities Fund - Inst  Growth;INF903J01710;;0.0000;0.0000;0.0000;23-Jun-2010
109131;Sundaram Entertainment Opportunities Fund - Regular Dividend;INF903J01660;INF903J01678;11.9711;11.9711;12.2404;23-Jun-2010
109129;Sundaram Entertainment Opportunities Fund - Regular Growth;INF903J01686;;15.1647;15.1647;15.5059;23-Jun-2010
100612;Sundaram Growth Fund-Dividend;INF903J01330;INF903J01348;11.5941;11.5941;11.5941;23-Jun-2010
100613;Sundaram Growth Fund-Growth;INF903J01355;;86.8167;86.8167;86.8167;23-Jun-2010
102483;Sundaram India Leadership Fund-Dividend;INF903J01397;INF903J01405;12.0664;12.0664;12.0664;23-Jun-2010
102482;Sundaram India Leadership Fund-Growth;INF903J01413;;39.3471;39.3471;39.3471;23-Jun-2010
111921;Sundaram India Leadership Fund-Inst Growth;INF903J01447;;0.0000;0.0000;0.0000;23-Jun-2010

Tata Mutual Fund
104123;Tata Capital Builder Fund - Div;INF277K01DC4;INF277K01311;13.9279;13.7886;13.9279;23-Jun-2010
104124;Tata Capital Builder Fund - Growth;INF277K01329;;14.9176;14.7684;14.9176;23-Jun-2010
103337;Tata Contra Fund Plan A -  Dividend;INF277K01DA8;INF277K01AM9;14.1256;13.9843;14.1256;23-Jun-2010
103336;Tata Contra Fund Plan A -  Growth;INF277K01AN7;;16.0564;15.8958;16.0564;23-Jun-2010
103760;Tata Equity Management Fund Plan A- Div;INF277K01DG5;INF277K01394;13.2250;13.0928;13.2250;23-Jun-2010
103761;Tata Equity Management Fund Plan A - Growth;INF277K01402;;14.2522;14.1097;14.2522;23-Jun-2010
107624;Tata Growing Economies Infrastructure Fund Scheme A Plan A - Dividend;INF277K01DQ4;INF277K01584;11.1747;11.0630;11.1747;23-Jun-2010
107623;Tata Growing Economies Infrastructure Fund Scheme A  Plan A - Growth;INF277K01592;;11.1767;11.0649;11.1767;23-Jun-2010
107626;Tata Growing Economies Infrastructure Fund Scheme B Plan A - Dividend;INF277K01DR2;INF277K01600;11.8694;11.7507;11.8694;23-Jun-2010
107625;Tata Growing Economies Infrastructure Fund Scheme B Plan A - Growth;INF277K01618;;11.8705;11.7518;11.8705;23-Jun-2010
101747;Tata Index Fund - Sensex B;INF277K01766;;14.0231;13.4622;14.0231;23-Jun-2010
106481;Tata Indo-Global Infrastructure Fund Plan A- Dividend;INF277K01BF1;INF277K01BG9;7.8258;7.7553;0.0000;23-Jun-2010
106482;Tata Indo-Global Infrastructure Fund Plan A - Growth;INF277K01BE4;;7.8206;7.7501;0.0000;23-Jun-2010
101871;Tata Life Science & Technology Fund - Dividend Option;INF277K01DZ5;INF277K01816;35.6672;35.3105;35.6672;23-Jun-2010
101000;Tata Life Sciences & Technology Fund - Growth;INF277K01824;;66.9863;66.3164;66.9863;23-Jun-2010
103072;Tata Mid Cap Fund Plan A- Dividend;INF277K01EA6;INF277K01832;16.4757;16.3109;16.4757;23-Jun-2010
103071;Tata Mid Cap Fund Plan A- Growth;INF277K01840;;17.5058;17.3307;17.5058;23-Jun-2010
102930;Tata Service Industries Fund - Appreciation;INF277K01AL1;;24.1345;23.8932;24.1345;23-Jun-2010
102929;Tata Service Industries Fund - Dividend;INF277K01CZ7;INF277K01AK3;19.3676;19.1739;19.3676;23-Jun-2010

UTI Mutual Fund
100749;UTI - Master Index Fund-Growth Option;INF789F01JK8;;54.9033;54.9033;54.9033;23-Jun-2010
100748;UTI - Master Index Fund-Income Option;INF789F01JI2;INF789F01JJ0;54.9033;54.9033;54.9033;23-Jun-2010
100656;UTI - Master Plus Unit Scheme-Growth Option;INF789F01943;;77.32;77.32;77.32;23-Jun-2010
100657;UTI - Master Plus Unit Scheme-Income Option;INF189A01061;INF789F01935;55.74;55.74;55.74;23-Jun-2010
100751;UTI - Master Value Fund-Growth Option;INF789F01AD2;;48.75;48.75;48.75;23-Jun-2010
100750;UTI - Master Value Fund-Income Option;INF789F01AB6;INF789F01AC4;22.38;22.38;22.38;23-Jun-2010
103455;UTI Bluechip Flexicap Fund - Regular Plan - Dividend Option;INF789F01760;INF789F01778;13.71;13.71;13.71;23-Jun-2010
103457;UTI Bluechip Flexicap Fund - Regular Plan - Growth option;INF789F01786;;14.79;14.79;14.79;23-Jun-2010
103534;UTI Contra Fund-Growth-Growth Option;INF789F01430;;13.72;13.72;13.72;23-Jun-2010
103532;UTI Contra Fund-Income-Dividend Option;INF789F01414;INF789F01422;12.67;12.67;12.67;23-Jun-2010

Open Ended Schemes ( Balanced )


Aditya Birla Sun Life Mutual Fund
100035;Birla Sun Life Freedom Fund-Plan A (Dividend);;;17.90;17.72;17.90;23-Jun-2010
100036;Birla Sun Life Freedom Fund-Plan B (Growth);;;32.33;32.01;32.33;23-Jun-2010

HDFC Mutual Fund
100121;HDFC Balanced Fund - Dividend Option;INF179K01376;INF179K01384;19.817;19.619;19.817;23-Jun-2010
100122;HDFC Balanced Fund - Growth Option;INF179K01392;;50.354;49.85;50.354;23-Jun-2010
101978;HDFC Prudence Fund - Dividend Option;INF179K01AT2;INF179K01AU0;29.818;29.52;29.818;23-Jun-2010
101977;HDFC Prudence Fund - Growth Option;INF179K01AV8;;194.126;192.185;194.126;23-Jun-2010

ING Mutual Fund
100202;ING Balanced Fund-Dividend Option;INF084M01AC6;INF084M01AD4;16.9900;16.9900;16.9900;23-Jun-2010
100203;ING Balanced Fund-Growth Option;INF084M01AB8;;24.2900;24.2900;24.2900;23-Jun-2010

UTI Mutual Fund
101662;UTI - Variable Investment Scheme-Growth Option;;;16.1655;16.1655;16.1655;23-Jun-2010
101661;UTI - Variable Investment Scheme-Income Option;;;12.1526;12.1526;12.1526;23-Jun-2010

Open Ended Schemes ( Liquid )


Bandhan Mutual Fund
108794;IDFC Liquid Fund - Daily Dividend;INF194K01GJ9;INF194K01GI1;1000.2100;1000.2100;1000.2100;23-Jun-2010
108793;IDFC Liquid Fund - Growth;INF194K01GE0;;1310.5572;1310.5572;1310.5572;23-Jun-2010
108796;IDFC Liquid Fund - Monthly Dividend;INF194K01GG5;INF194K01GF7;1007.1620;1007.1620;1007.1620;23-Jun-2010
108795;IDFC Liquid Fund-Weekly Dividend;INF194K01GM3;INF194K01GL5;1001.9809;1001.9809;1001.9809;23-Jun-2010
111928;IDFC Liquid Fund  Plan D- Growth;INF194K01GR2;;10.5169;10.5169;10.5169;23-Jun-2010
111927;IDFC Liquid Fund Plan - D  - Daily Dividend;INF194K01GT8;INF194K01GS0;10.0000;10.0000;10.0000;23-Jun-2010
112891;IDFC Liquid Fund- Plan F Dividend;INF194K01HD0;INF194K01HC2;10.0946;10.0946;10.0946;23-Jun-2010
112890;IDFC Liquid Fund- Plan F Growth;INF194K01HB4;;10.0913;10.0913;10.0913;23-Jun-2010

Deutsche Mutual Fund
105672;DWS INSTA CASH PLUS FUND - Regular Plan BONUS OPTION;INF223J01BH3;;11.5709;11.5709;11.5709;23-Jun-2010
106471;DWS Insta Cash Plus Fund -Growth;INF223J01BP6;;12.0788;12.0788;12.0788;23-Jun-2010
106467;DWS Insta Cash Plus Fund-Daily Dividend;;INF223J01BO9;10.0304;10.0304;10.0304;23-Jun-2010
101718;DWS Insta Cash Plus Fund-DIVIDEND-Daily Dividend;;INF223J01BI1;10.3010;10.3010;10.3010;23-Jun-2010
101717;DWS Insta Cash Plus Fund-DIVIDEND-MONTHLY DIVIDEND;INF223J01BK7;INF223J01BL5;11.0780;11.0780;11.0780;23-Jun-2010
101716;DWS Insta Cash Plus Fund-DIVIDEND-WEEKLY DIVIDEND;INF223J01BM3;INF223J01BN1;10.3597;10.3597;10.3597;23-Jun-2010
101719;DWS Insta Cash Plus Fund-Growth-GROWTH;INF223J01BJ9;;15.5801;15.5801;15.5801;23-Jun-2010
101722;DWS Insta Cash Plus Fund-Institutional Plan-Daily Dividend;;INF223J01BA8;10.0516;10.0516;10.0516;23-Jun-2010
101721;DWS Insta Cash Plus Fund-Institutional Plan-Growth;INF223J01BB6;;14.6468;14.6468;14.6468;23-Jun-2010
101723;DWS Insta Cash Plus Fund-Institutional Plan-Weekly Dividend;INF223J01BF7;INF223J01BG5;10.0854;10.0854;10.0854;23-Jun-2010
112228;DWS Treasury Fund - Cash Plan - Daily Dividend;;INF223J01SB0;10.0391;10.0391;10.0893;23-Jun-2010
112221;DWS Treasury Fund - Cash Plan - Growth;INF223J01SC8;;10.3253;10.3253;10.3769;23-Jun-2010
112227;DWS Treasury Fund - Cash Plan - Institiutional - Daily Dividend;;INF223J01DZ1;10.0497;10.0497;10.0999;23-Jun-2010
112222;DWS Treasury Fund - Cash Plan - Institiutional - Growth;INF223J01EA2;;10.3414;10.3414;10.3931;23-Jun-2010
112969;DWS Treasury Fund - Cash Plan - Institiutional - Weekly Dividend;INF223J01EB0;INF223J01EC8;10.0100;10.0100;10.0600;23-Jun-2010
112226;DWS Treasury Fund - Investment Plan - Daily Dividend;;INF223J01EX4;10.2220;10.1198;10.2220;23-Jun-2010
112223;DWS Treasury Fund - Investment Plan - Growth;INF223J01EY2;;10.4443;10.3399;10.4443;23-Jun-2010
112225;DWS Treasury Fund - Investment Plan - Institiutional - Daily Dividend;;INF223J01EO3;10.0417;9.9413;10.0417;23-Jun-2010
112224;DWS Treasury Fund - Investment Plan - Institiutional - Growth;INF223J01EP0;;10.4632;10.3586;10.4632;23-Jun-2010
112970;DWS Treasury Fund - Investment Plan - Institiutional - Weekly Dividend;INF223J01EQ8;INF223J01ER6;10.0100;10.0100;10.0100;23-Jun-2010
112968;DWS Treasury Fund - Investment Plan - Monthly Dividend;INF223J01ES4;INF223J01ET2;10.0301;10.0301;10.0301;23-Jun-2010
112967;DWS Treasury Fund - Investment Plan - Weekly Dividend;INF223J01EU0;INF223J01EV8;10.0260;10.0260;10.0260;23-Jun-2010

Edelweiss Mutual Fund
109934;Edelweiss Liquid Fund - Retail Plan - Daily Dividend Option;;INF754K01AS4;10.0000;10.0000;10.0000;23-Jun-2010
109940;Edelweiss Liquid Fund - Retail Plan - Growth Option;INF754K01AO3;;10.8760;10.8760;10.8760;23-Jun-2010
109939;Edelweiss Liquid Fund - Retail Plan - Monthly Dividend Option;INF754K01AP0;INF754K01AR6;10.0274;10.0274;10.0274;23-Jun-2010
109937;Edelweiss Liquid Fund - Retail Plan - Weekly Dividend Option;;INF754K01AT2;10.0000;10.0000;10.0000;23-Jun-2010

Fidelity Mutual Fund
104498;Fidelity Cash Fund - Institutional Plan - Daily Dividend Option;;INF677K01AQ1;10.0025;10.0025;10.0025;23-Jun-2010
104497;Fidelity Cash Fund - Institutional Plan - Growth Option;;;12.6196;12.6196;12.6196;23-Jun-2010
104548;Fidelity Cash Fund - Institutional Plan - Monthly Dividend Option;INF677K01AS7;INF677K01AT5;10.0000;10.0000;10.0000;23-Jun-2010
104546;Fidelity Cash Fund - Institutional Plan - Weekly Dividend Option;;INF677K01AR9;10.1764;10.1764;10.1764;23-Jun-2010
104495;Fidelity Cash Fund - Retail Plan - Daily Dividend option;;INF677K01AL2;10.0025;10.0025;10.0025;23-Jun-2010
104493;Fidelity Cash Fund - Retail Plan - Growth option;;;12.4422;12.4422;12.4422;23-Jun-2010
104547;Fidelity Cash Fund - Retail Plan - Monthly Dividend Option;;;10.0351;10.0351;10.0351;23-Jun-2010
104549;Fidelity Cash Fund - Retail Plan - Weekly Dividend Option;;INF677K01AM0;10.0038;10.0038;10.0038;23-Jun-2010
104494;Fidelity Cash Fund - Super Institutional Plan - Daily Dividend Option;;INF677K01AV1;10.1978;10.1978;10.1978;23-Jun-2010
104496;Fidelity Cash Fund - Super Institutional Plan - Growth Option;INF677K01AU3;;12.6761;12.6761;12.6761;23-Jun-2010
104551;Fidelity Cash Fund - Super Institutional Plan - Monthly Dividend Option;INF677K01AX7;INF677K01AY5;10.0000;10.0000;10.0000;23-Jun-2010
104550;Fidelity Cash Fund - Super Institutional Plan - Weekly Dividend Option;;INF677K01AW9;10.0000;10.0000;10.0000;23-Jun-2010

Fortis Mutual Fund
110922;Fortis Overnight Fund-Institutional Plan-Daily Dividend Option;;;10.0030;10.0030;10.0030;23-Jun-2010
110915;Fortis Overnight Fund-Institutional Plan-Growth Option;;;14.2462;14.2462;14.2462;23-Jun-2010
110919;Fortis Overnight Fund-Institutional Plan-Monthly Dividend Payout Option;;;10.0323;10.0323;10.0323;23-Jun-2010
110923;Fortis Overnight Fund-Institutional Plan-Weekly Dividend Option;;;10.0083;10.0083;10.0083;23-Jun-2010
110914;Fortis Overnight Fund-Institutional Plus Plan-Daily Dividend Option;;;0.0000;0.0000;0.0000;23-Jun-2010
110920;Fortis Overnight Fund-Institutional Plus Plan-Growth Option;;;0.0000;0.0000;0.0000;23-Jun-2010
110916;Fortis Overnight Fund-Institutional Plus Plan-Monthly Dividend Option;;;0.0000;0.0000;0.0000;23-Jun-2010
110917;Fortis Overnight Fund-Institutional Plus Plan-Weekly Dividend Option;;;0.0000;0.0000;0.0000;23-Jun-2010
110921;Fortis Overnight Fund-Regular Plan-Growth Option;;;13.9553;13.9553;13.9553;23-Jun-2010
110913;Fortis Overnight Fund-Regular Plan-Monthly Dividend Payout Option;;;10.0288;10.0288;10.0288;23-Jun-2010
110918;Fortis Overnight Fund-Regular Plan-Weekly Dividend Option;;;10.0074;10.0074;10.0074;23-Jun-2010

ING Mutual Fund
100198;ING Liquid Fund-Institutional Daily Dividend Option;INF084M01473;;10.0121;10.0121;10.0121;23-Jun-2010
100196;ING Liquid Fund-Institutional Growth Option;INF084M01465;;14.5901;14.5901;14.5901;23-Jun-2010
100197;ING Liquid Fund-Institutional Weekly Dividend Option;INF084M01499;INF084M01481;10.0565;10.0565;10.0565;23-Jun-2010
100192;ING Liquid Fund-Regular Daily Dividend Option;INF084M01432;;10.7873;10.7873;10.7873;23-Jun-2010
100190;ING Liquid Fund-Regular Growth Option;INF084M01424;;19.4618;19.4618;19.4618;23-Jun-2010
100191;ING Liquid Fund-Regular Weekly Dividend Option;INF084M01457;INF084M01440;10.8270;10.8270;10.8270;23-Jun-2010
100200;ING Liquid Fund-Super Institutional Daily Dividend Option;INF084M01515;;10.0048;10.0048;10.0048;23-Jun-2010
100199;ING Liquid Fund-Super Institutional Growth Option;INF084M01507;;13.8772;13.8772;13.8772;23-Jun-2010
100201;ING Liquid Fund-Super Institutional Weekly Dividend Option;INF084M01531;INF084M01523;10.0000;10.0000;10.0000;23-Jun-2010

Invesco Mutual Fund
106502;Religare Invesco Overnight Fund - Daily Dividend Reinvestment;;INF205K01HS2;10.0000;10.0000;10.0000;23-Jun-2010
106501;Religare Invesco Overnight Fund - Growth;INF205K01HR4;;11.2341;11.2341;11.2341;23-Jun-2010

JM Financial Mutual Fund
101420;JM Floater Short Term Fund - Daily Dividend Option;;INF192K01767;10.0883;10.0883;10.0883;23-Jun-2010
101421;JM Floater Short Term Fund - Growth Option;INF192K01775;;14.9819;14.9819;14.9819;23-Jun-2010

JPMorgan Mutual Fund
106562;JPMorgan India Liquid Fund - Retail Plan - Daily Dividend Option;;INF843K01203;10.0150;10.0150;10.0150;23-Jun-2010
106561;JPMorgan India Liquid Fund - Retail Plan - Growth Option;INF843K01195;;11.0699;11.0699;11.0699;23-Jun-2010
109179;JPMorgan India Liquid Fund - Retail Plan - Monthly Dividend Option;;INF843K01237;10.0604;10.0604;10.0604;23-Jun-2010
109177;JPMorgan India Liquid Fund - Retail Plan - Weekly Dividend Option;;INF843K01211;10.0166;10.0166;10.0166;23-Jun-2010
110149;JPMorgan India Liquid Fund - Super Institutional Plan - Daily Dividend Option;;INF843K01153;10.0079;10.0079;10.0079;23-Jun-2010
110150;JPMorgan India Liquid Fund - Super Institutional Plan - Growth Option;INF843K01146;;12.0411;12.0411;12.0411;23-Jun-2010
110151;JPMorgan India Liquid Fund - Super Institutional Plan - Monthly Dividend Option;INF843K01500;INF843K01187;10.0797;10.0797;10.0797;23-Jun-2010
110153;JPMorgan India Liquid Fund - Super Institutional Plan - Weekly Dividend Option;INF843K01484;INF843K01161;10.0067;10.0067;10.0067;23-Jun-2010

L&T Mutual Fund
112468;L&T Liquid Fund - Regular Weekly Dividend;;INF917K01BE5;11.9877;11.9877;11.9877;23-Jun-2010

Mirae Asset Mutual Fund
107660;Mirae Asset Liquid Fund- Regular Plan - Bonus;INF769K01580;;1009.3020;1009.3020;1009.3020;23-Jun-2010
107646;Mirae Asset Liquid Fund- Regular Plan - Daily Dividend;;INF769K01606;952.5521;952.5521;952.5521;23-Jun-2010
107648;Mirae Asset Liquid Fund- Regular Plan - Growth;INF769K01572;;1000.5154;1000.5154;1000.5154;23-Jun-2010
107649;Mirae Asset Liquid Fund- Regular Plan - Monthly Dividend;INF769K01630;INF769K01622;956.0554;956.0554;956.0554;23-Jun-2010
107647;Mirae Asset Liquid Fund- Regular Plan - Weekly Dividend;;INF769K01614;953.9133;953.9133;953.9133;23-Jun-2010

PineBridge Mutual Fund
106513;PineBridge India Liquid Fund- Standard Plan-Daily Dividend Option;;INF178L01699;1001.3508;1001.3508;1001.3508;23-Jun-2010
106508;PineBridge India Liquid Fund- Standard Plan-Growth Option;INF178L01715;;1197.0580;1197.0580;1197.0580;23-Jun-2010
106509;PineBridge India Liquid Fund- Standard Plan-Weekly Dividend Option;;INF178L01764;1001.4274;1001.4274;1001.4274;23-Jun-2010
106506;PineBridge India Liquid Fund-Institutional Plan-Daily Dividend Option;;INF178L01616;1001.0000;1001.0000;1001.0000;23-Jun-2010
106511;PineBridge India Liquid Fund-Institutional Plan-Growth Option;INF178L01632;;1193.7636;1193.7636;1193.7636;23-Jun-2010
106507;PineBridge India Liquid Fund-Institutional Plan-Weekly Dividend Option;;INF178L01681;1002.0243;1002.0243;1002.0243;23-Jun-2010
106503;PineBridge India Liquid Fund-Retail Plan-DailyDividend Option;;INF178L01533;1001.0000;1001.0000;1001.0000;23-Jun-2010
106514;PineBridge India Liquid Fund-Retail Plan-Growth Option;INF178L01558;;1183.7096;1183.7096;1183.7096;23-Jun-2010
106504;PineBridge India Liquid Fund-Retail Plan-Monthly Dividend Option;INF178L01566;INF178L01574;1004.2340;1004.2340;1004.2340;23-Jun-2010
106516;PineBridge India Liquid Fund-Retail Plan-Quarterly Dividend Option;INF178L01582;INF178L01590;1009.7459;1009.7459;1009.7459;23-Jun-2010
106510;PineBridge India Liquid Fund-Retail Plan-Weekly Dividend Option;;INF178L01608;1001.2115;1001.2115;1001.2115;23-Jun-2010

Sahara Mutual Fund
101397;Sahara Liquid Fund-Fixed Pricing -  Weekly Dividend Option;;INF515L01064;1026.4232;1026.4232;1026.4232;23-Jun-2010
101393;Sahara Liquid Fund-Fixed Pricing - Daily Dividend Option;;INF515L01049;1024.9045;1024.9045;1024.9045;23-Jun-2010
101394;Sahara Liquid Fund-Fixed Pricing - Growth option;INF515L01056;;1684.9639;1684.9639;1684.9639;23-Jun-2010
101398;Sahara Liquid Fund-Fixed Pricing - Monthly Dividend Option;;INF515L01072;1028.4612;1028.4612;1028.4612;23-Jun-2010
101399;Sahara Liquid Fund-Variable Pricing - Daily Dividend option;;INF515L01080;1024.9262;1024.9262;1024.9262;23-Jun-2010
101402;Sahara Liquid Fund-Variable Pricing - Growth option;INF515L01114;;1698.2033;1698.2033;1698.2033;23-Jun-2010
101400;Sahara Liquid Fund-Variable Pricing - Weekly Dividend Option;;INF515L01098;1025.5653;1025.5653;1025.5653;23-Jun-2010
101401;Sahara Liquid Fund-Variable Pricing- Monthly Dividend Option;;INF515L01106;1028.7845;1028.7845;1028.7845;23-Jun-2010

Shinsei Mutual Fund
112049;Shinsei Liquid Fund - Institutional - Daily Dividend;;;1000.5197;1000.5197;1000.5197;23-Jun-2010
112041;Shinsei Liquid Fund - Institutional - Growth;;;1041.9853;1041.9853;1041.9853;23-Jun-2010
112052;Shinsei Liquid Fund - Retail - Daily Dividend;;;1000.5200;1000.5200;1000.5200;23-Jun-2010
112040;Shinsei Liquid Fund - Retail - Growth;;;1040.7609;1040.7609;1040.7609;23-Jun-2010
112051;Shinsei Liquid Fund - Retail - Weekly Dividend;;;1000.8481;1000.8481;1000.8481;23-Jun-2010

Tata Mutual Fund
101987;Tata Liquid Fund Reglar Plan - Monthly Dividend;INF277K01LR5;INF277K01LS3;1000.4215;1000.4215;1000.4215;23-Jun-2010
101861;Tata Liquid Fund-Regular Plan  - Weekly Dividend;INF277K016C5;;1150.6689;1150.6689;1150.6689;23-Jun-2010
101984;Tata Liquid High Investment Plan - Daily;;;1114.3379;1114.3379;1114.3379;23-Jun-2010
101860;Tata Liquid High Investment Plan - Growth;INF277K01LN4;;1543.7800;1543.7800;1543.7800;23-Jun-2010
101985;Tata Liquid High Investment Plan - Monthly;INF277K01LO2;INF277K01LP9;1023.6857;1023.6857;1023.6857;23-Jun-2010
101859;Tata Liquid High Investment Plan - Weekly;;;1146.6681;1146.6681;1146.6681;23-Jun-2010
101982;Tata Liquid Retail Investment PLan - Daily;;;1116.8143;1116.8143;1116.8143;23-Jun-2010
101983;Tata Liquid Retail Investment Plan - Fortnightly;;;1146.1401;1146.1401;1146.1401;23-Jun-2010
101858;Tata Liquid Retail Investment Plan - Growth;INF277K01LM6;;2134.8084;2134.8084;2134.8084;23-Jun-2010
103631;Tata Liquidity Management Fund - Regular Plan - Daily Dividend;;;1002.6089;1002.6089;1002.6089;23-Jun-2010
103632;Tata Liquidity Management Fund - Regular Plan - Growth;INF277K01LW5;;1268.8017;1268.8017;1268.8017;23-Jun-2010
103519;Tata Liquidity Management Fund - Regular Plan  -Weekly Dividend;;;1005.6403;1005.6403;1005.6403;23-Jun-2010

Open Ended Schemes ( Money Market )


Franklin Templeton Mutual Fund
100561;Templeton India Money Market Account - Bonus Plan;;;1.0000;1.0000;1.0000;23-Jun-2010
104554;Templeton India Money Market Account - Dividend Plan;;;1.0000;1.0000;1.0000;23-Jun-2010

quant Mutual Fund
103094;Escorts Mutual Fund Unclaimed Dundee Balanced Fund;;;0;0;0;23-Jun-2010
103093;Escorts Mutual Fund Unclaimed Dundee Corporate Bond Fund-Annual Dividend;;;0;0;0;23-Jun-2010
103089;Escorts Mutual Fund Unclaimed Dundee Corporate Bond Fund-Appreciation;;;0;0;0;23-Jun-2010
103092;Escorts Mutual Fund Unclaimed Dundee Corporate Bond Fund-Half Yearly Dividend;;;0;0;0;23-Jun-2010
103090;Escorts Mutual Fund Unclaimed Dundee Corporate Bond Fund-Monthly Dividend;;;0;0;0;23-Jun-2010
103091;Escorts Mutual Fund Unclaimed Dundee Corporate Bond Fund-Quarterly Dividend;;;0;0;0;23-Jun-2010
103041;Escorts Mutual Fund Unclaimed Dundee Liquidity Fund-Appreciation;;;0;0;0;23-Jun-2010
103042;Escorts Mutual Fund Unclaimed Dundee Liquidity Fund-Dividend;;;0;0;0;23-Jun-2010
103047;Escorts Mutual Fund Unclaimed Dundee PSU Bond Fund-Annual Dividend;;;0;0;0;23-Jun-2010
103043;Escorts Mutual Fund Unclaimed Dundee PSU Bond Fund-Appreciation;;;0;0;0;23-Jun-2010
103046;Escorts Mutual Fund Unclaimed Dundee PSU Bond Fund-Half Yearly Dividend;;;0;0;0;23-Jun-2010
103044;Escorts Mutual Fund Unclaimed Dundee PSU Bond Fund-Monthly Dividend;;;0;0;0;23-Jun-2010
103045;Escorts Mutual Fund Unclaimed Dundee PSU Bond Fund-Quarterly Dividend;;;0;0;0;23-Jun-2010
103033;Escorts Mutual Fund Unclaimed Dundee Sovereign Trust-Annual Dividend;;;0;0;0;23-Jun-2010
103029;Escorts Mutual Fund Unclaimed Dundee Sovereign Trust-Appreciation;;;0;0;0;23-Jun-2010
103032;Escorts Mutual Fund Unclaimed Dundee Sovereign Trust-Half Yearly Dividend;;;0;0;0;23-Jun-2010
103030;Escorts Mutual Fund Unclaimed Dundee Sovereign Trust-Monthly Dividend;;;0;0;0;23-Jun-2010
103095;Escorts Mutual Fund Unclaimed Dundee Tax Saver Fund;;;0;0;0;23-Jun-2010

Tata Mutual Fund
102152;Tata Money Market Fund Regular (Bonus / Dividend);;;10.1501;10.1501;10.1501;23-Jun-2010
102153;Tata Money Market Fund Regular (Growth);INF277K01LY1;;14.9029;14.9029;14.9029;23-Jun-2010

Open Ended Schemes ( Gilt )


Aditya Birla Sun Life Mutual Fund
103190;Aditya Birla Sun Life Government Securities Fund - Short Term Plan - Growth - Regular Plan;INF209K01BD9;;18.3925;18.3925;18.3925;23-Jun-2010
110515;Aditya Birla Sun Life Government Seurities Fund - Short Term Plan - Daily Dividend - Regular Plan;INF209K01BB3;;10.0031;10.0031;10.0031;23-Jun-2010
110668;Aditya Birla Sun Life Govt, Securities Short Term Fund-Institutional Plan A(Dividend);INF209K01KJ7;;10.0000;10.0000;10.0000;23-Jun-2010
103189;Aditya Birla Sun Life Govt, Securities Short Term Fund-Retail Plan A(Dividend);;INF209K01DZ8;10.1312;10.1312;10.1312;23-Jun-2010
110516;Aditya Birla Sun Life Govt, Securities Short Term Fund-Retail Weekly Dividend Option;;;10.0057;10.0057;10.0057;23-Jun-2010

Bandhan Mutual Fund
108752;BANDHAN GSF - Investment Plan - Growth;INF194K01DP3;;17.7214;17.7214;17.7214;23-Jun-2010
108754;BANDHAN GSF - Investment Plan - Half Yearly Dividend;INF194K01DR9;INF194K01DQ1;10.9466;10.9466;10.9466;23-Jun-2010
108643;BANDHAN GSF - Investment Plan - Quarterly Dividend;INF194K01DX7;INF194K01DW9;10.6281;10.6281;10.6281;23-Jun-2010
108659;IDFC GSF-Provident Fund-Inst Plan B-Growth;INF194K01ET3;;15.1184;15.1184;15.1184;23-Jun-2010
108660;IDFC GSF-Provident Fund-Inst Plan B-Quarterly Dividend;INF194K01EY3;INF194K01EX5;10.9589;10.9589;10.9589;23-Jun-2010
108663;IDFC GSF-Provident Fund-Regular Plan-Annual Dividend;INF194K01EO4;INF194K01EN6;11.1589;11.1589;11.1589;23-Jun-2010
108661;IDFC GSF-Provident Fund-Regular Plan-Growth;INF194K01EM8;;14.9818;14.9818;14.9818;23-Jun-2010
108662;IDFC GSF-Provident Fund-Regular Plan-Quarterly Dividend;INF194K01ER7;INF194K01EQ9;10.8875;10.8875;10.8875;23-Jun-2010

Deutsche Mutual Fund
110703;DWS Gilt Fund - Dividend;INF223J01AO1;INF223J01AP8;10.5266;10.4213;10.5266;23-Jun-2010
110706;DWS Gilt Fund - Growth;INF223J01AQ6;;10.7596;10.6520;10.7596;23-Jun-2010
110704;DWS Gilt Fund - Institutional Plan - Growth;INF223J01AN3;;10.0866;9.9857;10.0866;23-Jun-2010

Edelweiss Mutual Fund
112053;Edelweiss Gilt Fund - Dividend Option;INF754K01442;INF754K01467;10.2811;10.2708;10.2811;23-Jun-2010
112054;Edelweiss Gilt Fund - Growth Option;INF754K01434;;10.2811;10.2708;10.2811;23-Jun-2010

Fidelity Mutual Fund
109557;Fidelity Flexi Gilt Fund - Dividend Option;INF677K01BA3;INF677K01BB1;10.2025;10.1515;10.2025;23-Jun-2010
109556;Fidelity Flexi Gilt Fund - Growth Option;INF677K01AZ2;;11.7057;11.6472;11.7057;23-Jun-2010

HDFC Mutual Fund
101081;HDFC Gilt Fund-Short Term-Dividend;INF179K01780;INF179K01798;10.7603;10.7603;10.7603;23-Jun-2010
101082;HDFC Gilt Fund-Short Term-Growth;INF179K01806;;16.0603;16.0603;16.0603;23-Jun-2010

HSBC Mutual Fund
102065;HSBC Gilt Fund  - Dividend;INF336L01735;INF336L01727;10.3847;10.3847;10.3847;23-Jun-2010
102066;HSBC Gilt Fund  - Growth;INF336L01719;;11.7762;11.7762;11.7762;23-Jun-2010
110457;HSBC Gilt Fund - Dividend - Weekly;;INF336L01743;9.6643;9.6643;9.6643;23-Jun-2010

ICICI Prudential Mutual Fund
102060;ICICI Prudential Gilt Fund Investment Plan PF Option - Growth;INF109K01JS2;;18.4843;18.3734;18.4843;23-Jun-2010
102248;ICICI Prudential Gilt Fund Treasury Plan PF Option - Growth;INF109K01KA8;;15.6085;15.4836;15.6085;23-Jun-2010

ING Mutual Fund
102384;ING Gilt Fund Provident Fund - Dynamic Plan-Annual Dividend Option;INF084M01903;INF084M01911;10.7963;10.7963;10.7963;23-Jun-2010
112859;ING Gilt Fund Provident Fund - Dynamic Plan-Cyclical Series Option 2010;;;10.2098;10.2098;10.2098;23-Jun-2010
102382;ING Gilt Fund Provident Fund - Dynamic Plan-Growth Auto Income Payout Option;INF084M01861;;15.3249;15.3249;15.3249;23-Jun-2010
102381;ING Gilt Fund Provident Fund - Dynamic Plan-Growth Option;INF084M01853;;15.3249;15.3249;15.3249;23-Jun-2010
102383;ING Gilt Fund Provident Fund - Dynamic Plan-Half Yearly Dividend Option;INF084M01887;INF084M01895;10.7352;10.7352;10.7352;23-Jun-2010

Invesco Mutual Fund
107481;Religare Invesco GILT Fund - Short Duration Plan - Growth;INF205K01SZ4;;10.4953;10.4953;10.4953;23-Jun-2010
107480;Religare Invesco GILT Fund - Short Duration Plan - Monthly Dividend;INF205K01TA5;INF205K01TB3;10.0518;10.0518;10.0518;23-Jun-2010

Mirae Asset Mutual Fund
111698;Mirae Asset Gilt Fund Investment Plan - Institutional Growth;INF769K01358;;10.3946;10.3946;10.3946;23-Jun-2010
111697;Mirae Asset Gilt Fund Investment Plan - Provident Fund Automatic Annual Reinvestment;;INF769K01440;10.3951;10.3119;10.3951;23-Jun-2010
111695;Mirae Asset Gilt Fund Investment Plan - Provident Fund Automatic Capital Appreciation Monthly;INF769K01390;;10.3955;10.3123;10.3955;23-Jun-2010
111699;Mirae Asset Gilt Fund Investment Plan - Provident Fund Automatic Capital Appreciation Quarterly;INF769K01408;;10.3951;10.3119;10.3951;23-Jun-2010
111694;Mirae Asset Gilt Fund Investment Plan - Provident Fund Defined Maturity Date;INF769K01432;;10.3951;10.3119;10.3951;23-Jun-2010
111701;Mirae Asset Gilt Fund Investment Plan - Regular Dividend;INF769K01333;INF769K01341;10.3960;10.3440;10.3960;23-Jun-2010
111692;Mirae Asset Gilt Fund Investment Plan - Regular Growth;INF769K01325;;10.3943;10.3423;10.3943;23-Jun-2010
111691;Mirae Asset Gilt Fund Savings Plan - Provident Fund Automatic Capital Appreciation Half Yearly;INF769K01549;;10.2370;10.1756;10.2370;23-Jun-2010
111688;Mirae Asset Gilt Fund Savings Plan - Provident Fund Automatic Capital Appreciation Quarterly;INF769K01531;;10.2370;10.1756;10.2370;23-Jun-2010
111683;Mirae Asset Gilt Fund Savings Plan - Regular Dividend;INF769K01465;INF769K01473;10.2274;10.2274;10.2274;23-Jun-2010
111682;Mirae Asset Gilt Fund Savings Plan - Regular Growth;INF769K01457;;10.2269;10.2269;10.2269;23-Jun-2010

Principal Mutual Fund
101117;Principal Government Securities Fund-Dividend Option - Quarterly;INF173K01AN8;INF173K01AO6;11.2378;11.1254;11.2378;23-Jun-2010
101119;Principal Government Securities Fund-Dividend Option- Annually;INF173K01AQ1;INF173K01AR9;13.8933;13.7544;13.8933;23-Jun-2010
101118;Principal Government Securities Fund-Growth;INF173K01AM0;;19.852;19.6535;19.852;23-Jun-2010
101116;Principal Government Securities Fund-Investment-Dividend - Half Yearly;;;11.1502;11.0387;11.1502;23-Jun-2010

Sahara Mutual Fund
101171;Sahara Gilt Fund-Dividend;INF515L01122;INF515L01130;13.7645;13.7645;13.7645;23-Jun-2010
101170;Sahara Gilt Fund-Growth;INF515L01148;;16.4934;16.4934;16.4934;23-Jun-2010

Tata Mutual Fund
102067;Tata Gilt Retirement Plan (28-2-11) Growth;;;12.5441;12.4814;12.5441;23-Jun-2010
102086;Tata Gilt Retirement Plan (28-2-13) Dividend;;;12.7027;12.6392;12.7027;23-Jun-2010
101956;Tata Gilt Retirement Plan (28-2-13) Growth;;;12.6241;12.5610;12.6241;23-Jun-2010
102116;Tata Gilt Retirement Plan (28-2-16) Growth;;;12.4431;12.3809;12.4431;23-Jun-2010
101828;Tata Gilt Securities Short Maturity Fund -Regular Fund-Quarterly DIvidend;INF277K01DP6;INF277K01568;10.8343;10.8343;10.8343;23-Jun-2010
101883;Tata Gilt Securities Short Maturity Fund -Regular Plan-Growth;INF277K01576;;15.0015;15.0015;15.0015;23-Jun-2010

Taurus Mutual Fund
101094;Taurus Gilt Fund-Dividend;INF044D01AL0;INF044D01AM8;13.6593;13.5227;13.6593;23-Jun-2010
101095;Taurus Gilt Fund-Growth;INF044D01AN6;;13.9393;13.7999;13.9393;23-Jun-2010

Open Ended Schemes ( ELSS )


Deutsche Mutual Fund
103559;DWS TAX SAVING FUND-DIVIDEND;INF223J01333;INF223J01341;12.7577;12.7577;12.7577;23-Jun-2010
103558;DWS TAX SAVING FUND-GROWTH;INF223J01358;;13.6467;13.6467;13.6467;23-Jun-2010

Fidelity Mutual Fund
103421;Fidelity Tax Advantage Fund-Dividend Option;;;18.291;18.017;18.291;23-Jun-2010
103420;Fidelity Tax Advantage Fund-Growth Option;;;20.373;20.067;20.373;23-Jun-2010

Fortis Mutual Fund
110752;Fortis Tax  Advantage Plan (ELSS)-Dividend Option;;;10.702;10.702;10.702;23-Jun-2010
110751;Fortis Tax  Advantage Plan (ELSS)-Growth Option;;;13.434;13.434;13.434;23-Jun-2010

Franklin Templeton Mutual Fund
101037;Franklin India Index Tax Fund;;;40.8292;40.8292;40.8292;23-Jun-2010

ING Mutual Fund
102317;ING Tax Savings Fund-Bonus Option;INF084M01333;;27.6600;27.6600;27.6600;23-Jun-2010
102316;ING Tax Savings Fund-Dividend Option;INF084M01317;INF084M01325;13.6200;13.6200;13.6200;23-Jun-2010
102315;ING Tax Savings Fund-Growth Option;INF084M01309;;27.6200;27.6200;27.6200;23-Jun-2010

JPMorgan Mutual Fund
111678;JPMorgan India Tax Advantage Fund - Regular Plan - Dividend Option;INF843K01112;INF843K01120;13.906;13.906;13.906;23-Jun-2010
111677;JPMorgan India Tax Advantage Fund - Regular Plan - Growth Option;INF843K01104;;17.175;17.175;17.175;23-Jun-2010

L&T Mutual Fund
112537;L&T Tax Saver Fund- Regular Plan - Dividend;INF917K01262;INF917K01270;14.22;14.22;14.22;23-Jun-2010
112538;L&T Tax Saver Fund-Regular Plan - Growth;INF917K01288;;15.31;15.31;15.31;23-Jun-2010

Sahara Mutual Fund
100337;SaharaTax Gain-Dividend;INF515L01189;INF515L01197;15.7439;15.5865;15.7439;23-Jun-2010
100338;SaharaTax Gain-Growth;INF515L01205;;35.3141;34.9610;35.3141;23-Jun-2010

Open Ended Schemes ( Floating Rate )


HDFC Mutual Fund
101671;HDFC Floating Rate Income Fund-Long Term Plan-GROWTH;INF179K01624;;16.0412;15.56;16.0412;23-Jun-2010
101670;HDFC Floating Rate Income Fund-Long Term Plan-Weekly Dividend Option;;INF179K01616;10.1914;9.8857;10.1914;23-Jun-2010

HSBC Mutual Fund
106669;HSBC Floating Rate Fund - Long Term - Dividend - Fortnightly;;INF336L01677;10.2094;10.2094;10.2094;23-Jun-2010
102831;HSBC Floating Rate Fund - Long Term - Dividend - Monthly;INF336L01701;INF336L01693;10.1873;10.1873;10.1873;23-Jun-2010
102830;HSBC Floating Rate Fund - Long Term - Dividend - Weekly;INF336L01628;INF336L01610;11.2359;11.2359;11.2359;23-Jun-2010
102829;HSBC Floating Rate Fund - Long Term - Growth;INF336L01685;;14.5689;14.5689;14.5689;23-Jun-2010
110015;HSBC Floating Rate Fund - Long Term - Inst -Dividend -Daily;;;10.2424;10.2424;10.2424;23-Jun-2010
110016;HSBC Floating Rate Fund - Long Term - Regular - Dividend - Daily;;;10.0126;10.0126;10.0126;23-Jun-2010
102828;HSBC Floating Rate Fund - Long Term - Regular - Dividend - Monthly;INF336L01669;INF336L01651;10.0256;10.0256;10.0256;23-Jun-2010
111759;HSBC Floating Rate Fund - Long Term - Regular - Dividend - weekly;;INF336L01644;10.0095;10.0095;10.0095;23-Jun-2010
102827;HSBC Floating Rate Fund - Long Term - Regular - Growth;INF336L01636;;14.3227;14.3227;14.3227;23-Jun-2010
102836;HSBC Floating Rate Fund - Short Term - Inst. - Dividend - Daily;;;10.2176;10.2176;10.2176;23-Jun-2010
102838;HSBC Floating Rate Fund - Short Term - Inst. - Dividend - Monthly;;;10.1635;10.1635;10.1635;23-Jun-2010
102837;HSBC Floating Rate Fund - Short Term - Inst. - Dividend - Weekly;;;0.0000;0.0000;0.0000;23-Jun-2010
102835;HSBC Floating Rate Fund - Short Term - Inst. - Growth;;;13.9251;13.9251;13.9251;23-Jun-2010
102840;HSBC Floating Rate Fund - Short Term - Inst. Plus - Dividend - Daily;;;0.0000;0.0000;0.0000;23-Jun-2010
102842;HSBC Floating Rate Fund - Short Term - Inst. Plus - Dividend - Monthly;;;0.0000;0.0000;0.0000;23-Jun-2010
102841;HSBC Floating Rate Fund - Short Term - Inst. Plus - Dividend - Weekly;;;0.0000;0.0000;0.0000;23-Jun-2010
102839;HSBC Floating Rate Fund - Short Term - Inst. Plus - Growth;;;11.8311;11.8311;11.8311;23-Jun-2010
102833;HSBC Floating Rate Fund - Short Term - Regular - Dividend - Daily;;;10.0000;10.0000;10.0000;23-Jun-2010
102834;HSBC Floating Rate Fund - Short Term - Regular - Dividend - Weekly;;;10.0219;10.0219;10.0219;23-Jun-2010
102832;HSBC Floating Rate Fund - Short Term - Regular - Growth;;;13.7748;13.7748;13.7748;23-Jun-2010

LIC Mutual Fund
112091;LIC NOMURA MF Floating Rate Fund - Short Term Plan - Daily Dividend;INF767K01436;INF767K01444;10.0000;10.0000;10.0000;23-Jun-2010
102268;LIC NOMURA MF Floating Rate Fund - Short Term Plan-Growth;INF767K01477;;15.3030;15.3030;15.3030;23-Jun-2010
102269;LIC NOMURA MF Floating Rate Fund - Short Term Plan-Weekly Dividend;INF767K01451;INF767K01469;10.1490;10.1490;10.1490;23-Jun-2010

SBI Mutual Fund
102508;SBI Magnum Income Fund - F R P - Long Term - Inst. (D);;;N.A.;N.A.;N.A.;23-Jun-2010
102507;OLD-SBI Magnum Income Fund - F R P - Long Term - Inst. (G);;;N.A.;N.A.;N.A.;23-Jun-2010

Tata Mutual Fund
102155;Tata Floating Rate Fund - Long Term Plan- Regular Plan - Growth;INF277K01YF3;;13.7349;13.6662;13.7349;23-Jun-2010
102154;Tata Floating Rate Fund - Regular Plan- Dividend;INF277K01DM3;INF277K01493;10.5879;10.5350;10.5879;23-Jun-2010

Open Ended Schemes ( Fund of Funds - Domestic )


Aditya Birla Sun Life Mutual Fund
102184;Aditya Birla Sun Life Asset Allocation Fund-Aggressive Plan-Dividend Plan;INF209K01AR1;INF209K01DU9;32.9515;32.9515;32.9515;23-Jun-2010
102185;Aditya Birla Sun Life Asset Allocation Fund-Aggressive Plan-Growth Plan;INF209K01AS9;;32.9515;32.9515;32.9515;23-Jun-2010
102188;Aditya Birla Sun Life Asset Allocation Fund-Conservative Plan-Dividend Plan;INF209K01AV3;INF209K01DW5;19.9719;19.9719;19.9719;23-Jun-2010
102189;Aditya Birla Sun Life Asset Allocation Fund-Conservative Plan-Growth Plan;INF209K01AW1;;19.9719;19.9719;19.9719;23-Jun-2010
102186;Aditya Birla Sun Life Asset Allocation Fund-Moderate Plan-Dividend Plan;INF209K01AT7;INF209K01DV7;27.0933;27.0933;27.0933;23-Jun-2010
102187;Aditya Birla Sun Life Asset Allocation Fund-Moderate Plan-Growth Plan;INF209K01AU5;;27.0933;27.0933;27.0933;23-Jun-2010

Fidelity Mutual Fund
111738;Fidelity Wealth Builder Fund - Plan A - Dividend Option;INF677K01700;INF677K01718;10.4492;10.3447;10.4492;23-Jun-2010
111741;Fidelity Wealth Builder Fund - Plan A - Growth Option;INF677K01726;;11.4122;11.2981;11.4122;23-Jun-2010
111737;Fidelity Wealth Builder Fund - Plan B - Dividend Option;INF677K01734;INF677K01742;11.0930;10.9821;11.0930;23-Jun-2010
111742;Fidelity Wealth Builder Fund - Plan B - Growth Option;INF677K01759;;12.6158;12.4896;12.6158;23-Jun-2010
111740;Fidelity Wealth Builder Fund - Plan C - Dividend Option;INF677K01767;INF677K01775;11.9117;11.7926;11.9117;23-Jun-2010
111739;Fidelity Wealth Builder Fund - Plan C - Growth Option;INF677K01783;;14.3444;14.2010;14.3444;23-Jun-2010

ING Mutual Fund
104757;ING 5 Star Multi-Manager FoF Scheme - Dividend;INF084M01AR4;INF084M01AS2;12.2891;12.2891;12.2891;23-Jun-2010
104756;ING 5 Star Multi-Manager FoF Scheme - Growth;INF084M01AQ6;;14.2085;14.2085;14.2085;23-Jun-2010
104649;ING Active Debt Multi-Manager FoF Scheme- Dividend;INF084M01AI3;INF084M01AJ1;10.0828;10.0828;10.0828;23-Jun-2010
104650;ING Active Debt Multi-Manager FoF Scheme- Growth;INF084M01AH5;;12.8625;12.8625;12.8625;23-Jun-2010
104174;ING Asset Allocator Multi-Manager FoF Scheme - Dividend;INF084M01AF9;INF084M01AG7;14.5317;14.5317;14.5317;23-Jun-2010
104175;ING Asset Allocator Multi-Manager FoF Scheme - Growth;INF084M01AE2;;15.7747;15.7747;15.7747;23-Jun-2010
103740;ING Income Growth Multi-Manager FoF Scheme Option A -15% Equity Plan-Growth;INF084M01AK9;;11.5326;11.5326;11.5326;23-Jun-2010
103739;ING Income Growth Multi-Manager FoF Scheme-15% Equity Plan Option A-Dividend;INF084M01AL7;INF084M01AM5;11.1527;11.1527;11.1527;23-Jun-2010
103741;ING Income Growth Multi-Manager FoF Scheme-30% Equity Plan Option A -Dividend;INF084M01AO1;INF084M01AP8;11.9735;11.9735;11.9735;23-Jun-2010
103742;ING Income Growth Multi-Manager FoF Scheme-30% Equity Plan Option A -Growth;INF084M01AN3;;12.3854;12.3854;12.3854;23-Jun-2010

Open Ended Schemes ( GOLD ETFs )


Benchmark Mutual Fund
105085;Gold Benchmark Exchange Traded Scheme (Gold BeES);;;1842.9185;1842.9185;1842.9185;23-Jun-2010

Nippon India Mutual Fund
107015;R * Shares Gold ETF -Dividend Payout Option;INF733I01010;;1791.0219;1791.0219;1791.0219;23-Jun-2010

Open Ended Schemes ( Other ETFs )


Benchmark Mutual Fund
101296;Banking Index Benchmark Exchange Traded Scheme (Bank BeES);;;977.6639;977.6639;977.6639;23-Jun-2010
112395;Hang Seng Benchmark Exchange Traded Scheme (Hang Seng BeES);;;1257.0862;1257.0862;1257.0862;23-Jun-2010
101884;Liquid Benchmark Exchange Traded Scheme (Liquid BeES);;;1000.0000;1000.0000;1000.0000;23-Jun-2010
101325;Nifty Benchmark Exchange Traded Scheme- Nifty BeES;;;536.0933;536.0933;536.0933;23-Jun-2010
101621;Nifty Junior Benchmark Exchange Traded Scheme (Junior BeES);;;111.6994;111.6994;111.6994;23-Jun-2010
106858;PSU Bank Benchmark Exchange Traded Scheme (PSU Bank BeES);;;367.4146;367.4146;367.4146;23-Jun-2010
111832;Shariah BeES;;;123.4025;123.4025;123.4025;23-Jun-2010

Nippon India Mutual Fund
108410;R * Shares Banking ETF -Dividend Payout Option;INF733I01028;;996.6972;996.6972;996.6972;23-Jun-2010

UTI Mutual Fund
101898;UTI Sunder;INF789F01042;;561.6852;561.6852;561.6852;23-Jun-2010

Open Ended Schemes ( Fund of Funds - Overseas )


Deutsche Mutual Fund
112854;DWS Global Agribusiness Fund - Dividend;INF223J01AS2;INF223J01AT0;9.74;9.64;9.74;23-Jun-2010
112853;DWS Global Agribusiness Fund - Growth;INF223J01AU8;;9.74;9.64;9.74;23-Jun-2010
106668;DWS Top Euroland Offshore Fund - Dividend;INF223J01AW4;INF223J01AX2;7.68;7.60;7.68;23-Jun-2010
106667;DWS Top Euroland Offshore Fund - Growth;INF223J01AY0;;7.68;7.60;7.68;23-Jun-2010

Fidelity Mutual Fund
112406;Fidelity Global Real Assets Fund-Dividend Option;INF677K01197;INF677K01205;10.368;10.264;10.368;23-Jun-2010
112350;Fidelity Global Real Assets Fund-Growth Option;INF677K01189;;10.368;10.264;10.368;23-Jun-2010

ING Mutual Fund
107998;ING Global Real Estate Fund - Institutional Plan Dividend Option;INF084M01BD2;INF084M01BE0;10.0000;10.0000;10.0000;23-Jun-2010
107999;ING Global Real Estate Fund - Institutional Plan Growth Option;INF084M01BC4;;10.0000;10.0000;10.0000;23-Jun-2010
107339;ING Global Real Estate Fund - Retail Plan - Dividend Option;INF084M01BA8;INF084M01BB6;8.9300;8.9300;8.9300;23-Jun-2010
107341;ING Global Real Estate Fund - Retail Plan Growth Option;INF084M01AZ7;;8.9300;8.9300;8.9300;23-Jun-2010

JPMorgan Mutual Fund
112084;JPMorgan Greater China Equity Off-shore Fund - Regular Plan - Growth Option;INF843K01138;;10.300;10.197;10.300;23-Jun-2010

PineBridge Mutual Fund
108168;PineBridge World Gold Fund - Standard Plan - Dividend Option;INF178L01137;INF178L01145;12.971;12.841;12.971;23-Jun-2010
108169;PineBridge World Gold Fund - Standard Plan - Growth Option;INF178L01152;;12.971;12.841;12.971;23-Jun-2010

Open Ended Schemes ( Equity Scheme - Multi Cap Fund )


Baroda BNP Paribas Mutual Fund
102020;Baroda BNP Paribas MULTI CAP FUND - Regular Plan - Growth Option;INF955L01674;;50.04;49.54;50.04;23-Jun-2010
102021;Baroda BNP Paribas MULTI CAP FUND - Regular Plan - IDCW Option;INF955L01658;INF955L01666;28.19;27.91;28.19;23-Jun-2010

ICICI Prudential Mutual Fund
101228;ICICI Prudential Multicap Fund - Growth;INF109K01613;;105.81;104.75;105.81;23-Jun-2010
101706;ICICI Prudential Multicap Fund - IDCW;INF109K01FK7;INF109K01621;16.57;16.40;16.57;23-Jun-2010
102957;ICICI Prudential Multicap Fund - Institutional Option - I;INF109K01639;;29.31;29.02;29.31;23-Jun-2010

Invesco Mutual Fund
107353;Invesco India Multicap Fund - Growth Option;INF205K01DN2;;13.38;0.00;0.00;23-Jun-2010
107352;Invesco India Multicap Fund - IDCW (Payout / Reinvestment);INF205K01DO0;INF205K01DP7;13.37;0.00;0.00;23-Jun-2010

Nippon India Mutual Fund
101163;NIPPON INDIA MULTI CAP FUND - IDCW Option;INF204K01455;INF204K01463;23.1492;22.9177;23.1492;23-Jun-2010
106252;Nippon India Multi Cap Fund Institutional Dividend Plan;INF204K01414;INF204K01422;32.8029;32.4749;32.8029;23-Jun-2010
101162;Nippon India Multi Cap Fund-Growth Plan-Bonus Option;INF204K01471;;32.7714;32.4437;32.7714;23-Jun-2010
101161;Nippon India Multi Cap Fund-Growth Plan-Growth Option;INF204K01489;;32.7715;32.4438;32.7715;23-Jun-2010

Principal Mutual Fund
100966;Principal Multi Cap Growth Fund- Half Yearly Income Distribution CUM Capital Withdrawal Option;INF173K01957;INF173K01965;23.29;23.06;23.29;23-Jun-2010
100967;Principal Multi Cap Growth Fund-Growth Option;INF173K01940;;51.4;50.89;51.4;23-Jun-2010

quant Mutual Fund
100631;quant Multi Cap Fund-GROWTH OPTION - Regular Plan;INF966L01234;;75.1560;74.4044;75.1560;23-Jun-2010
100630;quant Multi Cap Fund-IDCW Option - Regular Plan;INF966L01218;INF966L01226;12.4361;12.3117;12.4361;23-Jun-2010

Open Ended Schemes ( Equity Scheme - Large Cap Fund )


Aditya Birla Sun Life Mutual Fund
103174;Aditya Birla Sun Life Large Cap Fund-Growth;INF209K01BR9;;82.52;81.69;82.52;23-Jun-2010
112113;Aditya Birla Sun Life Large Cap Fund-Plan B (Dividend);;INF209K01ED3;12.47;12.35;12.47;23-Jun-2010
112114;Aditya Birla Sun Life Large Cap Fund-Plan B (Growth);;;12.47;12.35;12.47;23-Jun-2010
103173;Aditya Birla Sun Life Large Cap Fund-Regular - IDCW;INF209K01BO6;INF209K01EC5;22.25;22.03;22.25;23-Jun-2010

Axis Mutual Fund
112277;Axis Large Cap Fund - Regular Plan - Growth;INF846K01164;;10.75;10.64;10.75;23-Jun-2010
112278;Axis Large Cap Fund - Regular Plan - IDCW;INF846K01172;INF846K01180;10.75;10.64;10.75;23-Jun-2010

Bandhan Mutual Fund
108799;BANDHAN Large Cap Fund - Regular Plan - Growth;INF194K01516;;15.1180;15.1180;15.1180;23-Jun-2010
108800;BANDHAN Large Cap Fund - Regular Plan - IDCW;INF194K01490;INF194K01508;12.3993;12.3993;12.3993;23-Jun-2010

Baroda BNP Paribas Mutual Fund
112943;Baroda Large cap Fund - Plan A - Growth Option;INF955L01633;;10.03;9.93;10.03;23-Jun-2010
112944;Baroda Large cap Fund - Plan A - IDCW Option;INF955L01617;INF955L01625;10.03;9.93;10.03;23-Jun-2010

DSP Mutual Fund
101635;DSP Large Cap Fund - Regular Plan - Growth;INF740K01243;;93.461;92.526;93.461;23-Jun-2010
101636;DSP Large Cap Fund - Regular Plan - IDCW;INF740K01227;INF740K01235;21.009;20.799;21.009;23-Jun-2010

Edelweiss Mutual Fund
111938;Edelweiss Large Cap Fund - Plan B - IDCW Option;INF754K01053;INF754K01061;13.38;13.25;13.38;23-Jun-2010
111939;Edelweiss Large Cap Fund - Plan C - IDCW Option;INF754K01095;INF754K01103;13.42;13.29;13.42;23-Jun-2010
111940;Edelweiss Large Cap Fund - Regular Plan - Growth Option;INF754K01046;;13.34;13.21;13.34;23-Jun-2010
111936;Edelweiss Large Cap Fund - Regular Plan - IDCW Option;INF754K01012;INF754K01020;13.33;13.20;13.33;23-Jun-2010
111935;Edelweiss Large Cap Fund -Plan B - Growth option;INF754K01087;;13.38;13.25;13.38;23-Jun-2010
111937;Edelweiss Large Cap Fund -Plan C - Growth option;INF754K01129;;13.42;13.29;13.42;23-Jun-2010

Franklin Templeton Mutual Fund
100470;Franklin India Large Cap Fund - IDCW;INF090I01155;INF090I01163;39.3931;38.9992;39.3931;23-Jun-2010
100471;Franklin India Large Cap Fund-Growth;INF090I01171;;196.7906;194.8227;196.7906;23-Jun-2010

HDFC Mutual Fund
102000;HDFC Large Cap Fund - Growth Option - Regular Plan;INF179K01BE2;;192.55;190.625;192.55;23-Jun-2010
102001;HDFC Large Cap Fund - IDCW Option - Regular Plan;INF179K01BC6;INF179K01BD4;45.513;45.058;45.513;23-Jun-2010

HSBC Mutual Fund
101594;HSBC Large Cap Fund - Regular Growth;INF336L01016;;97.7991;95.8431;97.7991;23-Jun-2010
101593;HSBC Large Cap Fund - Regular IDCW;INF336L01024;INF336L01032;26.4001;25.8721;26.4001;23-Jun-2010

ICICI Prudential Mutual Fund
108467;ICICI Prudential Bluechip Fund - Institutional Option - I - Growth;INF109K01BN0;;14.93;14.78;14.93;23-Jun-2010
108466;ICICI Prudential Large Cap Fund (erstwhile Bluechip Fund)  - Growth;INF109K01BL4;;14.64;14.49;14.64;23-Jun-2010
108465;ICICI Prudential Large Cap Fund (erstwhile Bluechip Fund)  - IDCW;INF109K01EP9;INF109K01BM2;14.64;14.49;14.64;23-Jun-2010

Invesco Mutual Fund
112098;Invesco India Largecap Fund - Growth;INF205K01304;;11.83;11.71;11.83;23-Jun-2010
112099;Invesco India Largecap Fund - IDCW (Payout / Reinvestment);INF205K01320;INF205K01312;11.83;11.71;11.83;23-Jun-2010

JM Financial Mutual Fund
100219;JM Large Cap Fund (Regular) - Growth Option;INF192K01601;;36.2809;36.2809;36.2809;23-Jun-2010
100218;JM Large Cap Fund (Regular) - IDCW ;INF192K01585;INF192K01593;14.7702;14.7702;14.7702;23-Jun-2010

LIC Mutual Fund
106871;LIC MF Large Cap Fund-Regular Plan-Growth;INF767K01105;;12.3043;12.1813;12.3043;23-Jun-2010
100332;LIC MF Large Cap Fund-Regular Plan-IDCW;INF767K01097;INF767K01089;10.9127;10.8036;10.9127;23-Jun-2010

Mirae Asset Mutual Fund
107578;Mirae Asset Large Cap Fund - Growth Plan;INF769K01010;;15.0600;14.9090;15.0600;23-Jun-2010
107579;Mirae Asset Large Cap Fund Regular IDCW;INF769K01036;INF769K01028;13.9720;13.8320;13.9720;23-Jun-2010

Nippon India Mutual Fund
106235;Nippon India Large Cap  Fund- Growth Plan -Growth Option;INF204K01562;;12.1449;12.0235;12.1449;23-Jun-2010
106236;NIPPON INDIA LARGE CAP FUND - IDCW Option;INF204K01539;INF204K01547;12.1449;12.0235;12.1449;23-Jun-2010
106240;Nippon India Large Cap Fund- Growth Plan Bonus Option;INF204K01554;;12.1450;12.0236;12.1450;23-Jun-2010
106238;Nippon India Large Cap Fund-Institutional Plan Growth Plan Bonus Option;INF204K01513;;12.3461;12.2226;12.3461;23-Jun-2010
106237;Reliance Top 200  Fund-Institutional Plan Growth Plan Growth Option;INF204K01521;;12.3461;12.2226;12.3461;23-Jun-2010
106239;Reliance Top 200 Fund-Institutional Plan Dividend Option;INF204K01497;INF204K01505;12.3461;12.2226;12.3461;23-Jun-2010

SBI Mutual Fund
103616;SBI Large Cap Fund - Regular Plan - Income Distribution cum Capital Withdrawal Option (IDCW);INF200K01164;INF200K01172;12.40;12.28;12.40;23-Jun-2010
103504;SBI Large Cap FUND-REGULAR PLAN GROWTH;INF200K01180;;14.23;14.09;14.23;23-Jun-2010

Tata Mutual Fund
100475;Tata Large Cap Fund -Regular Plan - Growth Option;INF277K01931;;94.4945;93.5496;94.4945;23-Jun-2010
102036;Tata Large Cap Fund- Regular Plan - Payout of IDCW Option;INF277K01EG3;INF277K01923;37.4964;37.1214;37.4964;23-Jun-2010

Taurus Mutual Fund
101209;Taurus Large Cap Fund - Regular Plan - Growth;INF044D01773;;40.59;40.18;40.59;23-Jun-2010
108403;Taurus Large Cap Fund - Regular Plan - Payout of Income Distribution cum Capital Withdrawal option;INF044D01740;INF044D01757;40.85;40.44;40.85;23-Jun-2010

UTI Mutual Fund
100651;UTI Large Cap Fund - Regular Plan - Growth Option;INF789F01976;;50.1;50.1;50.1;23-Jun-2010
100650;UTI Large Cap Fund - Regular Plan - IDCW;INF189A01038;INF789F01950;29.58;29.58;29.58;23-Jun-2010

Open Ended Schemes ( Equity Scheme - Large & Mid Cap Fund )


Aditya Birla Sun Life Mutual Fund
100033;Aditya Birla Sun Life Large & Mid Cap Fund - Regular Growth;INF209K01165;;154.76;153.99;154.76;23-Jun-2010
100034;Aditya Birla Sun Life Large & Mid Cap Fund -Regular - IDCW;INF209K01157;INF209K01CE5;90.57;90.12;90.57;23-Jun-2010

Bandhan Mutual Fund
108596;Bandhan Large & Mid Cap Fund - Regular Plan - Growth;INF194K01524;;20.0953;20.0953;20.0953;23-Jun-2010
108597;Bandhan Large & Mid Cap Fund - Regular Plan - IDCW;INF194K01532;INF194K01540;14.5407;14.5407;14.5407;23-Jun-2010
111864;IDFC Core Equity Fund-Plan B- Dividend;INF194K01185;INF194K01193;12.8937;12.8937;12.8937;23-Jun-2010
111863;IDFC Core Equity Fund-Plan B- Growth;INF194K01177;;15.9777;15.9777;15.9777;23-Jun-2010

Bank of India Mutual Fund
110598;BANK OF INDIA Large & Mid Cap  Equity Fund Regular Plan- Quarterly IDCW;INF761K01116;INF761K01124;13.28;13.15;13.28;23-Jun-2010
110599;BANK OF INDIA Large & Mid Cap Equity Fund Eco Plan- Growth;INF761K01041;;17.35;17.18;17.35;23-Jun-2010
110601;BANK OF INDIA Large & Mid Cap Equity Fund Eco Plan-Bonus;INF761K01017;;17.35;17.18;17.35;23-Jun-2010
110604;BANK OF INDIA Large & Mid Cap Equity Fund Eco Plan-Quarterly IDCW;INF761K01058;INF761K01066;13.34;13.21;13.34;23-Jun-2010
110608;BANK OF INDIA Large & Mid Cap Equity Fund Eco Plan-Regular IDCW;INF761K01025;INF761K01033;12.21;12.09;12.21;23-Jun-2010
110603;BANK OF INDIA Large & Mid Cap Equity Fund Regular Plan- Growth;INF761K01108;;17.27;17.10;17.27;23-Jun-2010
110607;BANK OF INDIA Large & Mid Cap Equity Fund Regular Plan- Regular IDCW;INF761K01082;INF761K01090;12.17;12.05;12.17;23-Jun-2010
110606;BANK OF INDIA Large & Mid Cap Equity Fund Regular Plan-Bonus;INF761K01074;;17.27;17.10;17.27;23-Jun-2010

Canara Robeco Mutual Fund
102920;CANARA ROBECO LARGE AND MID CAP FUND - REGULAR PLAN - GROWTH OPTION;INF760K01167;;21.0900;21.0900;21.0900;23-Jun-2010
102921;CANARA ROBECO LARGE AND MID CAP FUND - REGULAR PLAN - IDCW (Payout/Reinvestment);INF760K01175;INF760K01183;14.5600;14.5600;14.5600;23-Jun-2010
102922;Canara Robeco Large and Mid Cap Fund -BONUS OPTION;INF760K01159;;17.6600;17.6600;17.6600;23-Jun-2010

DSP Mutual Fund
103819;DSP Large & Mid Cap Fund - Regular Plan - Growth;INF740K01094;;80.872;80.063;80.872;23-Jun-2010
103820;DSP Large & Mid Cap Fund - Regular Plan - IDCW;INF740K01078;INF740K01086;28.194;27.912;28.194;23-Jun-2010

Franklin Templeton Mutual Fund
102883;Franklin India Large & Mid Cap Fund - Growth Plan;INF090I01205;;29.6594;29.3628;29.6594;23-Jun-2010
102884;Franklin India Large & Mid Cap Fund - IDCW;INF090I01189;INF090I01197;15.0205;14.8703;15.0205;23-Jun-2010

ICICI Prudential Mutual Fund
100349;ICICI Prudential Large & Mid Cap Fund - Growth;INF109K01431;;125.46;124.21;125.46;23-Jun-2010
100348;ICICI Prudential Large & Mid Cap Fund - IDCW;INF109K01EQ7;INF109K01449;18.96;18.77;18.96;23-Jun-2010
100350;ICICI Prudential Large & Mid Cap Fund - Institutional Option - I - Growth;INF109K01456;;17.57;17.39;17.57;23-Jun-2010

Invesco Mutual Fund
106144;Invesco India Large & Mid Cap Fund - Growth;INF205K01247;;11.99;11.87;11.99;23-Jun-2010
106143;Invesco India Large & Mid Cap Fund - IDCW (Payout / Reinvestment);INF205K01262;INF205K01254;11.98;11.86;11.98;23-Jun-2010

Kotak Mahindra Mutual Fund
103234;Kotak Large & Midcap Fund - Growth-Regular;INF174K01187;;44.09;43.649;44.09;23-Jun-2010
103233;Kotak Large & Midcap Fund - IDCW-Regular;INF174K01203;INF174K01195;14.264;14.121;14.264;23-Jun-2010

Nippon India Mutual Fund
100378;NIPPON INDIA VISION FUND - IDCW Option;INF204K01372;INF204K01380;42.8587;42.4301;42.8587;23-Jun-2010
100379;Nippon India Vision Fund-GROWTH PLAN-Bonus Option;INF204K01398;;44.1253;43.6840;44.1253;23-Jun-2010
100380;Nippon India Vision Fund-GROWTH PLAN-Growth Option;INF204K01406;;262.7439;260.1165;262.7439;23-Jun-2010
106255;Nippon India Vision Large & Mid Cap Fund Institutional Dividend Plan;INF204K01331;INF204K01349;240.8739;238.4652;240.8739;23-Jun-2010
106256;Reliance Vision Fund Institutional Plan Growth Plan Growth Option;INF204K01364;;262.2448;259.6224;262.2448;23-Jun-2010

Principal Mutual Fund
111381;Principal Emerging Bluechip Fund - Growth Option;INF173K01155;;30.23;29.93;30.23;23-Jun-2010
111382;Principal Emerging Bluechip Fund - Half Yearly Income Distribution CUM Capital Withdrawal Option;INF173K01163;INF173K01171;23.92;23.68;23.92;23-Jun-2010

quant Mutual Fund
104515;quant Large & Mid Cap Fund - Bonus Option - Regular Plan;INF966L01424;;13.1149;12.9838;13.1149;23-Jun-2010
104513;quant Large & Mid Cap Fund - Growth Option;INF966L01341;;13.0919;12.9610;13.0919;23-Jun-2010
104514;quant Large & Mid Cap Fund - IDCW Option - Regular Plan;INF966L01325;INF966L01333;11.5289;11.4136;11.5289;23-Jun-2010

SBI Mutual Fund
101530;SBI Large & Midcap Fund - Regular Plan - Income Distribution cum Capital Withdrawal Option (IDCW);INF200K01289;INF200K01297;56.99;56.42;56.99;23-Jun-2010
103024;SBI LARGE & MIDCAP FUND- REGULAR PLAN -Growth;INF200K01305;;80.27;79.47;80.27;23-Jun-2010

Sundaram Mutual Fund
105001;Sundaram Large and Midcap Fund Regular Plan - Growth;INF903J01DT1;;13.5892;13.5892;0.0000;23-Jun-2010
105000;Sundaram Large and Midcap Regular Plan - Income Distribution cum Capital Withdrawal (IDCW);INF903J01DU9;INF903J01DV7;11.0855;11.0855;0.0000;23-Jun-2010

Tata Mutual Fund
101823;Tata Large & Mid Cap Fund Regular Plan - Payout of IDCW Option;INF277K01DH3;INF277K01410;21.6703;21.4536;21.6703;23-Jun-2010
101824;Tata Large & Mid Cap Fund- Regular Plan - Growth Option;INF277K01428;;79.2759;78.4831;79.2759;23-Jun-2010

UTI Mutual Fund
100664;UTI Large & Mid Cap Fund - Regular Plan - Growth Option;INF789F01869;;26.82;26.82;26.82;23-Jun-2010
100663;UTI Large & Mid Cap Fund - Regular Plan - IDCW;INF189A01046;INF789F01851;22.02;22.02;22.02;23-Jun-2010

Open Ended Schemes ( Equity Scheme - Mid Cap Fund )


Aditya Birla Sun Life Mutual Fund
101591;Aditya Birla Sun Life Midcap Fund -REGULAR - IDCW;INF209K01355;INF209K01CN6;25.13;24.88;25.13;23-Jun-2010
101592;Aditya Birla Sun Life MIDCAP Fund-Growth;INF209K01363;;107.14;106.07;107.14;23-Jun-2010
112115;Aditya Birla Sun Life MIDCAP Fund-Plan B (Dividend);;INF209K01CO4;13.52;13.38;13.52;23-Jun-2010
112116;Aditya Birla Sun Life MIDCAP Fund-Plan B (Growth);;;13.52;13.38;13.52;23-Jun-2010

DSP Mutual Fund
104481;DSP Midcap Fund - Regular Plan - Growth;INF740K01128;;16.669;16.502;16.669;23-Jun-2010
104482;DSP Midcap Fund - Regular Plan - IDCW;INF740K01102;INF740K01110;15.286;15.133;15.286;23-Jun-2010

Franklin Templeton Mutual Fund
100472;Franklin India Mid Cap Fund - IDCW;INF090I01726;INF090I01734;40.8175;40.4093;40.8175;23-Jun-2010
100473;Franklin India Mid Cap Fund-Growth;INF090I01809;;262.0018;259.3818;262.0018;23-Jun-2010

HDFC Mutual Fund
105758;HDFC Mid Cap Fund - Growth Plan;INF179K01CR2;;14.165;0;0;23-Jun-2010
105757;HDFC Mid Cap Fund - IDCW Plan;INF179K01CS0;INF179K01CT8;14.165;0;0;23-Jun-2010

ICICI Prudential Mutual Fund
102528;ICICI Prudential MidCap Fund - Growth;INF109K01AN2;;33.73;33.39;33.73;23-Jun-2010
102529;ICICI Prudential MidCap Fund - IDCW;INF109K01EH6;INF109K01AL6;16.79;16.62;16.79;23-Jun-2010
102530;ICICI Prudential MidCap Fund - Institutional Option - I;INF109K01AM4;;13.70;13.56;13.70;23-Jun-2010

Invesco Mutual Fund
105503;Invesco India Midcap Fund - Growth Option;INF205K01BC9;;13.44;13.31;13.44;23-Jun-2010
105504;Invesco India Midcap Fund - IDCW (Payout / Reinvestment);INF205K01BD7;INF205K01BE5;13.44;13.31;13.44;23-Jun-2010

Kotak Mahindra Mutual Fund
104908;Kotak Midcap Fund - Regular Plan - Growth;INF174K01DS9;;11.599;11.599;11.599;23-Jun-2010
104907;Kotak Midcap Fund - Regular Plan - IDCW -Payout & Re-investment of Income Distribution cum capital withdrawal option;INF174K01DU5;INF174K01DT7;11.598;11.598;11.598;23-Jun-2010

L&T Mutual Fund
112496;L&T Mid Cap Fund-Regular Plan-Growth;INF917K01254;;37.79;37.79;37.79;23-Jun-2010
112495;L&T Mid Cap Fund-Regular Plan-IDCW;INF917K01239;INF917K01247;21.81;21.81;21.81;23-Jun-2010

Nippon India Mutual Fund
100375;NIPPON INDIA GROWTH FUND - IDCW Option;INF204K01299;INF204K01307;56.2245;55.6623;56.2245;23-Jun-2010
100376;Nippon India Growth Fund-Growth Plan-Bonus Option;INF204K01315;;76.0831;75.3223;76.0831;23-Jun-2010
100377;Nippon India Growth Fund-Growth Plan-Growth Option;INF204K01323;;458.6707;454.0840;458.6707;23-Jun-2010
106260;NIPPON INDIA GROWTH MID CAP FUND - INSTITUTIONAL Plan - IDCW Option;INF204K01257;INF204K01265;446.7784;442.3106;446.7784;23-Jun-2010
106258;Reliance Growth Fund Institutional Plan Growth Plan Growth Option;INF204K01281;;461.7727;457.1550;461.7727;23-Jun-2010

quant Mutual Fund
101065;quant Mid Cap Fund - Growth Option - Regular Plan;INF966L01176;;27.2638;26.9912;27.2638;23-Jun-2010
101066;quant Mid Cap Fund - IDCW Option - Regular Plan;INF966L01150;INF966L01168;10.1579;10.0563;10.1579;23-Jun-2010

SBI Mutual Fund
102941;SBI MIDCAP FUND - REGULAR PLAN - GROWTH;INF200K01560;;22.30;22.08;22.30;23-Jun-2010
102942;SBI Midcap Fund - Regular Plan - Income Distribution cum Capital Withdrawal Option (IDCW);INF200K01578;INF200K01586;17.11;16.94;17.11;23-Jun-2010

Sundaram Mutual Fund
111941;Sundaram Mid Cap Fund Institutional Plan - Growth;INF903J01207;;141.2700;141.2700;141.2700;23-Jun-2010
111942;Sundaram Mid Cap Fund Institutional Plan - Income Distribution cum Capital Withdrawal (IDCW);INF903J01215;INF903J01223;17.6674;17.6674;17.6674;23-Jun-2010
101539;Sundaram Mid Cap Fund Regular Plan - Growth;INF903J01173;;140.8507;140.8507;140.8507;23-Jun-2010
101538;Sundaram Mid Cap Fund Regular Plan - Income Distribution cum Capital Withdrawal (IDCW);INF903J01181;INF903J01199;17.6010;17.6010;17.6010;23-Jun-2010

Tata Mutual Fund
102328;Tata Mid Cap Growth Fund Regular Plan- Growth Option;INF277K01626;;43.1654;42.7337;43.1654;23-Jun-2010
102326;Tata Mid Cap Growth Fund-Regular Plan - IDCW Option;INF277K01DS0;INF277K01642;17.2658;17.0931;17.2658;23-Jun-2010
102329;Tata Mid Cap Growth Fund Regular Plan  - Bonus (Growth);INF277K01634;;39.2256;38.8333;39.2256;23-Jun-2010

Taurus Mutual Fund
100477;Taurus Mid Cap Fund - Regular Plan - Growth;INF044D01815;;15.17;15.02;15.17;23-Jun-2010
111642;Taurus Mid Cap Fund - Regular Plan - Payout of Income Distribution cum Capital Withdrawal option;INF044D01781;INF044D01799;15.18;15.03;15.18;23-Jun-2010

UTI Mutual Fund
102393;UTI Mid Cap Fund - Regular Plan - IDCW;INF789F01794;INF789F01802;22.92;22.92;22.92;23-Jun-2010
102394;UTI Mid Cap Fund-Growth Option;INF789F01810;;30.8;30.8;30.8;23-Jun-2010

Open Ended Schemes ( Equity Scheme - Small Cap Fund )


Aditya Birla Sun Life Mutual Fund
105804;Aditya Birla Sun Life Small Cap Fund - GROWTH;INF209K01EN2;;12.0424;11.9220;12.0424;23-Jun-2010
105805;Aditya Birla Sun Life Small Cap Fund -Regular - IDCW;INF209K01EO0;INF209K01EP7;12.0424;11.9220;12.0424;23-Jun-2010

DSP Mutual Fund
105989;DSP Small Cap Fund - Regular - Growth;INF740K01797;;15.504;15.349;15.504;23-Jun-2010

Franklin Templeton Mutual Fund
103361;Franklin India Small Cap Fund - IDCW;INF090I01544;INF090I01551;12.5478;12.0459;12.5478;23-Jun-2010
103360;Franklin India Small Cap Fund-Growth;INF090I01569;;13.5519;13.0098;13.5519;23-Jun-2010

Kotak Mahindra Mutual Fund
102875;Kotak-Small Cap Fund - Growth;INF174K01211;;24.136;23.895;24.136;23-Jun-2010
102874;Kotak-Small Cap Fund - Payout of Income Distribution cum capital withdrawal option;INF174K01237;INF174K01229;16.789;16.621;16.789;23-Jun-2010

quant Mutual Fund
100177;quant Small Cap Fund - Growth - Regular Plan;INF966L01AA0;;25.2173;25.0912;25.2173;23-Jun-2010
100176;quant Small Cap Fund - IDCW Option - Regular Plan;INF206A01022;INF966L01044;22.5597;22.4469;22.5597;23-Jun-2010

Sundaram Mutual Fund
112064;Sundaram Small Cap Fund Institutional Plan - Growth;INF903J01504;;32.2671;32.2671;32.2671;23-Jun-2010
112207;Sundaram Small Cap Fund Institutional Plan - Income Distribution cum Capital Withdrawal (IDCW);INF903J01488;INF903J01496;12.5483;12.5483;12.5483;23-Jun-2010
100795;Sundaram Small Cap Fund Regular Plan - Growth;INF903J01470;;32.0864;32.0864;32.0864;23-Jun-2010
100794;Sundaram Small Cap Fund Regular Plan - Income Distribution cum Capital Withdrawal (IDCW);INF903J01454;INF903J01462;12.4754;12.4754;12.4754;23-Jun-2010

Open Ended Schemes ( Equity Scheme - Dividend Yield Fund )


Aditya Birla Sun Life Mutual Fund
101738;Aditya Birla Sun Life Dividend Yield Fund - Growth - Regular Plan;INF209K01405;;78.74;77.95;78.74;23-Jun-2010
101737;Aditya Birla Sun Life Dividend Yield Fund -REGULAR - IDCW;INF209K01397;INF209K01CP1;14.78;14.63;14.78;23-Jun-2010

Franklin Templeton Mutual Fund
103679;Franklin India Dividend Yield Fund - IDCW;INF090I01932;INF090I01940;14.0533;13.9128;14.0533;23-Jun-2010
103678;Franklin India Dividend Yield Fund-Growth Plan;INF090I01957;;18.0961;17.9151;18.0961;23-Jun-2010

Principal Mutual Fund
102808;Principal Dividend Yield Fund- Half Yearly Income Distribution CUM Capital Withdrawal Plan;INF173K01AD9;INF173K01AE7;16.23;16.07;16.23;23-Jun-2010
102807;Principal Dividend Yield Fund-Growth Plan;INF173K01AC1;;21.99;21.77;21.99;23-Jun-2010

Tata Mutual Fund
102858;Tata Dividend Yield Fund  Regular Plan -( Div);INF277K01DD2;INF277K01337;21.7985;21.5805;21.7985;23-Jun-2010
102859;Tata Dividend Yield Fund Regular Plan;INF277K01345;;30.6192;30.3130;30.6192;23-Jun-2010

UTI Mutual Fund
103025;UTI Dividend Yield Fund - Regular Plan - IDCW;INF789F01448;INF789F01455;14.65;14.65;14.65;23-Jun-2010
103026;UTI-Dividend Yield Fund.-Growth;INF789F01463;;29.55;29.55;29.55;23-Jun-2010

Open Ended Schemes ( Equity Scheme - Value Fund )


Aditya Birla Sun Life Mutual Fund
108167;Aditya Birla Sun Life Value Fund - Growth Option;INF209K01LF3;;16.4550;16.4550;16.4550;23-Jun-2010
108166;Aditya Birla Sun Life Value Fund - Regular - IDCW;INF209K01LE6;INF209K01LG1;15.4179;15.4179;15.4179;23-Jun-2010

Bandhan Mutual Fund
108909;Bandhan Value Fund - Regular Plan - Growth;INF194K01342;;17.2357;17.2357;17.2357;23-Jun-2010
108908;Bandhan Value Fund - Regular Plan - IDCW;INF194K01359;INF194K01367;14.2221;14.2221;14.2221;23-Jun-2010

Franklin Templeton Mutual Fund
100496;Templeton India Value Fund - Growth Plan;INF090I01296;;113.5140;112.3789;113.5140;23-Jun-2010
100497;Templeton India Value Fund - IDCW ;INF090I01270;INF090I01288;53.3998;52.8658;53.3998;23-Jun-2010

HDFC Mutual Fund
101764;HDFC Value Fund - Growth Plan;INF179K01426;;102.595;101.569;102.595;23-Jun-2010
101765;HDFC Value Fund - IDCW Plan;INF179K01400;INF179K01418;24.852;24.603;24.852;23-Jun-2010

ICICI Prudential Mutual Fund
102596;ICICI Prudential Value Discovery Fund - Institutional Option - I - Growth;INF109K01AE1;;20.27;20.07;20.27;23-Jun-2010
102594;ICICI Prudential Value Fund (erstwhile Value Discovery Fund) - Growth;INF109K01AF8;;45.74;45.28;45.74;23-Jun-2010
102595;ICICI Prudential Value Fund (erstwhile Value Discovery Fund) - IDCW;INF109K01EC7;INF109K01AD3;20.83;20.62;20.83;23-Jun-2010

JM Financial Mutual Fund
100254;JM Value Fund (Regular) - Growth Option;INF137A01037;;17.6205;17.6205;17.6205;23-Jun-2010
106168;JM Value Fund (Regular) - IDCW;INF137A01011;INF137A01029;12.3028;12.3028;12.3028;23-Jun-2010

Nippon India Mutual Fund
103086;NIPPON INDIA VALUE FUND - IDCW Option;INF204K01GC1;INF204K01GD9;22.7604;22.5328;22.7604;23-Jun-2010
103085;Nippon India Value Fund- Growth Plan;INF204K01GB3;;29.2006;28.9086;29.2006;23-Jun-2010

Quantum Mutual Fund
103490;Quantum Value Fund - Direct Plan Growth Option;INF082J01036;;20.0000;19.2000;20.0000;23-Jun-2010
103491;Quantum Value Fund - Direct Plan IDCW;INF082J01044;INF082J01051;20.1700;19.3600;20.1700;23-Jun-2010

Tata Mutual Fund
112218;Tata Equity P/E Fund - Regular Plan - Payout of IDCW-Option A(5%);INF277K01DI1;INF277K01436;39.7016;39.3046;39.7016;23-Jun-2010
101672;Tata Equity P/E Fund - Regular Plan -Growth Option;INF277K01451;;45.3019;44.8489;45.3019;23-Jun-2010
102428;Tata Equity P/E Fund Regular Plan - Payout of IDCW-Option B(10%);INF277K01DJ9;INF277K01444;40.1454;39.7439;40.1454;23-Jun-2010

UTI Mutual Fund
103098;UTI Value Fund - Regular Plan - Growth Option;INF789F01AG5;;24.33;24.33;24.33;23-Jun-2010
103097;UTI Value Fund - Regular Plan - IDCW;INF789F01AE0;INF789F01AF7;13;13;13;23-Jun-2010

Open Ended Schemes ( Equity Scheme - Contra Fund )


Invesco Mutual Fund
105460;Invesco India Contra Fund - Growth;INF205K01189;;15.68;15.52;15.68;23-Jun-2010
105459;Invesco India Contra Fund - IDCW (Payout / Reinvestment);INF205K01205;INF205K01197;12.13;12.01;12.13;23-Jun-2010

Kotak Mahindra Mutual Fund
103040;Kotak Contra Fund - Regular Plan - Growth;INF174K01245;;20.949;20.74;20.949;23-Jun-2010
103039;Kotak Contra Fund - Regular Plan - IDCW - Payout & Re-investment of Income Distribution cum capital withdrawal option;INF174K01260;INF174K01252;18.34;18.157;18.34;23-Jun-2010

SBI Mutual Fund
100915;SBI Contra Fund - Regular Plan - Income Distribution cum Capital Withdrawal Option (IDCW);INF200K01347;INF200K01354;25.78;25.52;25.78;23-Jun-2010
102414;SBI CONTRA FUND - REGULAR PLAN -GROWTH;INF200K01362;;56.20;55.64;56.20;23-Jun-2010

Open Ended Schemes ( Equity Scheme - Focused Fund )


Aditya Birla Sun Life Mutual Fund
103309;Aditya Birla Sun Life Focused Fund -Growth Option;INF209K01462;;20.9500;20.8452;20.9500;23-Jun-2010
103308;Aditya Birla Sun Life Focused Fund -Regular - IDCW;INF209K01454;INF209K01CS5;14.5452;14.4725;14.5452;23-Jun-2010

Bandhan Mutual Fund
108592;Bandhan Focused Fund - Regular Plan - Growth;INF194K01466;;18.4643;18.4643;18.4643;23-Jun-2010
108593;Bandhan Focused Fund - Regular Plan - IDCW;INF194K01474;INF194K01482;15.2630;15.2630;15.2630;23-Jun-2010

DSP Mutual Fund
112901;DSP Focused Fund - Regular Plan - Growth;INF740K01532;;10.327;10.224;10.327;23-Jun-2010
113032;DSP Focused Fund - Regular Plan - IDCW;INF740K01540;INF740K01AC7;10.327;10.224;10.327;23-Jun-2010

Franklin Templeton Mutual Fund
105817;Franklin India Focused Equity Fund - Growth Plan;INF090I01981;;11.9920;11.8721;11.9920;23-Jun-2010
105816;Franklin India Focused Equity Fund - IDCW ;INF090I01965;INF090I01973;11.9920;11.8721;11.9920;23-Jun-2010

HDFC Mutual Fund
102760;HDFC Focused Fund - GROWTH PLAN;INF179K01574;;37.345;36.972;37.345;23-Jun-2010
102761;HDFC Focused Fund - IDCW PLAN;INF179K01558;INF179K01566;21.231;21.019;21.231;23-Jun-2010

ICICI Prudential Mutual Fund
111957;ICICI Prudential Focused Equity Fund - Growth;INF109K01BZ4;;12.95;12.82;12.95;23-Jun-2010
111958;ICICI Prudential Focused Equity Fund - IDCW;INF109K01FM3;INF109K01CA5;12.95;12.82;12.95;23-Jun-2010

JM Financial Mutual Fund
107410;JM Focused Fund (Regular) - Growth Option;INF192K01577;;4.5846;0.0000;0.0000;23-Jun-2010
107409;JM Focused Fund (Regular) - IDCW;INF192K01551;INF192K01569;4.5846;0.0000;0.0000;23-Jun-2010

Nippon India Mutual Fund
104638;NIPPON INDIA FOCUSED  FUND - IDCW OPTION;INF204K01GF4;INF204K01GG2;15.0768;14.9260;15.0768;23-Jun-2010
104637;Nippon India Focused Fund -Growth Plan -Growth Option;INF204K01GE7;;15.0768;14.9260;15.0768;23-Jun-2010

Principal Mutual Fund
103335;Principal Focused Multicap Fund-Growth Option;INF173K01189;;27.27;27;27.27;23-Jun-2010
103334;Principal Focused Multicap Fund-Half Yearly Income Distribution CUM Capital Withdrawal Option;INF173K01197;INF173K01205;20.19;19.99;20.19;23-Jun-2010

quant Mutual Fund
109275;quant Focused Fund - Growth Option - Regular Plan;INF966L01374;;10.9815;10.8717;10.9815;23-Jun-2010
109274;quant Focused Fund - IDCW Option - Regular Plan;INF966L01358;INF966L01366;10.9815;10.8717;10.9815;23-Jun-2010

SBI Mutual Fund
102765;SBI Focused Fund - Regular Plan - Income Distribution cum Capital Withdrawal Option (IDCW);INF200K01388;INF200K01396;16.20;16.04;16.20;23-Jun-2010
102756;SBI FOCUSED FUND - REGULAR PLAN -GROWTH;INF200K01370;;36.50;36.14;36.50;23-Jun-2010

Sundaram Mutual Fund
108305;Sundaram Select Focus Institutional Plan - Growth;INF903J01140;;84.7515;84.7515;84.7515;23-Jun-2010
101537;Sundaram Select Focus Regular Plan - Growth;INF903J01116;;84.3258;84.3258;84.3258;23-Jun-2010
101536;Sundaram Select Focus Regular Plan - Income Distribution cum Capital Withdrawal (IDCW);INF903J01124;INF903J01132;10.9241;10.9241;10.9241;23-Jun-2010

Open Ended Schemes ( Equity Scheme - Sectoral/ Thematic )


Aditya Birla Sun Life Mutual Fund
111349;Aditya Birla Sun Life Commodity Equities Fund - Global Agri Plan - Growth - Regular Plan;INF209K01207;;13.0961;12.7032;13.0961;23-Jun-2010
111348;Aditya Birla Sun Life Commodity Equities Fund - Global Agri Plan -Regular - IDCW;INF209K01199;INF209K01CG0;13.0961;12.7032;13.0961;23-Jun-2010
103168;Aditya Birla Sun Life Digital India Fund - Growth - Regular Plan;INF209K01140;;19.11;18.92;19.11;23-Jun-2010
103167;Aditya Birla Sun Life Digital India Fund -Regular - IDCW;INF209K01132;INF209K01CD7;13.27;13.14;13.27;23-Jun-2010
103110;Aditya Birla Sun Life India Gennext Fund -Regular - IDCW;INF209K01439;INF209K01CR7;14.33;14.19;14.33;23-Jun-2010
103111;Aditya Birla Sun Life India Gennext Fund-Growth Option;INF209K01447;;22.04;21.82;22.04;23-Jun-2010
103475;Aditya Birla Sun Life Infrastructure Fund -  Regular - IDCW;INF209K01470;INF209K01CT3;13.19;13.06;13.19;23-Jun-2010
103476;Aditya Birla Sun Life Infrastructure Fund-Growth;INF209K01504;;16.98;16.81;16.98;23-Jun-2010
111956;Aditya Birla Sun Life Infrastructure Fund-Plan B (Dividend);;INF209K01CU1;12.18;12.06;12.18;23-Jun-2010
111955;Aditya Birla Sun Life Infrastructure Fund-Plan B (Growth);;;12.69;12.56;12.69;23-Jun-2010
106873;Aditya Birla Sun Life International Equity Fund - Growth - Regular Plan;INF209K01520;;8.1489;8.0674;8.1489;23-Jun-2010
106872;Aditya Birla Sun Life International Equity Fund - Regular - IDCW;INF209K01512;INF209K01CV9;8.1489;8.0674;8.1489;23-Jun-2010
106876;Aditya Birla Sun Life International Equity Fund - Plan B - Growth - Regular Plan;INF209K01546;;8.8577;8.7691;8.8577;23-Jun-2010
106875;Aditya Birla Sun Life International Equity Fund - Plan B - Regular - IDCW;INF209K01538;INF209K01CW7;8.8577;8.7691;8.8577;23-Jun-2010
100064;Aditya Birla Sun Life MNC Fund - Growth - Regular Plan;INF209K01322;;194.34;192.40;194.34;23-Jun-2010
100063;Aditya Birla Sun Life MNC Fund - Regular - IDCW;INF209K01314;INF209K01CL0;83.63;82.79;83.63;23-Jun-2010

Bank of India Mutual Fund
112359;BANK OF INDIA Manufacturing & Infrastructure Fund-Growth;INF761K01199;;10.21;10.11;10.21;23-Jun-2010
112360;BANK OF INDIA Manufacturing & Infrastructure Fund-Quarterly IDCW;INF761K01231;INF761K01223;10.21;10.11;10.21;23-Jun-2010
112361;BANK OF INDIA Manufacturing & Infrastructure Fund-Regular IDCW;INF761K01215;INF761K01207;10.21;10.11;10.21;23-Jun-2010

Canara Robeco Mutual Fund
112151;Canara Robeco Consumer Trends Fund - Institutional Plan - Dividend Option;INF760K01191;INF760K01209;12.2500;12.2500;12.2500;23-Jun-2010
112150;Canara Robeco Consumer Trends Fund - Institutional Plan - Growth Option;INF760K01217;;12.2500;12.2500;12.2500;23-Jun-2010
112152;CANARA ROBECO CONSUMER TRENDS FUND - REGULAR PLAN - GROWTH OPTION;INF760K01241;;12.2300;12.2300;12.2300;23-Jun-2010
112153;CANARA ROBECO CONSUMER TRENDS FUND - REGULAR PLAN - IDCW (Payout/Reinvestment);INF760K01225;INF760K01233;12.2400;12.2400;12.2400;23-Jun-2010
103390;CANARA ROBECO INFRASTRUCTURE FUND - REGULAR PLAN - GROWTH OPTION;INF760K01274;;21.8200;21.8200;21.8200;23-Jun-2010
103389;CANARA ROBECO INFRASTRUCTURE FUND - REGULAR PLAN - IDCW (Payout/Reinvestment);INF760K01258;INF760K01266;17.3800;17.3800;17.3800;23-Jun-2010

DSP Mutual Fund
102434;DSP India T.I.G.E.R. Fund - Regular Plan - Growth;INF740K01151;;46.383;45.919;46.383;23-Jun-2010
102435;DSP India T.I.G.E.R. Fund - Regular Plan - IDCW;INF740K01136;INF740K01144;18.911;18.722;18.911;23-Jun-2010

Franklin Templeton Mutual Fund
106979;Franklin Asian Equity Fund - Growth Plan;INF090I01AB3;;10.1112;10.0101;10.1112;23-Jun-2010
106978;Franklin Asian Equity Fund - IDCW ;INF090I01999;INF090I01AA5;10.1112;10.0101;10.1112;23-Jun-2010
112093;Franklin Build India Fund - IDCW ;INF090I01AC1;INF090I01AD9;11.8610;11.7424;11.8610;23-Jun-2010
112092;Franklin Build India Fund Growth Plan;INF090I01AE7;;11.8610;11.7424;11.8610;23-Jun-2010
103151;Franklin India Opportunities Fund - Growth;INF090I01841;;29.6376;29.3412;29.6376;23-Jun-2010
100524;Franklin INDIA OPPORTUNITIES FUND - IDCW ;INF090I01858;INF090I01866;14.2407;14.0983;14.2407;23-Jun-2010
100521;Franklin India Technology Fund - IDCW ;INF090I01759;INF090I01767;19.5699;19.3742;19.5699;23-Jun-2010
100522;Franklin India Technology Fund-Growth;INF090I01742;;57.5049;56.9299;57.5049;23-Jun-2010

HDFC Mutual Fund
107524;HDFC Infrastructure Fund - Growth Plan;INF179K01GF8;;11.686;0;0;23-Jun-2010
107525;HDFC Infrastructure Fund - IDCW Plan;INF179K01GE1;INF179K01GG6;11.686;0;0;23-Jun-2010

ICICI Prudential Mutual Fund
109445;ICICI Prudential Banking and Financial Services Fund -  Growth;INF109K01BU5;;16.21;16.05;16.21;23-Jun-2010
109446;ICICI Prudential Banking and Financial Services Fund -  IDCW;INF109K01DY3;INF109K01BV3;16.21;16.05;16.21;23-Jun-2010
103312;ICICI Prudential Exports & Services Fund - Growth;INF109K01BB5;;16.62;16.45;16.62;23-Jun-2010
103313;ICICI Prudential Exports & Services Fund - IDCW;INF109K01FL5;INF109K01BA7;12.50;12.38;12.50;23-Jun-2010
100352;ICICI Prudential FMCG Fund - Growth;INF109K01415;;59.77;59.17;59.77;23-Jun-2010
100351;ICICI Prudential FMCG Fund - IDCW;INF109K01EO2;INF109K01423;34.18;33.84;34.18;23-Jun-2010
103149;ICICI Prudential Infrastructure Fund - Growth;INF109K01AV5;;28.85;28.56;28.85;23-Jun-2010
103150;ICICI Prudential Infrastructure Fund - IDCW;INF109K01FB6;INF109K01AT9;12.10;11.98;12.10;23-Jun-2010
105602;ICICI Prudential Infrastructure Fund - Institutional Option - I - Growth;INF109K01AU7;;15.57;15.41;15.57;23-Jun-2010
100363;ICICI Prudential Technology Fund - Growth;INF109K01506;;15.62;15.46;15.62;23-Jun-2010

Invesco Mutual Fund
108377;Invesco India Financial Services Fund - Regular Plan -  IDCW (Payout / Reinvestment);INF205K01171;INF205K01163;13.87;13.73;13.87;23-Jun-2010
108378;Invesco India Financial Services Fund - Retail Growth;INF205K01155;;17.89;17.71;17.89;23-Jun-2010
106654;Invesco India Infrastructure Fund - Growth Option;INF205K01CD5;;8.31;0.00;0.00;23-Jun-2010
106653;Invesco India Infrastructure Fund - IDCW (Payout / Reinvestment);INF205K01CE3;INF205K01CF0;8.31;0.00;0.00;23-Jun-2010
112171;Invesco India PSU Equity Fund - Growth;INF205K01338;;10.57;10.46;10.57;23-Jun-2010
112173;Invesco India PSU Equity Fund - IDCW (Payout / Reinvestment);INF205K01353;INF205K01346;10.57;10.46;10.57;23-Jun-2010

L&T Mutual Fund
112600;L&T Infrastructure Fund - Regular Plan - Growth;INF917K01536;;7.61;0.00;0.00;23-Jun-2010
112601;L&T Infrastructure Fund - Regular Plan - IDCW;INF917K01544;INF917K01551;7.61;0.00;0.00;23-Jun-2010

LIC Mutual Fund
107763;LIC MF Infrastructure Fund-Regular Plan-Growth;INF767K01501;;9.3299;9.1800;0.0000;23-Jun-2010
107764;LIC MF Infrastructure Fund-Regular Plan-IDCW;INF767K01485;INF767K01493;9.3299;9.1800;0.0000;23-Jun-2010

Nippon India Mutual Fund
101864;Nippon India Banking & Financial Services Fund - IDCW Option;INF204K01893;INF204K01901;34.9779;34.6281;34.9779;23-Jun-2010
101863;Nippon India Banking & Financial Services Fund-Growth Plan-Bonus Option;INF204K01919;;87.6592;86.7826;87.6592;23-Jun-2010
101862;Nippon India Banking & Financial Services Fund-Growth Plan-Growth Option;INF204K01927;;87.6592;86.7826;87.6592;23-Jun-2010
110254;Reliance Banking & Financial Services Fund - Institutional Plan - Dividend Option;INF204K01869;INF204K01877;84.9692;84.1195;84.9692;23-Jun-2010
102753;NIPPON INDIA CONSUMPTION FUND - IDCW Option;INF204K01AN1;INF204K01AO9;20.3517;20.1482;20.3517;23-Jun-2010
102752;Nippon India Consumption Fund-Growth Plan-Bonus Option;INF204K01AP6;;28.3063;28.0232;28.3063;23-Jun-2010
102751;Nippon India Consumption Fund-Growth Plan-Growth Option;INF204K01AQ4;;28.3064;28.0233;28.3064;23-Jun-2010
102433;NIPPON INDIA PHARMA FUND - IDCW Option;INF204K01935;INF204K01943;39.3685;38.9748;39.3685;23-Jun-2010
102432;Nippon India Pharma Fund-Growth Plan-Bonus Option;INF204K01950;;52.7818;52.2540;52.7818;23-Jun-2010
102431;Nippon India Pharma Fund-Growth Plan-Growth Option;INF204K01968;;52.7817;52.2539;52.7817;23-Jun-2010
101264;NIPPON INDIA POWER & INFRA FUND - IDCW Option;INF204K01AB6;INF204K01AC4;47.9990;47.5190;47.9990;23-Jun-2010
101262;Nippon India Power & Infra Fund-Growth Plan -Growth Option;INF204K01AE0;;81.3165;80.5033;81.3165;23-Jun-2010
101263;Nippon India Power & Infra Fund-Growth Plan-Bonus Option;INF204K01AD2;;81.3164;80.5032;81.3164;23-Jun-2010
107592;Reliance Diversified Power Sector Fund Institutional Plan -Dividend Option;INF204K01976;INF204K01984;77.0366;76.2662;77.0366;23-Jun-2010
107590;Reliance Diversified Power Sector Fund Institutional Plan Growth Plan Growth Option;INF204K01AA8;;79.6041;78.8081;79.6041;23-Jun-2010
108252;NIPPON INDIA QUANT FUND - IDCW Option;INF204K01745;INF204K01752;12.1729;12.0512;12.1729;23-Jun-2010
108249;Nippon India Quant Fund -Growth Plan - Growth Option;INF204K01760;;12.1729;12.0512;12.1729;23-Jun-2010
108258;Nippon India Quant Fund -Growth Plan -Bonus Option;INF204K01737;;12.1730;12.0513;12.1730;23-Jun-2010

quant Mutual Fund
106170;quant Infrastructure Fund - Growth Option;INF966L01523;;8.6179;8.3487;8.6179;23-Jun-2010
106169;quant Infrastructure Fund - IDCW Option - Regular Plan;INF966L01507;INF966L01515;8.6224;8.3532;8.6224;23-Jun-2010

SBI Mutual Fund
103145;SBI COMMA Fund - REGULAR PLAN - Growth;INF200K01339;;23.50;23.27;23.50;23-Jun-2010
103146;SBI Comma Fund - Regular Plan - Income Distribution cum Capital Withdrawal Option (IDCW);INF200K01313;INF200K01321;15.87;15.71;15.87;23-Jun-2010
100645;SBI Consumption Opportunities Fund - Regular Plan - Income Distribution cum Capital Withdrawal Option (IDCW);INF200K01404;INF200K01412;26.36;26.10;26.36;23-Jun-2010
104523;SBI ESG Exclusionary Strategy Fund - Regular Plan - Growth;INF200K01214;;41.24;40.83;41.24;23-Jun-2010
101295;SBI ESG Exclusionary Strategy Fund - Regular Plan - Income Distribution cum Capital Withdrawal Option (IDCW);INF200K01198;INF200K01206;31.12;30.81;31.12;23-Jun-2010
100644;SBI Healthcare Opportunities Fund - Regular Plan - Income Distribution cum Capital Withdrawal Option (IDCW);INF200K01453;INF200K01461;34.43;34.09;34.43;23-Jun-2010
102823;SBI HEALTHCARE OPPORTUNITIES FUND - REGULAR PLAN -GROWTH;INF200K01446;;41.66;41.24;41.66;23-Jun-2010
106096;SBI INFRASTRUCTURE FUND -  REGULAR PLAN - GROWTH;INF200K01CT2;;10.13;N.A.;N.A.;23-Jun-2010
106095;SBI Infrastructure Fund - Regular Plan - Income Distribution cum Capital Withdrawal Option (IDCW);INF200K01CU0;INF200K01CV8;10.13;N.A.;N.A.;23-Jun-2010
103114;SBI Magnum Global Fund - Regular Plan - Income Distribution cum Capital Withdrawal Option (IDCW);INF200K01255;INF200K01263;29.60;29.30;29.60;23-Jun-2010
103034;SBI MNC FUND - REGULAR PLAN -GROWTH;INF200K01271;;52.94;52.41;52.94;23-Jun-2010
100643;SBI Technology Opportunities Fund - Regular Plan - Income Distribution cum Capital Withdrawal Option (IDCW);INF200K01420;INF200K01438;20.80;20.59;20.80;23-Jun-2010

Sundaram Mutual Fund
112295;Sundaram PSU Opportunities Dividend Option;INF903J01892;INF903J01900;10.1176;10.1176;10.1176;23-Jun-2010
112294;Sundaram PSU Opportunities Growth Option;INF903J01884;;10.1162;10.1162;10.1162;23-Jun-2010
103743;Sundaram Consumption Fund (Formerly Known as Sundaram Rural and Consumption Fund Regular Plan - Income Distribution cum Capital Withdrawal (IDCW);INF903J01546;INF903J01553;12.8882;12.8882;12.8882;23-Jun-2010
102142;Sundaram Consumption Fund(Formerly Known as Sundaram Rural and Consumption Fund Regular Plan - Growth);INF903J01561;;14.1509;14.1509;14.1509;23-Jun-2010
109061;Sundaram Financial Services Opportunities Fund Institutional Plan - Growth;INF903J01652;;0.0000;0.0000;0.0000;23-Jun-2010
109060;Sundaram Financial Services Opportunities Fund Institutional Plan - Income Distribution cum Capital Withdrawal (IDCW);INF903J01637;INF903J01645;0.0000;0.0000;0.0000;23-Jun-2010
109059;Sundaram Financial Services Opportunities Fund Regular Plan - Growth;INF903J01629;;17.4974;17.4974;17.8911;23-Jun-2010
109058;Sundaram Financial Services Opportunities Fund Regular Plan - Income Distribution cum Capital Withdrawal (IDCW);INF903J01603;INF903J01611;13.9092;13.9092;14.2222;23-Jun-2010

Tata Mutual Fund
101833;Tata Ethical Fund- Regular Plan - Payout of IDCW Option;INF277K01EH1;INF277K01949;44.0342;43.5939;44.0342;23-Jun-2010
100415;Tata Ethical Fund-Regular Plan - Growth Option;INF277K01956;;61.3823;60.7685;61.3823;23-Jun-2010
101852;TATA Infrastructure Fund Regular Plan - Payout of IDCW Option;INF277K01DY8;INF277K01774;22.2103;21.9882;22.2103;23-Jun-2010
101766;Tata Infrastructure Fund-Regular Plan- Growth Option;INF277K01782;;33.7304;33.3931;33.7304;23-Jun-2010

Taurus Mutual Fund
111903;Taurus Ethical Fund -  Regular Plan - Bonus Option;INF044D01823;;22.76;22.53;22.76;23-Jun-2010
111787;Taurus Ethical Fund - Regular Plan - Growth;INF044D01864;;22.77;22.54;22.77;23-Jun-2010
111788;Taurus Ethical Fund - Regular Plan - Payout of Income Distribution cum Capital Withdrawal option;INF044D01831;INF044D01849;17.07;16.90;17.07;23-Jun-2010
105417;Taurus Infrastructure Fund - Regular Plan - Growth;INF044D01906;;14.43;14.29;14.43;23-Jun-2010
105418;Taurus Infrastructure Fund - Regular Plan - Payout of Income Distribution cum Capital Withdrawal option;INF044D01872;INF044D01880;14.47;14.33;14.47;23-Jun-2010

UTI Mutual Fund
102401;UTI Banking and Financial Services Fund - Regular Plan - Growth Option;INF789F01372;;37.62;37.62;37.62;23-Jun-2010
102402;UTI Banking and Financial Services Fund - Regular Plan - IDCW;INF789F01356;INF789F01364;22.86;22.86;22.86;23-Jun-2010
100805;UTI Energy Fund-Growth Option;INF789F01497;;11.2;11.2;11.2;23-Jun-2010
100804;UTI Energy Fund-Income Option;INF789F01471;INF789F01489;12.68;12.68;12.68;23-Jun-2010
100807;UTI Healthcare Fund - Regular Plan - Growth Option;INF789F01695;;37.1;37.1;37.1;23-Jun-2010
100806;UTI Healthcare Fund - Regular Plan - IDCW;INF789F01679;INF789F01687;30.27;30.27;30.27;23-Jun-2010
100809;UTI Services Industries Fund-Growth Option;INF789F01729;;56.03;56.03;56.03;23-Jun-2010
100808;UTI Services Industries Fund-Income Option;INF789F01703;INF789F01711;24.09;24.09;24.09;23-Jun-2010
106425;UTI India Consumer Fund - Regular Plan - Growth Option;INF789F01CE6;;10.76;0;0;23-Jun-2010
106426;UTI India Consumer Fund - Regular Plan - IDCW;INF789F01CF3;INF789F01CG1;10.76;0;0;23-Jun-2010
102396;UTI Infrastructure Fund - Regular Plan - IDCW;INF789F01737;INF789F01745;19.95;19.95;19.95;23-Jun-2010
102395;UTI Infrastructure Fund-Growth Option;INF789F01752;;35.02;35.02;35.02;23-Jun-2010
100740;UTI - MNC Fund - Regular Plan - Growth Option;INF789F01844;;54.16;54.16;54.16;23-Jun-2010
100739;UTI MNC Fund - Regular Plan - IDCW;INF789F01828;INF789F01836;36.4;36.4;36.4;23-Jun-2010
102397;UTI Transportation and Logistics Fund - Regular Plan - IDCW;INF789F01273;INF789F01281;15.58;15.58;15.58;23-Jun-2010
102398;UTI-Transportation and Logistics  Fund-Growth Option;INF789F01299;;25.5;25.5;25.5;23-Jun-2010

Open Ended Schemes ( Equity Scheme - ELSS )


Aditya Birla Sun Life Mutual Fund
107745;Aditya Birla Sun Life ELSS Tax Saver Fund - Growth Option;INF209K01108;;11.38;11.38;11.38;23-Jun-2010
103164;Aditya Birla Sun Life ELSS Tax Saver Fund-Regular - IDCW;INF209K01090;INF209K01CB1;84.35;84.35;84.35;23-Jun-2010
104331;Aditya Birla Sun Life Tax Plan - Regular Plan - Growth Option;INF209K01348;;12.85;12.85;12.85;23-Jun-2010
100067;Aditya Birla Sun Life Tax Plan -Regular - IDCW;INF209K01330;INF209K01CM8;45.08;45.08;45.08;23-Jun-2010

Axis Mutual Fund
112323;Axis ELSS Tax Saver Fund - Regular Plan - Growth;INF846K01131;;11.3328;11.3328;11.3328;23-Jun-2010
112322;Axis ELSS Tax Saver Fund - Regular Plan - IDCW;INF846K01149;INF846K01156;11.3280;11.3280;11.3280;23-Jun-2010

Bandhan Mutual Fund
111569;BANDHAN ELSS Tax Saver Fund - Regular Plan - Growth;INF194K01292;;18.4766;18.4766;18.4766;23-Jun-2010
111570;BANDHAN ELSS Tax Saver Fund - Regular Plan - IDCW;INF194K01300;INF194K01318;14.7972;14.7972;14.7972;23-Jun-2010

Bank of India Mutual Fund
111709;BANK OF INDIA ELSS Tax Saver -ECO Plan-Growth;INF761K01157;;22.31;22.31;22.31;23-Jun-2010
111711;BANK OF INDIA ELSS Tax Saver -ECO Plan-IDCW;INF761K01132;INF761K01140;12.14;12.14;12.14;23-Jun-2010
111710;BANK OF INDIA ELSS Tax Saver -Regular Plan- Growth;INF761K01181;;22.24;22.24;22.24;23-Jun-2010
111708;BANK OF INDIA ELSS Tax Saver -Regular Plan-IDCW;INF761K01165;INF761K01173;12.13;12.13;12.13;23-Jun-2010

Baroda BNP Paribas Mutual Fund
100068;BARODA ELSS 96 - Plan A - IDCW;INF955L01641;;24.72;24.72;24.72;23-Jun-2010

Canara Robeco Mutual Fund
111722;CANARA ROBECO ELSS TAX SAVER - REGULAR PLAN - GROWTH OPTION;INF760K01100;;24.3800;24.3800;24.3800;23-Jun-2010
100593;CANARA ROBECO ELSS TAX SAVER - REGULAR PLAN -IDCW (Payout);INF760K01084;INF760K01092;20.0800;20.0800;20.0800;23-Jun-2010

DSP Mutual Fund
104772;DSP ELSS Tax Saver Fund - Regular Plan - Growth;INF740K01185;;16.513;16.513;16.513;23-Jun-2010
104773;DSP ELSS Tax Saver Fund - Regular Plan - IDCW;INF740K01169;INF740K01177;12.297;12.297;12.297;23-Jun-2010

Edelweiss Mutual Fund
111638;Edelweiss ELSS Tax Saver Fund - Regular Plan - Growth Option;INF754K01517;;18.41;18.41;18.41;23-Jun-2010
111639;Edelweiss ELSS Tax Saver Fund - Regular Plan - IDCW Option;INF754K01525;INF754K01541;18.41;18.41;18.41;23-Jun-2010

Franklin Templeton Mutual Fund
100525;Franklin India ELSS Tax Saver Fund - IDCW;INF090I01783;INF090I01791;31.2288;31.2288;31.2288;23-Jun-2010
100526;Franklin India ELSS Tax Saver Fund-Growth;INF090I01775;;189.9686;189.9686;189.9686;23-Jun-2010

HDFC Mutual Fund
101979;HDFC ELSS Tax saver - Growth Plan;INF179K01BB8;;216.118;216.118;216.118;23-Jun-2010
101980;HDFC ELSS Tax saver - IDCW Plan;INF179K01AZ9;INF179K01BA0;60.714;60.714;60.714;23-Jun-2010
100998;HDFC Long Term Advantage Plan - Growth Plan;INF179K01996;;125.985;125.985;125.985;23-Jun-2010
100997;HDFC Long Term Advantage Plan - IDCW Plan;INF179K01970;INF179K01988;36.879;36.879;36.879;23-Jun-2010

HSBC Mutual Fund
104707;HSBC Tax Saver Equity Fund - Growth;INF336L01BA4;;14.0830;14.0830;14.0830;23-Jun-2010
104706;HSBC Tax Saver Equity Fund - IDCW;INF336L01AZ3;;12.9887;12.9887;12.9887;23-Jun-2010

ICICI Prudential Mutual Fund
100354;ICICI Prudential ELSS Tax Saver Fund - Growth;INF109K01464;;131.80;131.80;131.80;23-Jun-2010
100353;ICICI Prudential ELSS Tax Saver Fund - IDCW;INF109K01FN1;INF109K01472;19.65;19.65;19.65;23-Jun-2010

Invesco Mutual Fund
104636;Invesco India ELSS Tax Saver Fund - Growth;INF205K01270;;16.60;16.60;16.60;23-Jun-2010
104635;Invesco India ELSS Tax Saver Fund - IDCW (Payout / Reinvestment);INF205K01296;INF205K01288;13.74;13.74;13.74;23-Jun-2010

JM Financial Mutual Fund
107288;JM ELSS Tax Saver Fund (Regular) - Growth option;INF192K01650;;7.3197;0.0000;7.3197;23-Jun-2010
107287;JM ELSS Tax Saver Fund (Regular) - IDCW;INF192K01643;;7.3197;0.0000;7.3197;23-Jun-2010

Kotak Mahindra Mutual Fund
103339;Kotak ELSS Tax Saver Fund-Growth;INF174K01369;;17.596;17.596;17.596;23-Jun-2010
103338;Kotak ELSS Tax Saver Fund-Payout of Income Distribution cum capital withdrawal option;INF174K01385;INF174K01377;10.775;10.775;10.775;23-Jun-2010

LIC Mutual Fund
100865;LIC MF ELSS Tax Saver-Regular Plan-Growth;INF767K01956;;27.8234;27.8234;27.8234;23-Jun-2010
100864;LIC MF ELSS Tax Saver-Regular Plan-IDCW;INF767K01931;INF767K01949;9.9618;9.9618;9.9618;23-Jun-2010
100325;LIC MF ULIS (5 Yrs. Single Premium)-Regular Plan-IDCW Reinvestment;;INF767K01964;9.7124;9.7124;9.7124;23-Jun-2010

Nippon India Mutual Fund
103197;NIPPON INDIA TAX SAVER (ELSS) FUND - IDCW Option;INF204K01GL2;INF204K01GM0;15.2446;15.2446;15.2446;23-Jun-2010
103196;Nippon India Tax Saver (ELSS) Fund-Growth Plan-Growth Option;INF204K01GK4;;19.5550;19.5550;19.5550;23-Jun-2010

Principal Mutual Fund
101815;Principal Personal Tax Saver Fund;INF173K01353;;93.19;93.19;93.19;23-Jun-2010
100156;Principal Tax Savings Fund;INF173K01361;;74.34;74.34;74.34;23-Jun-2010

quant Mutual Fund
100175;quant ELSS Tax Saver Fund - Growth Option - Regular Plan;INF966L01135;;48.3104;48.3104;48.3104;23-Jun-2010
100174;quant ELSS Tax Saver Fund - IDCW Option - Regular Plan;INF966L01119;;11.3333;11.3333;11.3333;23-Jun-2010

Quantum Mutual Fund
111549;Quantum ELSS Tax Saver Fund - Direct Plan Growth Option;INF082J01069;;19.9900;19.9900;19.9900;23-Jun-2010
111550;Quantum ELSS Tax Saver Fund - Direct Plan IDCW;INF082J01077;INF082J01085;19.9820;19.9820;19.9820;23-Jun-2010

SBI Mutual Fund
103883;SBI ELSS Tax Saver Fund - Regular Plan - Income Distribution cum Capital Withdrawal Option (IDCW);INF200K01479;;40.36;40.36;40.36;23-Jun-2010
105628;SBI ELSS Tax Saver FUND - REGULAR PLAN- GROWTH;INF200K01495;;59.21;59.21;59.21;23-Jun-2010

Sundaram Mutual Fund
101853;Sundaram Diversified Equity (ELSS) Regular Plan - Growth;INF903J01538;;41.9201;41.9201;41.9201;23-Jun-2010
100614;Sundaram Diversified Equity (ELSS) Regular Plan - Income Distribution cum Capital Withdrawal (IDCW);INF903J01512;INF903J01520;11.2370;11.2370;11.2370;23-Jun-2010

Tata Mutual Fund
100474;Tata ELSS Tax Saver Fund- Regular Plan - Payout of IDCW Option;INF277K01I60;;43.6733;43.6733;43.6733;23-Jun-2010

Taurus Mutual Fund
100480;Taurus ELSS Tax Saver Fund - Regular Plan - Growth;INF044D01AC9;;33.08;33.08;33.08;23-Jun-2010
108402;Taurus ELSS Tax Saver Fund - Regular Plan - Payout of Income Distribution cum Capital Withdrawal option;INF044D01997;;19.61;19.61;19.61;23-Jun-2010

UTI Mutual Fund
100821;UTI ELSS Tax Saver Fund - Regular Plan - Growth Option;INF789F01547;;37.84;37.84;37.84;23-Jun-2010
100820;UTI ELSS Tax Saver Fund - Regular Plan - IDCW;INF789F01521;INF789F01539;16.09;16.09;16.09;23-Jun-2010

Open Ended Schemes ( Debt Scheme - Overnight Fund )


HDFC Mutual Fund
101996;HDFC Overnight Fund - Growth Option;INF179KB1HS3;;15.4095;15.4095;15.4095;23-Jun-2010
101997;HDFC Overnight Fund - IDCW Option (Daily);;INF179KB1IF8;10.4266;10.4266;10.4266;23-Jun-2010

SBI Mutual Fund
101206;SBI OVERNIGHT FUND - REGULAR PLAN - GROWTH;INF200K01LQ9;;16.0293;16.0293;16.0293;23-Jun-2010
103140;SBI Overnight Fund - Regular Plan - Weekly Income Distribution cum Capital Withdrawal Option (IDCW);INF200K01LO4;INF200K01LP1;10.3174;10.3174;10.3174;23-Jun-2010

UTI Mutual Fund
100812;UTI - G-Sec Fund-GrowthN;INF789F01638;;21.8197;21.8197;21.8197;23-Jun-2010
100811;UTI - G-Sec Fund-Income;INF789F01612;INF789F01620;10.6911;10.6911;10.6911;23-Jun-2010
100814;UTI - Overnight  Fund - Regular Plan - Growth Option;INF789F01604;;13.9333;13.9333;13.9333;23-Jun-2010
100813;UTI Overnight Fund - Regular Plan - Periodic IDCW;INF789F01588;INF789F01596;11.085;11.085;11.085;23-Jun-2010

Open Ended Schemes ( Debt Scheme - Liquid Fund )


Aditya Birla Sun Life Mutual Fund
100049;Aditya Birla Sun Life Cash Plus-Institutional - Fortnightly Dividend;;;10.8367;10.8367;10.8367;23-Jun-2010
100052;Aditya Birla Sun Life Cash Plus-Institutional Premium - Fortnightly Dividend;;;10.0000;10.0000;10.0000;23-Jun-2010
100053;Aditya Birla Sun Life Cash Plus-Institutional Premium Plan-Monthly Dividend;;;10.0000;10.0000;10.0000;23-Jun-2010
100047;Aditya Birla Sun Life Liquid Fund - Growth;INF209K01RU9;;14.8887;14.8887;14.8887;23-Jun-2010
100046;Aditya Birla Sun Life Liquid Fund -Daily IDCW;INF209K01KQ2;INF209K01SQ5;10.0195;10.0195;10.0195;23-Jun-2010
100041;Aditya Birla Sun Life Liquid Fund -Institutional - IDCW;;INF209K01KN9;10.8023;10.8023;10.8023;23-Jun-2010
100048;Aditya Birla Sun Life Liquid Fund -Institutional - weekly  IDCW;INF209KA1LK7;INF209K01KY6;10.8134;10.8134;10.8134;23-Jun-2010
100044;Aditya Birla Sun Life Liquid Fund -Retail - IDCW;;INF209K01KP4;16.3694;16.3694;16.3694;23-Jun-2010
100051;Aditya Birla Sun Life Liquid Fund -weekly IDCW;INF209K01KU4;INF209KA1LJ9;10.0298;10.0298;10.0298;23-Jun-2010
112014;Aditya Birla Sun Life Liquid Fund- Discipline Advantage Plan;INF209K01KZ3;;10.3743;10.3743;10.3743;23-Jun-2010
100043;Aditya Birla Sun Life Liquid Fund-Institutional (Growth);INF209K01RT1;;25.1083;25.1083;25.1083;23-Jun-2010
100042;Aditya Birla Sun Life Liquid Fund-Retail (Growth);INF209K01ME4;;24.7053;24.7053;24.7053;23-Jun-2010

Axis Mutual Fund
112211;Axis Liquid Fund - Regular Plan - Daily IDCW;;INF846K01420;1000.0000;1000.0000;1000.0000;23-Jun-2010
112210;Axis Liquid Fund - Regular Plan - Growth Option;INF846K01412;;1030.2072;1030.2072;1030.2072;23-Jun-2010
112213;Axis Liquid Fund - Regular Plan - Monthly IDCW;INF846K01453;INF846K01461;1003.7290;1003.7290;1003.7290;23-Jun-2010
112212;Axis Liquid Fund - Regular Plan - Weekly IDCW;INF846K01438;INF846K01446;1002.2579;1002.2579;1002.2579;23-Jun-2010
112712;Axis Liquid Fund - Retail Plan - Daily IDCW;;INF846K01362;1000.0000;1000.0000;1000.0000;23-Jun-2010
112713;Axis Liquid Fund - Retail Plan - Growth Option;INF846K01354;;1013.6289;1013.6289;1013.6289;23-Jun-2010
112714;Axis Liquid Fund - Retail Plan - Monthly IDCW;INF846K01396;INF846K01404;1003.5672;1003.5672;1003.5672;23-Jun-2010
112715;Axis Liquid Fund - Retail Plan - Weekly IDCW;INF846K01370;INF846K01388;1000.2623;1000.2623;1000.2623;23-Jun-2010

Bandhan Mutual Fund
108692;BANDHAN LIQUID Fund - Regular Plan - Daily IDCW;INF194K01VZ4;INF194K01VY7;10.0025;10.0025;10.0025;23-Jun-2010
108690;BANDHAN LIQUID Fund - Regular Plan - Growth;INF194K01VX9;;11.3155;11.3155;11.3155;23-Jun-2010
108779;BANDHAN Liquid Fund-Plan A-Dividend (Daily);INF194K01VC3;INF194K01VB5;10.5819;10.5819;10.5819;23-Jun-2010
108778;BANDHAN Liquid Fund-Plan A-Growth;INF194K01UX1;;16.5808;16.5808;16.5808;23-Jun-2010
108607;BANDHAN Liquid Fund - Plan A-Dividend (Weekly);INF194K01VI0;INF194K01VH2;10.0169;10.0169;10.0169;23-Jun-2010
108781;BANDHAN Liquid Fund - Plan B (G) (Institutional Plan);INF194K01VK6;;16.7062;16.7062;16.7062;23-Jun-2010
108681;BANDHAN Liquid Fund - Plan B-Daily-Dividend(Institutional Plan);INF194K01VM2;INF194K01VL4;10.5873;10.5873;10.5873;23-Jun-2010

Bank of India Mutual Fund
109257;BANK OF INDIA Liquid Fund- Institutional Plan- Daily Dividend;;;1000.0000;1000.0000;1000.0000;23-Jun-2010
109256;BANK OF INDIA Liquid Fund- Institutional Plan-Growth;INF761K01314;;1113.3719;1113.3719;1113.3719;23-Jun-2010
111971;BANK OF INDIA Liquid Fund- Regular Plan- Daily IDCW;;INF761K01CO4;1000.0000;1000.0000;1000.0000;23-Jun-2010
109254;BANK OF INDIA Liquid Fund- Regular Plan- Growth;INF761K01306;;1102.8223;1102.8223;1102.8223;23-Jun-2010
109255;BANK OF INDIA Liquid Fund- Regular Plan- Weekly IDCW;;INF761K01CP1;1000.2333;1000.2333;1000.2333;23-Jun-2010
109263;BANK OF INDIA Liquid Fund- Super Institutional Plan-Daily Dividend;;;1000.0000;1000.0000;1000.0000;23-Jun-2010
109258;BANK OF INDIA Liquid Fund- Super Institutional Plan-Growth;INF761K01322;;1116.6855;1116.6855;1116.6855;23-Jun-2010
109262;BANK OF INDIA Liquid Fund-Institutional Plan-Weekly Dividend;;;1000.2578;1000.2578;1000.2578;23-Jun-2010

Baroda BNP Paribas Mutual Fund
111707;Baroda BNP Paribas LIQUID FUND - Regular Plan - DAILY IDCW OPTION;INF955L01468;INF955L01476;10.0063;10.0063;10.0063;23-Jun-2010
111704;Baroda BNP Paribas LIQUID FUND - Regular Plan - GROWTH OPTION;INF955L01484;;10.6530;10.6530;10.6530;23-Jun-2010
101408;Baroda BNP Paribas LIQUID FUND- Defunct Plan -Growth Option;INF955L01575;;16.1454;16.1454;16.1454;23-Jun-2010
101407;Baroda BNP Paribas LIQUID FUND-Defunct Plan- IDCW Option;INF955L01559;INF955L01567;13.8337;13.8337;13.8337;23-Jun-2010

Canara Robeco Mutual Fund
109349;CANARA ROBECO LIQUID FUND - REGULAR PLAN - DAILY IDCW (Reinvestment);;INF760K01CU3;10.0550;10.0550;10.0550;23-Jun-2010
109353;CANARA ROBECO LIQUID FUND - REGULAR PLAN - GROWTH OPTION;INF760K01CW9;;11.3100;11.3100;11.3100;23-Jun-2010
109350;CANARA ROBECO LIQUID FUND - REGULAR PLAN - WEEKLY IDCW (Payout/Reinvestment);INF760K01BZ4;INF760K01CZ2;10.0550;10.0550;10.0550;23-Jun-2010
101363;Canara Robeco Liquid Fund- INSTITUTIONAL-Daily Dividend Reinvestment;;INF760K01CC1;10.0550;10.0550;10.0550;23-Jun-2010
101362;Canara Robeco Liquid Fund- INSTITUTIONAL-Growth;INF760K01CD9;;16.9151;16.9151;16.9151;23-Jun-2010
101361;Canara Robeco Liquid Fund- INSTITUTIONAL-Weekly dividend;;INF760K01CE7;10.0550;10.0550;10.0550;23-Jun-2010
109357;Canara Robeco Liquid Fund-Institutional-Fortnightly Div Reinvest;;INF760K01860;10.0550;10.0550;10.0550;23-Jun-2010
109355;Canara Robeco Liquid Fund-Regular Plan-Fortnightly Div Reinvest.;;INF760K01951;10.0550;10.0550;10.0550;23-Jun-2010
101364;Canara Robeco Liquid Fund-Retail-DRI;;INF760K01CF4;10.0700;10.0700;10.0700;23-Jun-2010
109346;Canara Robeco Liquid Fund-Retail-Fortnightly Div Reinvest;;INF760K01CG2;10.0550;10.0550;10.0550;23-Jun-2010
101365;Canara Robeco Liquid Fund-Retail-Growth;INF760K01CH0;;16.8786;16.8786;16.8786;23-Jun-2010
109347;Canara Robeco Liquid Fund-Retail-Monthly Div Reinvest;;INF760K01CI8;10.1022;10.1022;10.1022;23-Jun-2010
109356;Canara Robeco Liquid Fund-Retail-Weekly Div Reinvest;;INF760K01CJ6;10.0550;10.0550;10.0550;23-Jun-2010

DSP Mutual Fund
103347;DSP Liquidity Fund - Regular Plan - Growth;INF740K01FK9;;1330.9014;1330.9014;1330.9014;23-Jun-2010
103348;DSP Liquidity Fund - Regular Plan - IDCW - Weekly;INF740K01FM5;INF740K01FL7;1001.0338;1001.0338;1001.0338;23-Jun-2010
103349;DSP Liquidity Fund- Regular Plan - IDCW - Daily;;INF740KA1OE0;1000.3161;1000.3161;1000.3161;23-Jun-2010
100943;DSP BlackRock Liquidity Fund - Regular Plan - Daily Dividend;;;10.0100;10.0100;10.0100;23-Jun-2010
100940;DSP BlackRock Liquidity Fund - Regular Plan - Growth;INF740K01CN0;;22.1000;22.1000;22.1000;23-Jun-2010
100941;DSP BlackRock Liquidity Fund - Regular Plan Weekly Dividend;;;12.4203;12.4203;12.4203;23-Jun-2010

Franklin Templeton Mutual Fund
100543;Franklin India Liquid Fund - Liquid Plan - Daily IDCW;;;1000.6730;1000.6730;1000.6730;23-Jun-2010
100544;Franklin India Liquid Fund - Liquid Plan - Growth;;;1396.0234;1396.0234;1396.0234;23-Jun-2010
100542;Franklin India Liquid Fund - Liquid Plan - Weekly Dividend;;;1000.8864;1000.8864;1000.8864;23-Jun-2010
100541;Franklin India Liquid Fund - Regular Plan - Daily - IDCW;;INF090I01BA3;1512.3400;1512.3400;1512.3400;23-Jun-2010
100538;Franklin India Liquid Fund - Regular Plan - Growth;INF090I01BB1;;2288.2218;2288.2218;2288.2218;23-Jun-2010
100537;Franklin India Liquid Fund - Regular Plan - Weekly - IDCW;INF090I01BL0;INF090I01BI6;1244.7368;1244.7368;1244.7368;23-Jun-2010
100547;Franklin India Liquid Fund - Super Institutional Plan - Daily - IDCW;;INF090I01BF2;1000.6730;1000.6730;1000.6730;23-Jun-2010
100546;Franklin India Liquid Fund - Super Institutional Plan - Growth;INF090I01BG0;;1381.7397;1381.7397;1381.7397;23-Jun-2010
100548;Franklin India Liquid Fund - Super Institutional Plan - Weekly - IDCW;INF090I01BM8;INF090I01BH8;1021.5093;1021.5093;1021.5093;23-Jun-2010
102441;Franklin India Liquid Fund - Institution-Growth;INF090I01BD7;;1451.4727;1451.4727;1451.4727;23-Jun-2010
102443;Franklin India Liquid Fund - Institutional Plan - Daily - IDCW;;INF090I01BC9;1000.6730;1000.6730;1000.6730;23-Jun-2010
102442;Franklin India Liquid Fund - Institutional Plan - Weekly - IDCW;INF090I01BJ4;INF090I01BE5;1055.0903;1055.0903;1055.0903;23-Jun-2010

HDFC Mutual Fund
100868;HDFC Liquid Fund - Growth Plan;INF179KB1HK0;;18.427;18.427;18.427;23-Jun-2010
100875;HDFC Liquid Fund - IDCW Daily;;INF179KB1IC5;10.1982;10.1982;10.1982;23-Jun-2010
100876;HDFC Liquid Fund - IDCW Monthly;INF179KB1HM6;INF179KB1HL8;10.2933;10.2933;10.2933;23-Jun-2010
100874;HDFC Liquid Fund - IDCW Plan Weekly;INF179KB1ID3;;10.313;10.313;10.313;23-Jun-2010
100877;HDFC Liquid Fund-Premium Plan - Dividend-Daily;;INF179K01KN4;12.2598;12.2598;12.2598;23-Jun-2010
100878;HDFC Liquid Fund-Premium Plan - Dividend-Weekly;INF179K01KP9;;10;10;10;23-Jun-2010
100881;HDFC Liquid Fund-Premium Plus Plan - Dividend-Weekly;INF179K01KS3;;10;10;10;23-Jun-2010
100872;HDFC Liquid Fund-PREMIUM PLUS- Growth;INF179K01KQ7;;18.6946;18.6946;18.6946;23-Jun-2010
100873;HDFC Liquid Fund-PREMIUM- Growth;INF179KB1HN4;;18.6565;18.6565;18.6565;23-Jun-2010

HSBC Mutual Fund
101700;HSBC Cash Fund - Dividend - Daily;;INF336L01321;10.0056;10.0056;10.0056;23-Jun-2010
101702;HSBC Cash Fund - Dividend - Monthly;INF336L01305;INF336L01297;10.1078;10.1078;10.1078;23-Jun-2010
101701;HSBC Cash Fund - Dividend - Weekly;;INF336L01347;10.2405;10.2405;10.2405;23-Jun-2010
101692;HSBC Cash Fund - Inst. - Dividend - Daily;;INF336L01354;10.4401;10.4401;10.4401;23-Jun-2010
101694;HSBC Cash Fund - Inst. - Dividend - Monthly;INF336L01370;INF336L01362;10.5513;10.5513;10.5513;23-Jun-2010
101693;HSBC Cash Fund - Inst. - Dividend - Weekly;;INF336L01388;10.4692;10.4692;10.4692;23-Jun-2010
101691;HSBC Cash Fund - Inst. - Growth;INF336L01289;;15.1564;15.1564;15.1564;23-Jun-2010
101697;HSBC Cash Fund - Regular - Dividend - Daily;;INF336L01263;10.1930;10.1930;10.1930;23-Jun-2010
101698;HSBC Cash Fund - Regular - Dividend - Weekly;;INF336L01313;10.0220;10.0220;10.0220;23-Jun-2010
101696;HSBC Liquid Fund - Growth closed plan;INF336L01271;;15.0096;15.0096;15.0096;23-Jun-2010
101699;HSBC Liquid Fund Closed;INF336L01339;;14.2904;14.2904;14.2904;23-Jun-2010

ICICI Prudential Mutual Fund
100357;ICICI Prudential Liquid Fund -Quarterly IDCW;INF109K01UU5;INF109K01UT7;101.0996;101.0996;101.0996;23-Jun-2010
100361;ICICI Prudential Liquid Fund-Dividend-Institutional Plus - Monthly;;INF109K01VL2;100.0671;100.0671;100.0671;23-Jun-2010
100359;ICICI Prudential Liquid Institutional Plus Fund - Div - Daily;INF109K01VJ6;;118.5150;118.5150;118.5150;23-Jun-2010
100360;ICICI Prudential Liquid Institutional Plus Fund - Div - Weekly;INF109K01VM0;;118.5941;118.5941;118.5941;23-Jun-2010
100362;ICICI Prudential Liquid Institutional Plus Fund - Growth;INF109K01VK4;;230.4010;230.4010;230.4010;23-Jun-2010
103343;ICICI Prudential Liquid Fund - Daily IDCW;INF109K01VP3;;100.0223;100.0223;100.0223;23-Jun-2010
103340;ICICI Prudential Liquid Fund - Growth;INF109K01VQ1;;137.5857;137.5857;137.5857;23-Jun-2010
104308;ICICI Prudential Liquid Fund - Half Yearly IDCW;INF109K01UX9;INF109K01UW1;101.0946;101.0946;101.0946;23-Jun-2010
103344;ICICI Prudential Liquid Fund - Institutional Option - I;INF109K01VH0;;134.4164;134.4164;134.4164;23-Jun-2010
103342;ICICI Prudential Liquid Fund - Weekly IDCW;INF109K01VS7;;100.1220;100.1220;100.1220;23-Jun-2010
103341;ICICI Prudential Liquid Fund -Monthly IDCW;INF109K01VR9;;100.0824;100.0824;100.0824;23-Jun-2010
101748;ICICI Prudential Liquid Fund - Institutional - Daily - Div;INF109K01VE7;;118.5020;118.5020;118.5020;23-Jun-2010
101753;ICICI Prudential Liquid Fund - Institutional - Weekly - Div;INF109K01VI8;;118.4638;118.4638;118.4638;23-Jun-2010
101754;ICICI Prudential Liquid Fund Retail Daily Dividend;INF109K01UR1;;118.5140;118.5140;118.5140;23-Jun-2010
101750;ICICI Prudential Liquid Fund Retail Growth;INF109K01UQ3;;224.7699;224.7699;224.7699;23-Jun-2010
101755;ICICI Prudential Liquid Fund Retail Monthly Dividend;INF109K01US9;;100.3390;100.3390;100.3390;23-Jun-2010
101752;ICICI Prudential Liquid Fund Retail Weekly Dividend;INF109K01UV3;;118.8340;118.8340;118.8340;23-Jun-2010
101751;ICICI Prudential Liquid Institutional Fund - Growth;INF109K01VF4;;228.9768;228.9768;228.9768;23-Jun-2010

Invesco Mutual Fund
104484;Invesco India Liquid Fund - Daily IDCW (Reinvestment);;INF205K01HN3;10.0078;10.0078;10.0078;23-Jun-2010
104486;Invesco India Liquid Fund - Growth;INF205K01HM5;;12.7749;12.7749;12.7749;23-Jun-2010
104488;Invesco India Liquid Fund - Regular - Growth;INF205K01HG7;;12.5921;12.5921;12.5921;23-Jun-2010
104489;Invesco India Liquid Fund - Regular - Weekly IDCW (Reinvestment);;INF205K01HH5;10.0080;10.0080;10.0080;23-Jun-2010
104483;Religare Invesco Liquid Fund - Institutional - Daily Dividend;;INF205K01HJ1;10.0022;10.0022;10.0022;23-Jun-2010
104491;Religare Invesco Liquid Fund - Institutional - Growth;INF205K01HI3;;12.7149;12.7149;12.7149;23-Jun-2010
104490;Religare Invesco Liquid Fund - Institutional - Weekly Dividend;;INF205K01HK9;10.0080;10.0080;10.0080;23-Jun-2010

JM Financial Mutual Fund
100241;JM High Liquidity Fund-- Institutional Plan - Dividend;INF192K01924;INF192K01932;10.4761;10.4761;10.4761;23-Jun-2010
100237;JM High Liquidity Fund-- Institutional Plan - Growth;INF192K01940;;15.3018;15.3018;15.3018;23-Jun-2010
100238;JM High Liquidity Fund-Institutional Plan - Daily Dividend;;INF192K01916;10.0159;10.0159;10.0159;23-Jun-2010
100245;JM High Liquidity Fund-Super Institutional Plan- Daily Dividend;;INF192K01957;10.0165;10.0165;10.0165;23-Jun-2010
100246;JM High Liquidity Fund-Super Institutional Plan- Weekly  Dividend;INF192K01965;INF192K01973;10.0000;10.0000;10.0000;23-Jun-2010
100244;JM Liquid Fund (Regular) - Quarterly IDCW;INF192K01866;INF192K01874;14.3536;14.3536;14.3536;23-Jun-2010
100247;JM Liquid Fund (Regular) - Super Institutional Plan - Growth Option;INF192K01981;;14.5488;14.5488;14.5488;23-Jun-2010
100233;JM Liquid Fund (Regular) - Weekly IDCW;INF192K01841;INF192K01858;10.7202;10.7202;10.7202;23-Jun-2010
100234;JM Liquid Fund - Growth Option;INF192K01882;;25.3606;25.3606;25.3606;23-Jun-2010
101549;JM Liquid Fund (Regular) - Bonus Option - Principal Units;INF192K01890;;13.3178;13.3178;13.3178;23-Jun-2010
101078;JM Liquid Fund (Regular) - Daily IDCW;;INF192K01833;10.4302;10.4302;10.4302;23-Jun-2010

Kotak Mahindra Mutual Fund
100833;Kotak Liquid Fund - Regular  - Daily Reinvestment of Income Distribution cum capital withdrawal option;;INF174K01NL3;12.2281;12.2281;12.2281;23-Jun-2010
100835;Kotak Liquid Fund - Regular Plan - Growth;INF174K01NI9;;18.8689;18.8689;18.8689;23-Jun-2010
100831;Kotak Liquid Fund -Institutional Plan - (Daily Dividend);;INF174K01GA0;12.2281;12.2281;12.2281;23-Jun-2010
100834;Kotak Liquid Fund Regular Plan Weekly Reinvestment of Income Distribution cum capital withdrawal option Dividend;INF174K01NK5;;10.0654;10.0654;10.0654;23-Jun-2010
100830;Kotak Liquid-Institutional Plan  (Growth);INF174K01FZ9;;18.3906;18.3906;18.3906;23-Jun-2010
100832;Kotak Liquid-Institutional Plan (Weekly Dividend);;INF174K01GB8;10.0252;10.0252;10.0252;23-Jun-2010
100828;Kotak Liquid-Regular (Dividend);;INF174K01FY2;10.0247;10.0247;10.0247;23-Jun-2010
100829;Kotak Liquid-Regular (Growth);INF174K01NM1;;18.0081;18.0081;18.0081;23-Jun-2010

L&T Mutual Fund
112445;L&T Liquid Fund -Regular Plan - Daily IDCW;INF917K01JB4;;10.1163;10.1163;10.1163;23-Jun-2010
112457;L&T Liquid Fund -Regular Plan - Growth;INF917K01JH1;;12.7635;12.7635;12.7635;23-Jun-2010
112456;L&T Liquid Fund-Cum -Institutional Plus;INF917K01BJ4;;18.7385;18.7385;18.7385;23-Jun-2010
112442;L&T Liquid Fund-Regular Cumulative;INF917K01BF2;;18.5136;18.5136;18.5136;23-Jun-2010
112483;L&T Liquid Fund - Institutional Plus Weekly Dividend;INF917K01BH8;INF917K01BI6;12.5697;12.5697;12.5697;23-Jun-2010

LIC Mutual Fund
101184;LIC MF Liquid Fund-Regular Plan-Daily IDCW;INF767K01IQ3;INF767K01IR1;10.9801;10.9801;10.9801;23-Jun-2010
101185;LIC MF Liquid Fund-Regular Plan-Growth;INF767K01IS9;;17.0411;17.0411;17.0411;23-Jun-2010

Mirae Asset Mutual Fund
111647;Mirae Asset Liquid Fund - Regular - Daily IDCW;;INF769K01804;1029.5205;1029.5205;1029.5205;23-Jun-2010
111646;Mirae Asset Liquid Fund - Regular Plan - Growth;INF769K01788;;1037.9489;1037.9489;1037.9489;23-Jun-2010
111645;Mirae Asset Liquid Fund - Regular Plan - Monthly IDCW;INF769K01838;INF769K01820;1038.0136;1038.0136;1038.0136;23-Jun-2010
111644;Mirae Asset Liquid Fund - Regular Plan - Weekly IDCW;;INF769K01812;1036.8250;1036.8250;1036.8250;23-Jun-2010

Navi Mutual Fund
112645;Navi Liquid Fund - Regular Plan Daily IDCW;;INF959L01GM7;10.0002;10.0002;10.0002;23-Jun-2010
112646;Navi Liquid Fund - Regular Plan Weekly IDCW;INF959L01GP0;INF959L01GQ8;10.0034;10.0034;10.0034;23-Jun-2010
112637;Navi Liquid Fund-Institutional Plan-Dividend Option-Daily;;INF959L01197;10.0000;10.0000;10.0000;23-Jun-2010
112640;Navi Liquid Fund-Institutional Plan-Growth;INF959L01247;;10.0977;10.0977;10.0977;23-Jun-2010
112636;Navi Liquid Fund-Regular Plan-Growth Option;INF959L01GL9;;10.1152;10.1152;10.1152;23-Jun-2010
112641;Navi Liquid Fund-Retail Plan-Dividend Option-Daily;;INF959L01254;10.0003;10.0003;10.0003;23-Jun-2010
112644;Navi Liquid Fund-Retail Plan-Growth;INF959L01304;;10.1415;10.1415;10.1415;23-Jun-2010

Nippon India Mutual Fund
100852;NIPPON INDIA LIQUID FUND - DAILY IDCW OPTION;;INF204K01UM1;15.2874;15.2874;15.2874;23-Jun-2010
100855;NIPPON INDIA LIQUID FUND - MONTHLY IDCW OPTION;INF204K01UO7;INF204K01UP4;21.8219;21.8219;21.8219;23-Jun-2010
100837;Nippon India Liquid Fund - Retail Option - Growth Plan;INF204K01UL3;;22.3059;22.3059;22.3059;23-Jun-2010
100842;NIPPON INDIA LIQUID FUND - RETAIL Plan - DAILY IDCW OPTION;;INF204K01UJ7;15.2428;15.2428;15.2428;23-Jun-2010
100843;NIPPON INDIA LIQUID FUND - RETAIL plan - MONTHLY IDCW OPTION;INF204K01UT6;INF204K01UU4;13.3539;13.3539;13.3539;23-Jun-2010
100844;NIPPON INDIA LIQUID FUND - RETAIL Plan - QUARTERLY IDCW OPTION;INF204K01UV2;INF204K01UW0;12.1483;12.1483;12.1483;23-Jun-2010
100838;NIPPON INDIA LIQUID FUND - RETAIL Plan - WEEKLY IDCW OPTION;;INF204K01UK5;10.3481;10.3481;10.3481;23-Jun-2010
100853;NIPPON INDIA LIQUID FUND - WEEKLY IDCW OPTION;INF204KC1FM8;INF204K01US8;15.3129;15.3129;15.3129;23-Jun-2010
100851;Nippon India Liquid Fund -Growth Plan;INF204K01UN9;;22.6992;22.6992;22.6992;23-Jun-2010
100849;Reliance Liquid Fund-Cash Plan-Daily Dividend Reinvestment Option;;;11.1415;11.1415;11.1415;23-Jun-2010
100845;Reliance Liquid Fund-Cash Plan-Growth Plan;;;15.1300;15.1300;15.1300;23-Jun-2010
100848;Reliance Liquid Fund-Cash Plan-Weekly Dividend Reinvestment Option;;;10.9236;10.9236;10.9236;23-Jun-2010

Principal Mutual Fund
100895;Principal Cash Management Fund - Daily Income Distribution CUM Capital Withdrawal;;INF173K01DB7;10.0007;10.0007;10.0007;23-Jun-2010
100898;Principal Cash Management Fund -Growth Option;INF173K01DA9;;14.4836;14.4836;14.4836;23-Jun-2010
100892;Principal Cash Management-Liquid Option-Daily Dividend;;;10.0022;10.0022;10.0022;23-Jun-2010
100887;Principal Cash Management-Liquid Option-Dividend Plan;;;10.127;10.127;10.127;23-Jun-2010
100888;Principal Cash Management-Liquid Option-Growth Plan;;;17.9546;17.9546;17.9546;23-Jun-2010
100894;Principal Cash Management-Liquid Option-Institutional - Daily Dividend Plan;;;10.0022;10.0022;10.0022;23-Jun-2010
100893;Principal Cash Management-Liquid Option-Institutional - Growth Plan;;;15.1938;15.1938;15.1938;23-Jun-2010
100891;Principal Cash Management-Liquid Option-Institutional - Monthly Dividend Plan;;;10.0329;10.0329;10.0329;23-Jun-2010
100890;Principal Cash Management-Liquid Option-Institutional - Weekly Dividend Plan;;;10.009;10.009;10.009;23-Jun-2010
100889;Principal Cash Management-Liquid Option-Monthly Dividend;;;10.031;10.031;10.031;23-Jun-2010

quant Mutual Fund
103225;quant Liquid Fund - Growth Option - Regular Plan;INF966L01317;;13.9713;13.9713;13.9713;23-Jun-2010
103228;quant Liquid Fund - Monthly IDCW Option - Regular Plan;INF966L01291;INF966L01309;13.5578;13.5578;13.5578;23-Jun-2010
103227;quant Liquid Fund - Weekly IDCW Option - Regular Plan;INF966L01499;INF966L01283;12.6905;12.6905;12.6905;23-Jun-2010
103226;quant Liquid Fund-Daily IDCW Option - Regular Plan;;INF966L01275;12.7690;12.7690;12.7690;23-Jun-2010

Quantum Mutual Fund
103736;Quantum Liquid Fund - Direct Plan Daily IDCW;;INF082J01135;10.0000;10.0000;10.0000;23-Jun-2010
103734;Quantum Liquid Fund - Direct Plan Growth Option;INF082J01127;;13.2363;13.2363;13.2363;23-Jun-2010
103735;Quantum Liquid Fund - Direct Plan Monthly IDCW;INF082J01143;INF082J01200;10.0392;10.0392;10.0392;23-Jun-2010

SBI Mutual Fund
105274;SBI Liquid Fund - Institutional - Growth;INF200K01LU1;;14.7877;14.7877;14.7877;23-Jun-2010
105275;SBI Liquid Fund - Institutional Daily Income Distribution cum Capital Withdrawal Option (IDCW);;INF200K01LR7;10.0325;10.0325;10.0325;23-Jun-2010
105279;SBI Liquid Fund - Institutional Fortnightly Income Distribution cum Capital Withdrawal Option (IDCW);INF200K01LS5;INF200K01LT3;10.1763;10.1763;10.1763;23-Jun-2010
105278;SBI Liquid Fund - Institutional Weekly Income Distribution cum Capital Withdrawal Option (IDCW);INF200K01LV9;INF200K01LW7;10.6095;10.6095;10.6095;23-Jun-2010
105281;SBI Liquid Fund - Regular Plan - Daily Income Distribution cum Capital Withdrawal Option (IDCW);;INF200K01LX5;10.0325;10.0325;10.0325;23-Jun-2010
105283;SBI Liquid Fund - Regular Plan - Fortnightly Income Distribution cum Capital Withdrawal Option (IDCW);INF200K01LY3;INF200K01LZ0;N.A.;N.A.;N.A.;23-Jun-2010
105282;SBI Liquid Fund - Regular Plan - Weekly Income Distribution cum Capital Withdrawal Option (IDCW);INF200K01MB9;INF200K01MC7;N.A.;N.A.;N.A.;23-Jun-2010
105280;SBI Liquid Fund - REGULAR PLAN -Growth;INF200K01MA1;;14.6285;14.6285;14.6285;23-Jun-2010

Sundaram Mutual Fund
102701;Sundaram Money Fund Institutional Plan - Daily Reinvestment of Income Distribution cum Capital Withdrawal (IDCW);;INF903J01GP2;10.0953;10.0953;10.0953;23-Jun-2010
102702;Sundaram Money Fund Institutional Plan - Fortnightly Reinvestment of Income Distribution cum Capital Withdrawal (IDCW);;INF903J01GR8;0.0000;0.0000;0.0000;23-Jun-2010
102703;Sundaram Money Fund Institutional Plan - Growth;INF903J01GN7;;19.3445;19.3445;19.3445;23-Jun-2010
102704;Sundaram Money Fund Institutional Plan - Monthly Income Distribution cum Capital Withdrawal (IDCW);INF903J01GO5;INF903J01GS6;10.3591;10.3591;10.3591;23-Jun-2010
102705;Sundaram Money Fund Institutional Plan - Quarterly Reinvestment of Income Distribution cum Capital Withdrawal (IDCW);;INF903J01GT4;10.7845;10.7845;0.0000;23-Jun-2010
102706;Sundaram Money Fund Institutional Plan - Weekly Reinvestment of Income Distribution cum Capital Withdrawal (IDCW);;INF903J01GQ0;10.7703;10.7703;10.7703;23-Jun-2010
103392;Sundaram Money Fund Regular Plan - Daily Reinvestment of Income Distribution cum Capital Withdrawal (IDCW);;INF903J01GW8;10.0953;10.0953;10.0953;23-Jun-2010
103395;Sundaram Money Fund Regular Plan - Fortnightly Reinvestment of Income Distribution cum Capital Withdrawal (IDCW);;INF903J01GY4;0.0000;0.0000;0.0000;23-Jun-2010
103397;Sundaram Money Fund Regular Plan - Growth;INF903J01GU2;;19.6023;19.6023;19.6023;23-Jun-2010
103396;Sundaram Money Fund Regular Plan - Monthly Income Distribution cum Capital Withdrawal (IDCW);INF903J01GV0;INF903J01GZ1;0.0000;0.0000;0.0000;23-Jun-2010
103393;Sundaram Money Fund Regular Plan - Quarterly Reinvestment of Income Distribution cum Capital Withdrawal (IDCW);;INF903J01HA2;0.0000;0.0000;0.0000;23-Jun-2010
100620;Sundaram Money Fund Retail Plan - Daily Reinvestment of Income Distribution cum Capital Withdrawal (IDCW);;INF903J01GI7;10.0953;10.0953;10.0953;23-Jun-2010
100622;Sundaram Money Fund Retail Plan - Fortnightly Reinvestment of Income Distribution cum Capital Withdrawal (IDCW);;INF903J01GK3;10.4337;10.4337;10.4337;23-Jun-2010
100618;Sundaram Money Fund Retail Plan - Growth;INF903J01GG1;;19.0789;19.0789;19.0789;23-Jun-2010
100623;Sundaram Money Fund Retail Plan - Monthly Income Distribution cum Capital Withdrawal (IDCW);INF903J01GH9;INF903J01GL1;10.3089;10.3089;10.3089;23-Jun-2010
100619;Sundaram Money Fund Retail Plan - Quarterly Reinvestment of Income Distribution cum Capital Withdrawal (IDCW);;INF903J01GM9;10.7808;10.7808;10.7808;23-Jun-2010
100621;Sundaram Money Fund Retail Plan - Weekly Reinvestment of Income Distribution cum Capital Withdrawal (IDCW);;INF903J01GJ5;10.6707;10.6707;10.6707;23-Jun-2010
103394;Sundaram Money Fund Regular Plan - Weekly Reinvestment of Income Distribution cum Capital Withdrawal (IDCW);;INF903J01GX6;0.0000;0.0000;0.0000;23-Jun-2010

Tata Mutual Fund
102672;Tata Liquid Fund -Regular Plan - Growth Option;INF277K01YD8;;14.6168;14.6168;14.6168;23-Jun-2010
101714;Tata Liquid Fund- Regular Plan - Daily Reinvestment of IDCW Option;;INF277K011D4;10.0152;10.0152;10.0152;23-Jun-2010

Taurus Mutual Fund
111915;Taurus Liquid Fund - Regular Plan - SI Growth Option;INF044D01534;;1013.2189;1013.2189;1013.2189;23-Jun-2010
111703;Taurus Liquid Fund - Regular Plan -SI Daily Dividend Option;;INF044D01518;1000.0111;1000.0111;1000.0111;23-Jun-2010
111547;Taurus Liquid Fund Insti DDRIP;;INF044D01484;1000.0401;1000.0401;1000.0401;23-Jun-2010
111760;Taurus Liquid Fund Insti Growth;INF044D01500;;1020.3984;1020.3984;1020.3984;23-Jun-2010
104240;Taurus Liquid Fund-Dividend;INF044D01542;INF044D01559;1001.1841;1001.1841;1001.1841;23-Jun-2010
104241;Taurus Liquid Fund-Growth;INF044D01575;;1221.8728;1221.8728;1221.8728;23-Jun-2010

UTI Mutual Fund
102010;UTI Liquid Fund - Regular Plan - Daily IDCW (Reinvestment);;INF789F01PG3;1019.4457;1019.4457;1019.4457;23-Jun-2010
102011;UTI Liquid Fund - Regular Plan - Monthly IDCW;INF789F01PI9;INF789F01PJ7;1028.2823;1028.2823;1028.2823;23-Jun-2010
102013;UTI Liquid Fund - Regular Plan - Weekly IDCW;;INF789F01PK5;1028.0563;1028.0563;1028.0563;23-Jun-2010
102012;UTI-  Liquid Cash Plan - Regular Plan - Growth Option;INF789F01PH1;;1528.0841;1528.0841;1528.0841;23-Jun-2010
102008;UTI-  Liquid Cash Plan- Discontinued - Regular Plan - Monthly Dividend Option;INF789F01BC2;INF789F01BA6;1070.0738;1070.0738;1070.0738;23-Jun-2010
102009;UTI-  Liquid Cash Plan- Discontinued - Regular Plan -Growth;INF789F01BB4;;1504.5866;1504.5866;1504.5866;23-Jun-2010
102007;UTI-  Liquid Cash Plan- Discontinued -Regular Plan Periodic Dividend Option;;INF789F01AZ5;1056.8943;1056.8943;1056.8943;23-Jun-2010

Open Ended Schemes ( Debt Scheme - Ultra Short Duration Fund )


Aditya Birla Sun Life Mutual Fund
112016;Aditya Birla Sun Life Savings Fund - Discipline Advantage Plan;INF209K01JT8;;10.4033;10.4033;10.4033;23-Jun-2010
101317;Aditya Birla Sun Life Savings Fund - Growth - Regular Plan;INF209K01LZ1;;17.6853;17.6853;17.6853;23-Jun-2010
101315;Aditya Birla Sun Life Savings Fund-Insititutional Fortnightly Dividend;;;10.8485;10.8485;10.8485;23-Jun-2010
105889;Aditya Birla Sun Life Savings Fund-Insititutional Plan - Monthly  Dividend;;;10.2791;10.2791;10.2791;23-Jun-2010
105888;Aditya Birla Sun Life Savings Fund-Regular - DAILY IDCW;INF209K01LY4;;10.0068;10.0068;10.0068;23-Jun-2010
105887;Aditya Birla Sun Life Savings Fund-Regular - weekly IDCW;INF209K01MA2;;10.0074;10.0074;10.0074;23-Jun-2010
109108;Aditya Birla Sun Life Savings Fund-Retail - Daily IDCW;INF209K01MB0;;10.0068;10.0068;10.0068;23-Jun-2010
105886;Aditya Birla Sun Life Savings Fund-Retail - Monthly Dividend;;INF209K01DJ2;10.2536;10.2536;10.2536;23-Jun-2010
101318;Aditya Birla Sun Life Savings Fund-Retail Fortnightly Dividend;;;11.2773;11.2773;11.2773;23-Jun-2010
101316;Aditya Birla Sun Life Savings Fund-Retail Growth;INF209K01MC8;;17.2929;17.2929;17.2929;23-Jun-2010
105881;Aditya Birla Sun Life Savings Fund-Weekly - retail IDCW;INF209K01MD6;;10.0067;10.0067;10.0067;23-Jun-2010

Bank of India Mutual Fund
109268;BANK OF INDIA Ultra Short Duration Fund- Institutional Plan- Daily Dividend;;;1000.0000;1000.0000;1000.0000;23-Jun-2010
109265;BANK OF INDIA Ultra Short Duration Fund- Institutional Plan- Growth;INF761K01264;;1126.1460;1126.1460;1126.1460;23-Jun-2010
109266;BANK OF INDIA Ultra Short Duration Fund- Institutional Plan- Weekly Dividend;;;1000.7222;1000.7222;1000.7222;23-Jun-2010
111970;BANK OF INDIA Ultra Short Duration Fund- Regular Plan- Daily IDCW;;INF761K01CW7;1000.0000;1000.0000;1000.0000;23-Jun-2010
109269;BANK OF INDIA Ultra Short Duration Fund- Regular Plan- Growth;INF761K01298;;1115.7440;1115.7440;1115.7440;23-Jun-2010
109264;BANK OF INDIA Ultra Short Duration Fund- Regular Plan- Weekly IDCW;;INF761K01CX5;1000.6676;1000.6676;1000.6676;23-Jun-2010

Canara Robeco Mutual Fund
106326;Canara Robeco Ultra Short Term Fund - Institutional Plan- Daily Dividend Reinvestment Option;;INF760K01DR7;12.4071;12.4071;12.4071;23-Jun-2010
106330;Canara Robeco Ultra Short Term Fund - Institutional Plan- Growth option;INF760K01CN8;;15.2867;15.2867;15.2867;23-Jun-2010
109369;Canara Robeco Ultra Short Term Fund - Institutional Plan- Monthly Div Reinvest;INF760K01480;INF760K01498;12.4071;12.4071;12.4071;23-Jun-2010
106327;Canara Robeco Ultra Short Term Fund - Institutional Plan- Weekly Dividend Reinvestment option;;INF760K01CO6;12.4071;12.4071;12.4071;23-Jun-2010
109372;CANARA ROBECO ULTRA SHORT TERM FUND - REGULAR PLAN - DAILY IDCW (Reinvestment);;INF760K01DA3;12.4071;12.4071;12.4071;23-Jun-2010
109371;CANARA ROBECO ULTRA SHORT TERM FUND - REGULAR PLAN - GROWTH OPTION;INF760K01DC9;;14.0606;14.0606;14.0606;23-Jun-2010
109366;CANARA ROBECO ULTRA SHORT TERM FUND - REGULAR PLAN - WEEKLY IDCW (Payout/Reinvestment);INF760K01DE5;INF760K01DF2;12.4071;12.4071;12.4071;23-Jun-2010
106325;Canara Robeco Ultra Short Term Fund - Retail Plan- Daily Dividend Reinvestment Option;;INF760K01CP3;12.4071;12.4071;12.4071;23-Jun-2010
109360;Canara Robeco Ultra Short Term Fund - Retail Plan- Fortnightly Div Reinvest;;INF760K01CQ1;12.4071;12.4071;12.4071;23-Jun-2010
106329;Canara Robeco Ultra Short Term Fund - Retail Plan- Growth Option;INF760K01CR9;;15.2603;15.2603;15.2603;23-Jun-2010
106324;Canara Robeco Ultra Short Term Fund - Retail Plan- Income option;INF760K01DQ9;INF760K01548;10.4768;10.4768;10.4768;23-Jun-2010
109361;Canara Robeco Ultra Short Term Fund - Retail Plan- Monthly Div Reinvest;;INF760K01CS7;12.4526;12.4526;12.4526;23-Jun-2010
109359;Canara Robeco Ultra Short Term Fund - Retail Plan- Weekly Div Reinvest;;INF760K01CT5;12.4071;12.4071;12.4071;23-Jun-2010

DSP Mutual Fund
104138;DSP Ultra Short Fund - Regular Plan - Growth;INF740K01QQ3;;1278.5786;1278.5786;1278.5786;23-Jun-2010
104140;DSP Ultra Short Fund - Regular Plan - IDCW - Daily Reinvest;;INF740KA1NW4;1002.2851;1002.2851;1002.2851;23-Jun-2010
104139;DSP Ultra Short Fund - Regular Plan - IDCW - Weekly Reinvest;;;1001.5224;1001.5224;1001.5224;23-Jun-2010

Franklin Templeton Mutual Fund
107248;Franklin India Ultra Short Bond Fund - Institutional - Growth;INF090I01CG8;;11.9191;11.8893;11.9191;23-Jun-2010
109574;Franklin India Ultra Short Bond Fund - Institutional - Weekly Dividend;INF090I01CE3;INF090I01CF0;10.1954;10.1699;10.1954;23-Jun-2010
107251;Franklin India Ultra Short Bond Fund - Institutional Plan - Daily - IDCW;;INF090I01CD5;10.0111;9.9861;10.0111;23-Jun-2010
107247;Franklin India Ultra Short Bond Fund - Retail - Growth;INF090I01CK0;;11.8591;11.8295;11.8591;23-Jun-2010
107252;Franklin India Ultra Short Bond Fund - Retail Plan - Daily - IDCW;;INF090I01CH6;10.0106;9.9856;10.0106;23-Jun-2010
109575;Franklin India Ultra Short Bond Fund - Retail Plan - Weekly - IDCW;INF090I01CI4;INF090I01CJ2;10.0145;9.9895;10.0145;23-Jun-2010
107249;Franklin India Ultra Short Bond Fund - Super Institutional - Growth;INF090I01CN4;;11.9791;11.9492;11.9791;23-Jun-2010
107250;Franklin India Ultra Short Bond Fund - Super Institutional Plan - Daily - IDCW;;INF090I01CL8;10.0116;9.9866;10.0116;23-Jun-2010
109576;Franklin India Ultra Short Bond Fund - Super Institutional Plan - Weekly - IDCW;INF090I01CM6;;10.0973;10.0721;10.0973;23-Jun-2010

JM Financial Mutual Fund
104270;JM Money Manager Fund - Super Plan - Dividend option - Daily dividend;;;10.0118;10.0118;10.0118;23-Jun-2010
106100;JM Money Manager Fund - Super Plan - Dividend option - Fortnightly;;;10.1380;10.1380;10.1380;23-Jun-2010
106099;JM Money Manager Fund - Super Plan - Dividend option - Weekly dividend;;;10.3359;10.3359;10.3359;23-Jun-2010
104269;JM Money Manager Fund - Super Plan - Growth Plan;;;13.0999;13.0999;13.0999;23-Jun-2010
104268;JM Money Manager Fund - Super Plus Plan - Dividend option - Daily dividend;;;10.0053;10.0053;10.0053;23-Jun-2010
106103;JM Money Manager Fund - Super Plus Plan - Dividend option - Fortnightly;;;10.1951;10.1951;10.1951;23-Jun-2010
106102;JM Money Manager Fund - Super Plus Plan - Dividend option - Weekly dividend;;;10.3472;10.3472;10.3472;23-Jun-2010
104267;JM Money Manager Fund - Super Plus Plan - Growth option;;;13.1341;13.1341;13.1341;23-Jun-2010
104272;JM Ultra Short Duration Fund - Daily Dividend;;INF192K01AN8;10.0112;10.0112;10.0112;23-Jun-2010
106101;JM Ultra Short Duration Fund - Fortnightly Dividend;;INF192K01AP3;10.0884;10.0884;10.0884;23-Jun-2010
104271;JM Ultra Short Duration Fund - Growth option;INF192K01AQ1;;12.7330;12.7330;12.7330;23-Jun-2010
106104;JM Ultra Short Duration Fund - Weekly Dividend;;INF192K01AO6;10.3061;10.3061;10.3061;23-Jun-2010

Kotak Mahindra Mutual Fund
102591;Kotak Savings Fund -Growth;INF174K01FD6;;14.7857;14.7857;14.7857;23-Jun-2010
102592;Kotak Savings Fund -Monthly Payout of Income Distribution cum capital withdrawal option;INF174K01FH7;;10.0548;10.0548;10.0548;23-Jun-2010
102590;Kotak Savings Fund -Weekly Weekly Reinvestment of Income Distribution cum capital withdrawal option;INF174K01FF1;;10.0776;10.0776;10.0776;23-Jun-2010
110575;Kotak Treasury Advantage Fund -Daily Reinvestment of Income Distribution cum capital withdrawal option;INF174K01FE4;;10.0798;10.0798;10.0798;23-Jun-2010

L&T Mutual Fund
112423;L&T Ultra Short Term Fund - Regular Plan - Growth;INF917K01AS7;;14.9993;14.9993;14.9993;23-Jun-2010
112422;L&T Ultra Short Term Fund -Regular - Cumulative;INF917K01AN8;;14.7362;14.7362;14.7362;23-Jun-2010
112425;L&T Ultra Short Term Fund- Regular Plan - Daily IDCW;;INF917K01AX7;10.1552;10.1552;10.1552;23-Jun-2010
112421;L&T Ultra Short Term Fund-Regular Plan -Monthly Dividend;INF917K01AL2;INF917K01AM0;11.3645;11.3645;11.3645;23-Jun-2010
112461;L&T Ultra Short Term Fund - Regular Plan -Semi Annual IDCW;INF917K01AO6;INF917K01AP3;11.5820;11.5820;11.5820;23-Jun-2010
112475;L&T Ultra Short Term Fund - Regular Plan - Monthly IDCW;INF917K01AQ1;INF917K01AR9;10.7489;10.7489;10.7489;23-Jun-2010

Navi Mutual Fund
112655;Navi Ultra Short Term Fund - Institutional Plan-Dividend Option-Daily;;;10.0002;10.0002;10.0002;23-Jun-2010
112651;Navi Ultra Short Term Fund - Institutional Plan-Dividend Option-Monthly;;;10.0367;10.0367;10.0367;23-Jun-2010
112654;Navi Ultra Short Term Fund - Institutional Plan-Growth;;;10.1667;10.1667;10.1667;23-Jun-2010
112648;Navi Ultra Short Term Fund - Regular Plan Daily IDCW;;INF959L01BM8;10.0003;10.0003;10.0003;23-Jun-2010
112649;Navi Ultra Short Term Fund - Regular Plan Monthly IDCW;INF959L01BN6;INF959L01BP1;10.0116;10.0116;10.0116;23-Jun-2010
112658;Navi Ultra Short Term Fund - Regular Plan Weekly IDCW;INF959L01BQ9;INF959L01AY5;10.0026;10.0026;10.0026;23-Jun-2010
112408;Navi Ultra Short Term Fund - Regular Plan-Growth Option;INF959L01BH8;;10.1064;10.1064;10.1064;23-Jun-2010
112652;Navi Ultra Short Term Fund - Retail Plan-Dividend Option-Daily;;INF959L01379;10.0002;10.0002;10.0002;23-Jun-2010
112653;Navi Ultra Short Term Fund - Retail Plan-Dividend Option-Monthly;INF959L01387;INF959L01395;10.0338;10.0338;10.0338;23-Jun-2010
112657;Navi Ultra Short Term Fund - Retail Plan-Dividend Option-Weekly;INF959L01403;INF959L01411;10.0023;10.0023;10.0023;23-Jun-2010
112656;Navi Ultra Short Term Fund - Retail Plan-Growth;INF959L01429;;10.1526;10.1526;10.1526;23-Jun-2010

Principal Mutual Fund
107325;Principal Money Manager Fund-Regular Plan-Daily Dividend Option;;;10.0247;10.0247;10.0247;23-Jun-2010
107331;Principal Money Manager Fund-Regular Plan-Growth Option;;;11.2563;11.2563;11.2563;23-Jun-2010
107327;Principal Money Manager Fund-Regular Plan-Monthly Dividend Option;;;10.5913;10.5913;10.5913;23-Jun-2010
107326;Principal Money Manager Fund-Regular Plan-Weekly Dividend Option;;;10.1143;10.1143;10.1143;23-Jun-2010
107329;Principal Ultra Short Term Fund-Daily Income Distribution CUM Capital Withdrawal Option;;INF173K01CV7;10.0247;10.0247;10.0247;23-Jun-2010
107328;Principal Ultra Short Term Fund-Growth Option;INF173K01CU9;;10.6003;10.6003;10.6003;23-Jun-2010
107330;Principal Ultra Short Term Fund-Monthly Income Distribution CUM Capital Withdrawal Option;INF173K01CB9;INF173K01CC7;10.4624;10.4624;10.4624;23-Jun-2010

SBI Mutual Fund
105080;SBI Magnum Ultra Short Duration Fund - Regular Plan - Daily Income Distribution cum Capital Withdrawal Option (IDCW);;INF200K01LK2;16.7503;16.7503;16.7503;23-Jun-2010
100641;SBI MAGNUM ULTRA SHORT DURATION FUND - REGULAR PLAN - GROWTH;INF200K01LJ4;;20.6696;20.6696;20.6696;23-Jun-2010
103884;SBI Magnum Ultra Short Duration Fund - Regular Plan - Weekly Income Distribution cum Capital Withdrawal Option (IDCW);INF200K01LM8;INF200K01LL0;10.7819;10.7819;10.7819;23-Jun-2010

UTI Mutual Fund
112083;UTI Ultra Short Duration Fund - Discontinued - INSTN GROWTH OPTION;INF789F01PM1;;1046.9809;1046.9809;1046.9809;23-Jun-2010
112082;UTI Ultra Short Duration Fund - Discontinued - INSTN PLAN - PERIODIC DIVIDEND OPTION;;INF789F01PL3;1000.7707;1000.7707;1000.7707;23-Jun-2010
109501;UTI Ultra Short Duration Fund - Regular Plan - Daily IDCW (Reinvestment);;INF789F01554;1025.6775;1025.6775;1025.6775;23-Jun-2010
102532;UTI Ultra Short Duration Fund - Regular Plan - Growth Option;INF789F01570;;1517.2216;1517.2216;1517.2216;23-Jun-2010
102531;UTI Ultra Short Duration Fund - Regular Plan - Weekly IDCW (Reinvestment);;INF789F01562;1060.0376;1060.0376;1060.0376;23-Jun-2010
112106;UTI Ultra Short Duration Fund -INSTN PLAN - FLEXI Dividend OPTION;;;1001.276;1001.276;1001.276;23-Jun-2010

Open Ended Schemes ( Debt Scheme - Low Duration Fund )


Aditya Birla Sun Life Mutual Fund
103192;Aditya Birla Sun Life Low Duration Fund - Growth Plan;INF209K01LQ0;;22.6808;22.6808;22.6808;23-Jun-2010
103195;Aditya Birla Sun Life Low Duration Fund - Institutional Plan - Growth;INF209K01KE8;;15.5666;15.5666;15.5666;23-Jun-2010
103191;Aditya Birla Sun Life Low Duration Fund -INSTITUTIONAL - DAILY IDCW;;INF209K01KD0;10.0030;10.0030;10.0030;23-Jun-2010
103194;Aditya Birla Sun Life Low Duration Fund -Institutional - weekly  IDCW;;INF209K01KG3;10.0036;10.0036;10.0036;23-Jun-2010
103193;Aditya Birla Sun Life Low Duration Fund -REGULAR - WEEKLY IDCW;;INF209KA1LQ4;10.0034;10.0034;10.0034;23-Jun-2010

Axis Mutual Fund
112215;Axis Treasury Advantage Fund - Regular Plan - Daily IDCW;;INF846K01545;1000.0018;1000.0018;1000.0018;23-Jun-2010
112214;Axis Treasury Advantage Fund - Regular Plan - Growth Option;INF846K01537;;1032.8829;1032.8829;1032.8829;23-Jun-2010
112217;Axis Treasury Advantage Fund - Regular Plan - Monthly IDCW;INF846K01578;INF846K01586;1004.4948;1004.4948;1004.4948;23-Jun-2010
112216;Axis Treasury Advantage Fund - Regular Plan - Weekly IDCW;INF846K01552;INF846K01560;1000.7829;1000.7829;1000.7829;23-Jun-2010
112720;Axis Treasury Advantage Fund - Retail Plan - Daily IDCW;;INF846K01487;1000.0018;1000.0018;1000.0018;23-Jun-2010
112717;Axis Treasury Advantage Fund - Retail Plan - Growth Option;INF846K01479;;1014.0852;1014.0852;1014.0852;23-Jun-2010
112718;Axis Treasury Advantage Fund - Retail Plan - Monthly IDCW;INF846K01511;INF846K01529;1003.7913;1003.7913;1003.7913;23-Jun-2010
112719;Axis Treasury Advantage Fund - Retail Plan - Weekly IDCW;INF846K01495;INF846K01503;1000.2657;1000.2657;1000.2657;23-Jun-2010

Bandhan Mutual Fund
108633;BANDHAN Low Duration Fund - Regular Plan - Daily IDCW;INF194K01FW4;INF194K01FV6;10.0125;10.0125;10.0125;23-Jun-2010
108632;BANDHAN Low Duration Fund - Regular Plan - Growth;INF194K01FU8;;12.7686;12.7686;12.7686;23-Jun-2010
108635;BANDHAN Low Duration Fund - Regular Plan - Monthly IDCW;INF194K01FZ7;INF194K01FY0;10.0690;10.0690;10.0690;23-Jun-2010
108634;BANDHAN Low Duration Fund - Regular Plan - Weekly IDCW;INF194K01GC4;INF194K01GB6;10.0112;10.0112;10.0112;23-Jun-2010

Baroda BNP Paribas Mutual Fund
112032;Baroda Treasury Advantage Fund- Plan A- Daily IDCW Option;INF955L01294;INF955L01302;10.0091;10.0091;10.0091;23-Jun-2010
112029;Baroda Treasury Advantage Fund- Plan A- Growth Option;INF955L01310;;10.4953;10.4953;10.4953;23-Jun-2010
112033;Baroda Treasury Advantage Fund- Plan A- Weekly IDCW Option;INF955L01328;INF955L01336;10.0020;10.0020;10.0020;23-Jun-2010
112025;Baroda Treasury Advantage Fund- Regular Plan - Daily IDCW Option;INF955L01369;INF955L01377;10.0095;10.0095;10.0095;23-Jun-2010
112031;Baroda Treasury Advantage Fund- Regular Plan - Growth Option;INF955L01385;;10.4824;10.4824;10.4824;23-Jun-2010
112027;Baroda Treasury Advantage Fund- Regular Plan - Monthly IDCW Option;INF955L01393;INF955L01401;10.0413;10.0413;10.0413;23-Jun-2010
112026;Baroda Treasury Advantage Fund- Regular Plan - Weekly IDCW Option;INF955L01419;INF955L01427;10.0019;10.0019;10.0019;23-Jun-2010

Canara Robeco Mutual Fund
104559;CANARA ROBECO SAVINGS FUND - REGULAR PLAN - DAILY IDCW (Reinvestment);;INF760K01803;10.2600;10.2600;10.2600;23-Jun-2010
102913;CANARA ROBECO SAVINGS FUND - REGULAR PLAN - GROWTH OPTION;INF760K01795;;14.3906;14.3906;14.3906;23-Jun-2010
102914;CANARA ROBECO SAVINGS FUND - REGULAR PLAN - IDCW (Payout/Reinvestment);INF760K01779;INF760K01787;13.8370;13.8370;13.8370;23-Jun-2010
102915;CANARA ROBECO SAVINGS FUND - REGULAR PLAN - WEEKLY IDCW (Payout/Reinvestment);INF760K01CB3;INF760K01811;10.2600;10.2600;10.2600;23-Jun-2010

Franklin Templeton Mutual Fund
100503;Franklin India Low Duration Fund - Monthly - IDCW;INF090I01BQ9;INF090I01BR7;10.1689;10.1181;10.1689;23-Jun-2010
100504;Franklin India Low Duration Fund - Quarterly - IDCW;INF090I01BS5;INF090I01BT3;10.6777;10.6243;10.6777;23-Jun-2010

HDFC Mutual Fund
105548;HDFC Low Duration  Fund - Daily IDCW;;INF179K01434;10.0315;10.0315;10.0315;23-Jun-2010
102452;HDFC Low Duration  Fund - Growth;INF179K01442;;20.2098;20.2098;20.2098;23-Jun-2010
105543;HDFC Low Duration  Fund - Monthly IDCW;INF179K01459;INF179K01467;10.081;10.081;10.081;23-Jun-2010
102453;HDFC Low Duration  Fund - Weekly IDCW;INF179K01475;INF179K01483;10.0238;10.0238;10.0238;23-Jun-2010
105547;HDFC Low Duration Fund- Wholesale Daily Dividend;;INF179K01541;10.0315;10.0315;10.0315;23-Jun-2010
105546;HDFC Low Duration Fund- Wholesale Monthly Dividend;INF179K01509;INF179K01517;10.0826;10.0826;10.0826;23-Jun-2010
105545;HDFC Low Duration Fund- Wholesale Weekly Dividend;INF179K01525;;10.0239;10.0239;10.0239;23-Jun-2010
105544;HDFC Low Duration Fund- Wholesale- Growth;INF179K01491;;20.4219;20.4219;20.4219;23-Jun-2010

HSBC Mutual Fund
104344;HSBC Low Duration Fund  - Growth;INF336L01AH1;;12.7792;12.7792;12.7792;23-Jun-2010
104350;HSBC Low Duration Fund  - Regular - Growth;INF336L01AP4;;12.6866;12.6866;12.6866;23-Jun-2010
104342;HSBC Low Duration Fund - Daily IDCW;;INF336L01AO7;10.0122;10.0122;10.0122;23-Jun-2010
104346;HSBC Low Duration Fund - Inst. Plus - Monthly IDCW;INF336L01AN9;INF336L01AM1;10.3631;10.3631;10.3631;23-Jun-2010
104345;HSBC Low Duration Fund - Inst. Plus - Weekly IDCW;;INF336L01AK5;10.1709;10.1709;10.1709;23-Jun-2010
104349;HSBC Low Duration Fund - Inst.Plus - Daily IDCW;;INF336L01AS8;10.1256;10.1256;10.1256;23-Jun-2010
104351;HSBC Low Duration Fund - Regular Monthly IDCW;;INF336L01AG3;10.0125;10.0125;10.0125;23-Jun-2010
104343;HSBC Low Duration Fund - Weekly IDCW;;INF336L01AQ2;10.0389;10.0389;10.0389;23-Jun-2010
104347;HSBC Ultra Short Term Bond Fund - Inst. Plus - Growth;INF336L01AR0;;12.9092;12.9092;12.9092;23-Jun-2010

ICICI Prudential Mutual Fund
101618;ICICI Prudential Savings Fund - Daily IDCW;INF109K01738;;105.7350;105.7350;105.7350;23-Jun-2010
101619;ICICI Prudential Savings Fund - Growth;INF109K01746;;173.2856;173.2856;173.2856;23-Jun-2010
101617;ICICI Prudential Savings Fund - Weekly IDCW;INF109K01JO1;INF109K01753;105.4497;105.4497;105.4497;23-Jun-2010
111795;ICICI Prudential Savings Fund Retail Daily Dividend;INF109K01EI4;INF109K01BW1;100.2800;100.2800;100.2800;23-Jun-2010
111794;ICICI Prudential Savings Fund Retail Growth;INF109K01BX9;;105.8582;105.8582;105.8582;23-Jun-2010
111793;ICICI Prudential Savings Fund Retail Weekly Dividend;INF109K01EJ2;INF109K01BY7;100.2546;100.2546;100.2546;23-Jun-2010

Invesco Mutual Fund
105025;Invesco India Low Duration Fund - Daily IDCW (Reinvestment);;INF205K01HZ7;10.0171;10.0171;10.0171;23-Jun-2010
104726;Invesco India Low Duration Fund - Growth;INF205K01HY0;;12.8083;12.8083;12.8083;23-Jun-2010
104728;Invesco India Low Duration Fund - Regular - Growth;INF205K01HT0;;12.5741;12.5741;12.5741;23-Jun-2010
104723;Invesco India Low Duration Fund - Regular - Monthly IDCW (Reinvestment);;INF205K01HW4;10.0471;10.0471;10.0471;23-Jun-2010
104722;Invesco India Low Duration Fund - Regular - Weekly IDCW (Reinvestment);;INF205K01HV6;10.0190;10.0190;10.0190;23-Jun-2010
105024;Invesco India Low Duration Fund - Regular Daily IDCW (Reinvestment);;INF205K01HU8;10.0163;10.0163;10.0163;23-Jun-2010
104725;Invesco India Low Duration Fund - Weekly IDCW (Payout / Reinvestment);INF205K01IB6;INF205K01IA8;10.0191;10.0191;10.0191;23-Jun-2010
104724;Invesco India Ultra Short Term Fund - Regular - Bonus;INF205K01HX2;;12.1270;12.1270;12.1270;23-Jun-2010

LIC Mutual Fund
111676;LIC MF Low Duration Fund-Regular Plan-Daily IDCW;INF767K01AK3;INF767K01AL1;10.0000;10.0000;10.0000;23-Jun-2010
101830;LIC MF Low Duration Fund-Regular Plan-Growth;INF767K01AO5;;14.8085;14.8085;14.8085;23-Jun-2010
101829;LIC MF Low Duration Fund-Regular Plan-Monthly IDCW;INF767K01AM9;INF767K01AN7;10.0318;10.0318;10.0318;23-Jun-2010
111675;LIC MF Low Duration Fund-Regular Plan-Weekly IDCW;INF767K01AP2;INF767K01AQ0;10.0030;10.0030;10.0030;23-Jun-2010

Mirae Asset Mutual Fund
107698;Mirae Asset Savings Fund-Regular Plan- Daily Dividend;;INF769K01895;994.9445;993.9496;994.9445;23-Jun-2010
107695;Mirae Asset Savings Fund-Regular Plan- Growth;INF769K01846;;1044.0818;1043.0377;1044.0818;23-Jun-2010
107697;Mirae Asset Savings Fund-Regular Plan- Monthly Dividend;INF769K01879;INF769K01911;997.3035;996.3062;997.3035;23-Jun-2010
107696;Mirae Asset Savings Fund-Regular Plan- Weekly Dividend;;INF769K01903;994.8798;993.8849;994.8798;23-Jun-2010

Nippon India Mutual Fund
111747;NIPPON INDIA LOW DURATION FUND - DAILY IDCW Option;;INF204K01EX2;1001.3715;1001.3715;1001.3715;23-Jun-2010
111749;NIPPON INDIA LOW DURATION FUND - MONTHLY IDCW Option;INF204K01EZ7;INF204K01FA7;1006.8264;1006.8264;1006.8264;23-Jun-2010
111744;NIPPON INDIA LOW DURATION FUND - RETAIL Plan - DAILY IDCW Option;;INF204K01EP8;1001.1218;1001.1218;1001.1218;23-Jun-2010
111748;Nippon India Low Duration Fund - Retail Plan - Growth Plan - Growth Option;INF204K01EN3;;1258.8716;1258.8716;1258.8716;23-Jun-2010
111743;Nippon India Low Duration Fund - Retail Plan - Growth Plan -Bonus Option;INF204K01EO1;;1250.6050;1250.6050;1250.6050;23-Jun-2010
111751;NIPPON INDIA LOW DURATION FUND - RETAIL Plan - MONTHLY IDCW Option;INF204K01ER4;INF204K01ES2;1008.0073;1008.0073;1008.0073;23-Jun-2010
111752;NIPPON INDIA LOW DURATION FUND - RETAIL Plan - QUARTERLY IDCW Option;INF204K01ET0;INF204K01EU8;1022.1688;1022.1688;1022.1688;23-Jun-2010
111745;NIPPON INDIA LOW DURATION FUND - RETAIL Plan - WEEKLY IDCW Option;INF204K01OP7;INF204K01EQ6;1003.5844;1003.5844;1003.5844;23-Jun-2010
111754;NIPPON INDIA LOW DURATION FUND - WEEKLY IDCW Option;INF204K01OO0;INF204K01EY0;1002.5679;1002.5679;1002.5679;23-Jun-2010
111753;Nippon India Low Duration Fund- Growth Plan - Growth Option;INF204K01EV6;;1269.5709;1269.5709;1269.5709;23-Jun-2010

Principal Mutual Fund
105462;Principal Floating Rate Fund - Conservative - Daily Dividend Option;;;10.0122;10.0122;10.0122;23-Jun-2010
102721;Principal Floating Rate Fund - FMP-Monthly Dividend;;;10.707;10.707;10.707;23-Jun-2010
102720;Principal Floating Rate Fund - FMP-Weekly Dividend;;;10.0083;10.0083;10.0083;23-Jun-2010
102719;Principal Low Duration Fund - Growth;;;14.5695;14.5695;14.5695;23-Jun-2010
102723;Principal Low Duration Fund - Weekly Income Distribution CUM Capital Withdrawal Option;;INF173K01DI2;10.0086;10.0086;10.0086;23-Jun-2010
105461;Principal Low Duration Fund -Daily Income Distribution CUM Capital Withdrawal Option;;INF173K01DH4;10.0123;10.0123;10.0123;23-Jun-2010
102722;Principal Low Duration Fund- Growth Option;INF173K01DG6;;14.7356;14.7356;14.7356;23-Jun-2010
102724;Principal Low Duration Fund- Monthly Income Distribution CUM Capital Withdrawal Option;INF173K01DJ0;INF173K01DK8;10.6089;10.6089;10.6089;23-Jun-2010

SBI Mutual Fund
106213;SBI Magnum Low Duration Fund - Regular Plan - Daily Income Distribution cum Capital Withdrawal Option (IDCW);;INF200K01ML8;10.0060;10.0060;10.0060;23-Jun-2010
106215;SBI Magnum Low Duration Fund - Regular Plan - Fornightly Income Distribution cum Capital Withdrawal Option (IDCW);INF200K01MM6;INF200K01MN4;10.0277;10.0277;10.0277;23-Jun-2010
106212;SBI MAGNUM LOW DURATION FUND - REGULAR PLAN - GROWTH;INF200K01MO2;;11.9657;11.9657;11.9657;23-Jun-2010
106216;SBI Magnum Low Duration Fund - Regular Plan - Monthly Income Distribution cum Capital Withdrawal Option (IDCW);INF200K01MP9;INF200K01MQ7;10.2510;10.2510;10.2510;23-Jun-2010
106214;SBI Magnum Low Duration Fund - Regular Plan - Weekly Income Distribution cum Capital Withdrawal Option (IDCW);INF200K01MR5;INF200K01MS3;10.0751;10.0751;10.0751;23-Jun-2010
106221;SBI Short Horizon Debt Fund - Ultra Short Term Fund - Institutional Plan - Daily Income Distribution cum Capital Withdrawal Option (IDCW);;INF200K01MD5;10.0060;10.0060;10.0060;23-Jun-2010
106217;SBI Short Horizon Debt Fund - Ultra Short Term Fund - Institutional Plan - Growth;INF200K01MG8;;12.1300;12.1300;12.1300;23-Jun-2010
106224;SBI Short Horizon Debt Fund - Ultra Short Term Fund - Institutional Plan - Monthly Income Distribution cum Capital Withdrawal Option (IDCW);INF200K01MH6;INF200K01MI4;10.3524;10.3524;10.3524;23-Jun-2010
106222;SBI Short Horizon Debt Fund - Ultra Short Term Fund- Institutional Plan - Weekly Income Distribution cum Capital Withdrawal Option (IDCW);INF200K01MJ2;INF200K01MK0;10.0856;10.0856;10.0856;23-Jun-2010
106223;SBI Short Horizon Debt Fund -Ultra Short Term Fund - Institutional Plan - Fortnightly Income Distribution cum Capital Withdrawal Option (IDCW);INF200K01ME3;INF200K01MF0;N.A.;N.A.;N.A.;23-Jun-2010

Sundaram Mutual Fund
105554;Sundaram Low Duration Fund Institutional Plan - Daily Reinvestment of Income Distribution cum Capital Withdrawal (IDCW);;INF903J01RE3;10.0370;10.0370;0.0000;23-Jun-2010
105560;Sundaram Low Duration Fund Institutional Plan - Fortnightly Income Distribution cum Capital Withdrawal (IDCW);INF903J01JM3;INF903J01EK8;10.4102;10.4102;0.0000;23-Jun-2010
105562;Sundaram Low Duration Fund Institutional Plan - Growth;INF903J01EG6;;12.4450;12.4450;0.0000;23-Jun-2010
105561;Sundaram Low Duration Fund Institutional Plan - Income Distribution cum Capital Withdrawal (IDCW);INF903J01EH4;INF903J01EL6;10.3902;10.3902;0.0000;23-Jun-2010
105559;Sundaram Low Duration Fund Institutional Plan - Weekly Income Distribution cum Capital Withdrawal (IDCW);INF903J01JL5;INF903J01EJ0;10.6165;10.6165;0.0000;23-Jun-2010
105555;Sundaram Low Duration Fund Institutional Plan -Income Distribution cum Capital Withdrawal (IDCW);INF903J01JN1;INF903J01EM4;0.0000;0.0000;0.0000;23-Jun-2010
105565;Sundaram Low Duration Fund Regular Plan - Daily Reinvestment of Income Distribution cum Capital Withdrawal (IDCW);;INF903J01EP7;10.0370;10.0370;0.0000;23-Jun-2010
105557;Sundaram Low Duration Fund Regular Plan - Fortnightly Income Distribution cum Capital Withdrawal (IDCW);INF903J01JP6;INF903J01ER3;0.0000;0.0000;0.0000;23-Jun-2010
105563;Sundaram Low Duration Fund Regular Plan - Growth;INF903J01EN2;;12.5609;12.5609;0.0000;23-Jun-2010
105566;Sundaram Low Duration Fund Regular Plan - Income Distribution cum Capital Withdrawal (IDCW);INF903J01EO0;INF903J01ES1;0.0000;0.0000;0.0000;23-Jun-2010
105556;Sundaram Low Duration Fund Regular Plan - Weekly Income Distribution cum Capital Withdrawal (IDCW);INF903J01JO9;INF903J01EQ5;10.6017;10.6017;0.0000;23-Jun-2010
105558;Sundaram Low Duration Fund Regular Plan -Income Distribution cum Capital Withdrawal (IDCW);INF903J01JQ4;INF903J01ET9;0.0000;0.0000;0.0000;23-Jun-2010
105553;Sundaram Low Duration Fund Retail Plan - Daily Reinvestment of Income Distribution cum Capital Withdrawal (IDCW);;INF903J01EB7;10.0370;10.0370;0.0000;23-Jun-2010
105550;Sundaram Low Duration Fund Retail Plan - Fortnightly Income Distribution cum Capital Withdrawal (IDCW);INF903J01JJ9;INF903J01ED3;10.3884;10.3884;0.0000;23-Jun-2010
105564;Sundaram Low Duration Fund Retail Plan - Growth;INF903J01DZ8;;12.3208;12.3208;0.0000;23-Jun-2010
105551;Sundaram Low Duration Fund Retail Plan - Income Distribution cum Capital Withdrawal (IDCW);INF903J01EA9;INF903J01EE1;10.3411;10.3411;0.0000;23-Jun-2010
105549;Sundaram Low Duration Fund Retail Plan - Weekly Income Distribution cum Capital Withdrawal (IDCW);INF903J01JI1;INF903J01EC5;10.5951;10.5951;0.0000;23-Jun-2010
105552;Sundaram Low Duration Fund Retail Plan -Income Distribution cum Capital Withdrawal (IDCW);INF903J01JK7;INF903J01EF8;10.7621;10.7621;0.0000;23-Jun-2010

Tata Mutual Fund
103159;Tata Treasury Advantage Fund - Regular Plan - Growth Option;INF277K01MA9;;13.8916;13.8916;13.8916;23-Jun-2010
103160;Tata Treasury Advantage Fund Regular Plan - Daily Reinvestment of IDCW Option;;INF277K01LZ8;10.0356;10.0356;10.0356;23-Jun-2010
103158;Tata Treasury Advantage Fund Regular Plan - Weekly Payout of IDCW Option;INF277K01MD3;INF277K01MB7;10.0821;10.0821;10.0821;23-Jun-2010

UTI Mutual Fund
102538;UTI Low Duration Fund - Discontinued - Annaul Dividend Option;INF789F01OK8;INF789F01OL6;1269.7103;1269.7103;1269.7103;23-Jun-2010
105578;UTI Low Duration Fund - Discontinued - Periodic Dividend Plan;;INF789F01349;1041.9555;1041.9555;1041.9555;23-Jun-2010
102541;UTI Low Duration Fund - Discontinued - Quarterly Dividend Option;INF789F01OO0;INF789F01OP7;1283.3687;1283.3687;1283.3687;23-Jun-2010
102539;UTI Low Duration Fund - Discontinued Bonus Option;INF789F01OM4;;1575.1815;1575.1815;1575.1815;23-Jun-2010
105659;UTI Low Duration Fund - Discontinued Flexi Dividend Plan;INF789F01PA6;;1036.3068;1036.3068;1036.3068;23-Jun-2010
102540;UTI Low Duration Fund - Discontinued Growth Option;INF789F01331;;2363.0274;2363.0274;2363.0274;23-Jun-2010
105670;UTI Low Duration Fund - Discontinued Monthly Dividend Option;INF789F01OY9;INF789F01OZ6;1027.8506;1027.8506;1027.8506;23-Jun-2010
102545;UTI Low Duration Fund - Regular Plan - Bonus Option;INF789F01OS1;;1464.0375;1464.0375;1464.0375;23-Jun-2010
105605;UTI Low Duration Fund - Regular Plan - Daily IDCW (Reinvestment);;INF789F01ON2;1000.2141;1000.2141;1000.2141;23-Jun-2010
102544;UTI Low Duration Fund - Regular Plan - Growth Option;INF789F01OT9;;1251.1472;1251.1472;1251.1472;23-Jun-2010
105658;UTI Low Duration Fund - Regular Plan - Monthly IDCW;INF789F01OU7;INF789F01OV5;1003.1091;1003.1091;1003.1091;23-Jun-2010
105627;UTI Low Duration Fund - Regular Plan - Weekly IDCW;INF789F01PB4;INF789F01PC2;1004.4077;1004.4077;1004.4077;23-Jun-2010

Open Ended Schemes ( Debt Scheme - Money Market Fund )


Aditya Birla Sun Life Mutual Fund
101975;Aditya Birla Sun Life Floating Rate Fund-Short Term Plan-Institutional Fortnightly Dividend;;;10.0000;10.0000;10.0000;23-Jun-2010
101973;Aditya Birla Sun Life Money Manager Fund - Daily IDCW;;INF209K01SZ6;10.0000;10.0000;10.0000;23-Jun-2010
101976;Aditya Birla Sun Life Money Manager Fund - Growth;INF209K01RV7;;12.3437;12.3437;12.3437;23-Jun-2010
101972;Aditya Birla Sun Life Money Manager Fund - Retail - Daily IDCW;;INF209K01JZ5;10.0015;10.0015;10.0015;23-Jun-2010
101970;Aditya Birla Sun Life Money Manager Fund - RETAIL - WEEKLY IDCW;;INF209K01JY8;10.3822;10.3822;10.3822;23-Jun-2010
101971;Aditya Birla Sun Life Money Manager Fund - Retail Growth;INF209K01MJ3;;15.3178;15.3178;15.3178;23-Jun-2010
101974;Aditya Birla Sun Life Money Manager Fund - WEEKLY IDCW;;INF209K01SY9;10.0150;10.0150;10.0150;23-Jun-2010
111808;Birla Sun Life Floating Rate - Long Term - Growth;;;10.9498;10.9224;10.9498;23-Jun-2010
101969;Birla Sun Life Floating Rate - Long Term - Retail - Growth;;;15.9694;15.9295;15.9694;23-Jun-2010
111807;Birla Sun Life Floating Rate - Long Term - Weekly Dividend;;;10.0021;9.9771;10.0021;23-Jun-2010
111551;Birla Sun Life Floating Rate Fund-Long Term - Retail Plan-Daily Dividend;;;10.0050;9.9800;10.0050;23-Jun-2010
101968;Birla Sun Life Floating Rate Fund-Long Term - Retail Plan-Dividend;;INF209K01DS3;10.5603;10.5339;10.5603;23-Jun-2010
105614;Birla Sun Life Floating Rate Fund-Long Term - Retail Plan-Weekly Dividend;;;10.0020;9.9770;10.0020;23-Jun-2010

Bandhan Mutual Fund
108698;Bandhan Money Market Fund - Daily Dividend;INF194K01MF5;INF194K01ME8;10.0015;10.0015;10.0015;23-Jun-2010
108697;Bandhan Money Market Fund - Growth;INF194K01MD0;;11.0438;11.0438;11.0438;23-Jun-2010
108700;Bandhan Money Market Fund - Monthly Dividend;INF194K01ML3;INF194K01MK5;10.0318;10.0318;10.0318;23-Jun-2010
108701;Bandhan Money Market Fund - Regular Plan - Weekly IDCW;INF194K01LR2;INF194K01LQ4;10.0198;10.0198;10.0198;23-Jun-2010
108699;Bandhan Money Market Fund - Weekly Dividend;INF194K01MI9;INF194K01MH1;10.0190;10.0190;10.0190;23-Jun-2010
108650;BANDHAN Money Market Fund - Regular Plan - Daily IDCW;INF194K01LL5;INF194K01LK7;10.0699;10.0699;10.0699;23-Jun-2010
108756;BANDHAN Money Market Fund - Regular Plan - Growth;INF194K01LJ9;;14.9804;14.9804;14.9804;23-Jun-2010
108757;BANDHAN Money Market Fund - Regular Plan - Monthly IDCW;INF194K01LO9;INF194K01LN1;10.1040;10.1040;10.1040;23-Jun-2010

DSP Mutual Fund
100087;DSP Savings Fund - Regular Plan - Growth;INF740K01714;;19.5873;19.5873;19.5873;23-Jun-2010
100088;DSP Savings Fund - Regular Plan - IDCW;INF740K01706;INF740K01AJ2;11.2331;11.2331;11.2331;23-Jun-2010
100089;DSP Savings Fund - Regular Plan - IDCW - Monthly;INF740K01722;INF740K01AK0;10.1572;10.1572;10.1572;23-Jun-2010

Franklin Templeton Mutual Fund
101357;Franklin India Money Market Fund - Growth Option;INF090I01CA1;;17.0255;16.9829;17.0255;23-Jun-2010
101359;Franklin India Money Market Fund - Institutional Option - Dividend;INF090I01BW7;INF090I01BV9;10.3406;10.3147;10.3406;23-Jun-2010
101358;Franklin India Money Market Fund - Institutional Option - Growth;INF090I01BX5;;14.1297;14.0944;14.1297;23-Jun-2010
101356;Franklin India Money Market Fund Retail Option - Quarterly - IDCW;INF090I01BZ0;INF090I01BY3;10.8311;10.8040;10.8311;23-Jun-2010
105654;Templeton Floating Rate Income Fund -  Super Institutional Plan - Growth;INF090I01CB9;;12.7623;12.7304;12.7623;23-Jun-2010
105904;Templeton Floating Rate Income Fund - Super Institutional Plan - Daily Dividend;;INF090I01CC7;10.0100;9.9850;10.0100;23-Jun-2010
101352;Templeton Floating Rate Income Fund-Short Term Plan-Dividend Option;;;10.0566;10.0566;10.0566;23-Jun-2010
101353;Templeton Floating Rate Income Fund-Short Term Plan-Growth Option;;;16.8027;16.8027;16.8027;23-Jun-2010
101355;Templeton Floating Rate Income Fund-Short Term Plan-Institutional Option - Dividend;;;10.1542;10.1542;10.1542;23-Jun-2010
101354;Templeton Floating Rate Income Fund-Short Term Plan-Institutional Option - Growth;;;13.8940;13.8940;13.8940;23-Jun-2010

HDFC Mutual Fund
101994;HDFC Money Market Fund - Daily IDCW Option;;INF179KB1IG6;10.6364;10.6364;10.6364;23-Jun-2010
101993;HDFC Money Market Fund - Growth Option;INF179KB1HR5;;19.4573;19.4573;19.4573;23-Jun-2010
101995;HDFC Money Market Fund - Weekly IDCW Option;INF179KB1IH4;INF179KB1II2;10.6318;10.6318;10.6318;23-Jun-2010

ICICI Prudential Mutual Fund
101221;ICICI Prudential Money Market Fund Retail Growth (erstwhile Cash Option);INF109K01TW3;;151.4676;151.4676;151.4676;23-Jun-2010
103634;ICICI Prudential Money Market Fund Option - Daily IDCW;INF109K01TY9;;100.0100;100.0100;100.0100;23-Jun-2010
103633;ICICI Prudential Money Market Fund Option - Growth;INF109K01TX1;;130.2010;130.2010;130.2010;23-Jun-2010
103637;ICICI Prudential Money Market Fund Option - Monthly IDCW;INF109K01UC3;INF109K01UB5;100.5302;100.5302;100.5302;23-Jun-2010
103635;ICICI Prudential Money Market Fund Option - Weekly IDCW;INF109K01TZ6;;100.0672;100.0672;100.0672;23-Jun-2010
103636;ICICI Prudential Money Market Fund Option -Fortnightly IDCW;INF109K01UA7;;100.3117;100.3117;100.3117;23-Jun-2010

Invesco Mutual Fund
112123;Invesco India Money Market Fund - Growth;INF205K01SD1;;10.4474;10.4213;10.4474;23-Jun-2010
112125;Invesco India Money Market Fund - Monthly IDCW (Payout / Reinvestment);INF205K01SE9;INF205K01SF6;10.0452;10.0201;10.0452;23-Jun-2010
112120;Invesco India Money Market Fund - Regular - Growth;INF205K01SG4;;10.4269;10.4008;10.4269;23-Jun-2010
112122;Invesco India Money Market Fund - Regular - Monthly IDCW (Payout / Reinvestment);INF205K01SH2;INF205K01SI0;10.1503;10.1249;10.1503;23-Jun-2010

Kotak Mahindra Mutual Fund
106842;Kotak Money Market Fund - (Daily Reinvestment of Income Distribution cum capital withdrawal option);INF174K01ND0;;10.1162;10.1162;10.1162;23-Jun-2010
101893;Kotak Money Market Fund - (Growth);INF174K01NA6;;15.2289;15.2289;15.2289;23-Jun-2010
101892;Kotak Money market Fund - (Monthly Payout of Income Distribution cum capital withdrawal option);INF174K018O0;INF174K01NB4;10.0129;10.0129;10.0129;23-Jun-2010
101894;Kotak Money Market Fund - (Weekly Reinvestment of Income Distribution cum capital withdrawal option);INF174K01NC2;;10.0512;10.0512;10.0512;23-Jun-2010

Nippon India Mutual Fund
103050;NIPPON INDIA MONEY MARKET FUND - DAILY IDCW Option;;INF204K01UY6;10.0051;10.0051;10.0051;23-Jun-2010
103051;NIPPON INDIA MONEY MARKET FUND - WEEKLY IDCW Option;;INF204K01UZ3;10.0106;10.0106;10.0106;23-Jun-2010
103048;Nippon India Money Market Fund-Growth Plan-Growth Option;INF204K01VA4;;14.0141;14.0141;14.0141;23-Jun-2010

quant Mutual Fund
103465;Quant Money Market Fund-Dividend Option;INF966L01382;INF966L01390;13.5699;13.5699;13.5699;23-Jun-2010
103464;Quant Money Market Fund-Growth Option;INF966L01408;;13.5727;13.5727;13.5727;23-Jun-2010

SBI Mutual Fund
102503;SBI  SAVINGS FUND - REGULAR PLAN - GROWTH;INF200K01636;;14.3791;14.3503;14.3791;23-Jun-2010
102504;SBI Savings Fund - Regular Plan - Income Distribution cum Capital Withdrawal Option (IDCW);INF200K01644;INF200K01651;10.5702;10.5491;10.5702;23-Jun-2010
102860;SBI Savings Fund - Regular Plan Weekly Income Distribution cum Capital Withdrawal Option (IDCW);INF200K01669;INF200K01677;10.7173;10.6959;10.7173;23-Jun-2010

Tata Mutual Fund
101986;Tata Money Market Fund- Regular Plan - Daily Reinvestment of IDCW Option;;INF277K014C0;1114.5200;1114.5200;1114.5200;23-Jun-2010
101847;Tata Money Market Fund-Regular Plan - Growth Option;INF277K01LQ7;;1717.7361;1717.7361;1717.7361;23-Jun-2010

UTI Mutual Fund
112077;UTI MMF - Regular Plan - Growth Option;INF789F01PX8;;1042.4502;1042.4502;1042.4502;23-Jun-2010
100724;UTI MMF- Discontinued - Regular Plan - Flexi Dividend Option;;INF789F01BD0;1857.4245;1857.4245;1857.4245;23-Jun-2010
100725;UTI MMF- Discontinued - Regular Plan - Periodic Dividend Option;INF789F01BE8;;1847.2734;1847.2734;1847.2734;23-Jun-2010
100723;UTI MMF-Discontinued - Regular Plan -Growth;INF789F01BF5;;2596.3159;2596.3159;2596.3159;23-Jun-2010
112076;UTI Money Market Fund - Regular Plan - Daily IDCW (Reinvestment);;INF789F01PW0;1003.3854;1003.3854;1003.3854;23-Jun-2010

Open Ended Schemes ( Debt Scheme - Short Duration Fund )


Aditya Birla Sun Life Mutual Fund
101844;Aditya Birla Sun Life Short Term Fund - Growth - Regular Plan;INF209K01942;;14.4691;14.4329;14.4691;23-Jun-2010
101843;Aditya Birla Sun Life Short Term Fund - REGULAR - IDCW;INF209K01975;INF209K01DK0;10.2139;10.1884;10.2139;23-Jun-2010
112356;Aditya Birla Sun Life Short Term Fund - REGULAR - Quarterly IDCW;INF209K01BU3;;10.0033;9.9783;10.0033;23-Jun-2010
109216;Aditya Birla Sun Life Short Term Fund-Institutional Dividend Plan;INF209K01959;;10.0000;9.9750;10.0000;23-Jun-2010
109213;Aditya Birla Sun Life Short Term Fund-Institutional Growth Plan;INF209K01967;;10.5938;10.5673;10.5938;23-Jun-2010
112357;Aditya Birla Sun Life Short Term Fund-Institutional Quarterly Dividend Plan;INF209K01BV1;;10.0031;9.9781;10.0031;23-Jun-2010

Axis Mutual Fund
112354;Axis Short Duration Fund - Regular Plan - Growth Option;INF846K01644;;10.2162;10.2162;10.2162;23-Jun-2010
112355;Axis Short Duration Fund - Regular Plan - Monthly IDCW;INF846K01651;INF846K01669;10.0626;10.0626;10.0626;23-Jun-2010
112369;Axis Short Duration Fund - Regular Plan - Weekly IDCW;INF846K01677;INF846K01685;10.0168;10.0168;10.0168;23-Jun-2010
112721;Axis Short Duration Fund - Retail Plan - Growth Option;INF846K01594;;10.1898;10.1898;10.1898;23-Jun-2010
112723;Axis Short Duration Fund - Retail Plan - Monthly IDCW;INF846K01602;INF846K01610;10.0646;10.0646;10.0646;23-Jun-2010
112722;Axis Short Duration Fund - Retail Plan - Weekly IDCW;INF846K01628;INF846K01636;10.0197;10.0197;10.0197;23-Jun-2010

Bandhan Mutual Fund
108713;BANDHAN Bond Fund - Short Term - Regular Plan - Fortnightly IDCW;INF194K01HK5;INF194K01HJ7;10.0939;10.0939;10.0939;23-Jun-2010
108716;BANDHAN Bond Fund - Short Term Plan - Plan B - Fortnightly Dividend;INF194K01HR0;INF194K01HQ2;10.1227;10.1227;10.1227;23-Jun-2010
108714;BANDHAN Bond Fund - Short Term Plan - Plan C  - Fortnightly Dividend;INF194K01HV2;INF194K01HU4;10.0980;10.0980;10.0980;23-Jun-2010
108717;BANDHAN Bond Fund - Short Term Plan - Plan C  - Growth;INF194K01HT6;;10.8705;10.8705;10.8705;23-Jun-2010
108718;BANDHAN Bond Fund - Short Term Plan - Plan C  - Monthly Dividend;INF194K01HY6;INF194K01HX8;10.1990;10.1990;10.1990;23-Jun-2010
108719;BANDHAN Bond Fund - Short Term Plan - Plan D - Growth;INF194K01IA4;;12.5135;12.5135;12.5135;23-Jun-2010
108720;BANDHAN Bond Fund - Short Term Plan - Plan D - Monthly Dividend;INF194K01IF3;INF194K01IE6;10.1200;10.1200;10.1200;23-Jun-2010
108715;BANDHAN Bond Fund - Short Term Plan - Plan D- Fortnightly Dividend;INF194K01IC0;INF194K01IB2;10.0724;10.0724;10.0724;23-Jun-2010

Bank of India Mutual Fund
111586;BANK OF INDIA Short Term Income Fund-Institutional Plan- Growth;INF761K01512;;10.5679;10.5415;10.5679;23-Jun-2010
111591;BANK OF INDIA Short Term Income Fund-Institutional Plan-Monthly Dividend;INF761K01538;INF761K01520;10.1613;10.1359;10.1613;23-Jun-2010
111587;BANK OF INDIA Short Term Income Fund-Institutional Plan-Weekly Dividend;INF761K01561;;10.0089;9.9839;10.0089;23-Jun-2010
111585;BANK OF INDIA Short Term Income Fund-Regular Plan- Growth;INF761K01579;;10.5254;10.4991;10.5254;23-Jun-2010
111589;BANK OF INDIA Short Term Income Fund-Regular Plan- Monthly IDCW;INF761K01595;INF761K01587;10.1517;10.1263;10.1517;23-Jun-2010
111590;BANK OF INDIA Short Term Income Fund-Regular Plan- Quarterly IDCW;INF761K01611;INF761K01603;10.3220;10.2962;10.3220;23-Jun-2010

DSP Mutual Fund
101306;DSP Short Term Fund - IDCW - Monthly;INF740K01664;INF740K01AG8;10.7808;10.7808;10.7808;23-Jun-2010
101304;DSP Short Term Fund - Regular Plan - Growth;INF740K01656;;15.9396;15.9396;15.9396;23-Jun-2010
101305;DSP Short Term Fund - Regular Plan - IDCW;INF740K01649;INF740K01AF0;10.9538;10.9538;10.9538;23-Jun-2010
101303;DSP Short Term Fund - Regular Plan - Regular Plan - IDCW - Weekly;INF740KA1PF4;;10.1889;10.1889;10.1889;23-Jun-2010

Franklin Templeton Mutual Fund
101236;Franklin India Short Term Income Plan -  Retail Plan - Monthly - IDCW;INF090I01338;INF090I01346;1123.8268;1118.2077;1123.8268;23-Jun-2010
101238;Franklin India Short Term Income Plan -  Retail Plan - Quarterly - IDCW;INF090I01312;INF090I01320;1101.2424;1095.7362;1101.2424;23-Jun-2010
101242;Franklin India Short Term Income Plan -  Retail Plan - Weekly - IDCW;INF090I01353;;1077.9848;1072.5949;1077.9848;23-Jun-2010
101232;Franklin India Short-Term Income Plan-Growth;INF090I01304;;1876.5548;1867.1720;1876.5548;23-Jun-2010
101244;Franklin India Short-Term Income Plan-Institutional Plan - Growth;INF090I01361;;1505.8155;1498.2864;1505.8155;23-Jun-2010
101246;Franklin India Short-Term Income Plan-Institutional Plan - Monthly Dividend;INF090I01387;INF090I01395;1156.7870;1151.0031;1156.7870;23-Jun-2010
101237;Franklin India Short-Term Income Plan-Weekly Bonus;INF090I01DY9;;1104.7024;1099.1789;1104.7024;23-Jun-2010
101245;Templeton India Short-Term Income Plan-Institutional Plan - Weekly Dividend;;INF090I01379;1014.7874;1009.7135;1014.7874;23-Jun-2010

HSBC Mutual Fund
101597;HSBC Income Fund - Short Term - Inst. - Growth;INF336L01966;;12.4734;12.4734;12.4734;23-Jun-2010
108363;HSBC Income Fund - Short Term - Inst. Plus - Growth;INF336L01925;;0.0000;0.0000;0.0000;23-Jun-2010
108253;HSBC Income Fund Short Term Instl Plus Monthly IDCW;INF336L01941;INF336L01933;10.1572;10.1572;10.1572;23-Jun-2010
108254;HSBC Income Fund Short Term Instl Plus Weekly IDCW;;INF336L01958;10.0485;10.0485;10.0485;23-Jun-2010
101598;HSBC Income Fund-Short Term-Institutional-IDCW;INF336L01974;INF336L01AB4;0.0000;0.0000;0.0000;23-Jun-2010
104429;HSBC Short Duration Fund - Closed (Direct - Monthly IDCW);;INF336L01982;10.1307;10.1307;10.1307;23-Jun-2010
101600;HSBC Short Duration Fund - Closed (Monthly IDCW);INF336L01990;INF336L01AA6;10.9078;10.9078;10.9078;23-Jun-2010
104430;HSBC Short Duration Fund - Institutional-Weekly IDCW;;INF336L01AC2;10.4255;10.4255;10.4255;23-Jun-2010
101599;HSBC Short Duration Fund - Regular Growth;INF336L01917;;15.7886;15.7886;15.7886;23-Jun-2010

ICICI Prudential Mutual Fund
101758;ICICI Prudential Short Term Fund - Growth Option;INF109K01654;;19.3554;19.3554;19.3554;23-Jun-2010
101759;ICICI Prudential Short Term Fund - Reinvestment of IDCW Fortnightly;INF109KB12M9;INF109K01662;11.7749;11.7749;11.7749;23-Jun-2010
101165;ICICI Prudential Short Term Fund - Monthly IDCW;INF109K01WL0;INF109K01647;11.7889;11.7889;11.7889;23-Jun-2010
101229;ICICI Prudential Short Term Fund - Institutional Plan - Dividend Monthly;INF109K01WK2;INF109K01670;12.1051;12.1051;12.1051;23-Jun-2010
101231;ICICI Prudential Short Term Fund-Institutional Growth;INF109K01696;;19.6632;19.6632;19.6632;23-Jun-2010
101230;ICICI Prudential Short Term Fund-Institutional Plan-Dividend Fortnightly;INF109K01688;;12.0418;12.0418;12.0418;23-Jun-2010

Invesco Mutual Fund
105185;Invesco India Short Duration Fund - Growth;INF205K01UN6;;12.6324;12.6324;12.6324;23-Jun-2010
105191;Invesco India Short Duration Fund - Monthly IDCW (Payout / Reinvestment);INF205K01UO4;INF205K01UP1;10.2103;10.2103;10.2103;23-Jun-2010
105189;Invesco India Short Duration Fund - Plan B - Growth;INF205K01UR7;;12.7386;12.7386;12.7386;23-Jun-2010
105187;Invesco India Short Duration Fund - Plan B - Monthly IDCW (Payout / Reinvestment);INF205K01US5;INF205K01UT3;10.2164;10.2164;10.2164;23-Jun-2010
105192;Invesco India Short Duration Fund - Plan B - Weekly IDCW (Reinvestment);;INF205K01UU1;10.1600;10.1600;10.1600;23-Jun-2010
105190;Invesco India Short Duration Fund - Weekly IDCW (Reinvestment);;INF205K01UV9;10.1654;10.1654;10.1654;23-Jun-2010
105186;Invesco India Short Term Fund- Plan B - Daily Dividend;;INF205K01UQ9;10.0588;10.0588;10.0588;23-Jun-2010

JM Financial Mutual Fund
101524;JM Short Term Fund - Dividend Option;INF192K01BE5;INF192K01BF2;10.4125;10.4125;10.4125;23-Jun-2010
101521;JM Short Term Fund - Growth Option;INF192K01BG0;;13.1774;13.1774;13.1774;23-Jun-2010
101519;JM Short Term Fund - Regular Plan - Dividend Option;INF192K01BA3;INF192K01BB1;11.4744;11.4744;11.4744;23-Jun-2010
101520;JM Short Term Fund - Regular Plan - Growth Option;INF192K01BC9;;18.2826;18.2826;18.2826;23-Jun-2010

Kotak Mahindra Mutual Fund
101373;Kotak Bond Short Term Plan-(Growth);INF174K01ES7;;18.0423;17.9521;18.0423;23-Jun-2010
101372;Kotak Bond Short Term Plan-(Payout of Income Distribution cum capital withdrawal option);INF174K01EU3;INF174K01ET5;10.1206;10.07;10.1206;23-Jun-2010

Nippon India Mutual Fund
101667;NIPPON INDIA SHORT DURATION FUND - MONTHLY IDCW Option;INF204K01FM2;INF204K01FN0;10.6636;10.6636;10.6636;23-Jun-2010
101669;NIPPON INDIA SHORT TERM FUND - QUARTERLY IDCW OPTION;INF204K01FO8;INF204K01FP5;13.3701;13.3701;13.3701;23-Jun-2010
101665;Nippon India Short Term Fund-Growth Plan;INF204K01FL4;;17.6579;17.6579;17.6579;23-Jun-2010

Principal Mutual Fund
101467;Principal Income Fund - Short Term Plan-Institutional - Weekly Dividend Plan;;;10.8391;10.8391;10.8391;23-Jun-2010
101466;Principal Short Term Debt Fund - Income Distribution CUM Capital Withdrawal Option - Monthly;INF173K01BB1;INF173K01BC9;11.7981;11.7981;11.7981;23-Jun-2010
101465;Principal Short Term Debt Fund- Growth Plan;INF173K01BA3;;16.3955;16.3955;16.3955;23-Jun-2010
101462;Principal Short Term Plan-Dividend;;;10.7603;10.7603;10.7603;23-Jun-2010
101463;Principal Short Term Plan-Growth;;;17.4732;17.4732;17.4732;23-Jun-2010

SBI Mutual Fund
106230;SBI Short Horizon Debt Fund - Short Term Fund - Retail Dividend - Fortnightly Income Distribution cum Capital Withdrawal Option (IDCW);INF200K01IA9;INF200K01IB7;10.5601;10.5337;10.5601;23-Jun-2010
106229;SBI Short Horizon Debt Fund - Short Term Fund - Retail Dividend - Monthly Income Distribution cum Capital Withdrawal Option (IDCW);INF200K01IC5;INF200K01ID3;10.4638;10.4376;10.4638;23-Jun-2010
106228;SBI Short Horizon Debt Fund - Short Term Fund - Retail Dividend - Weekly Income Distribution cum Capital Withdrawal Option (IDCW);INF200K01IE1;INF200K01IF8;10.5034;10.4771;10.5034;23-Jun-2010
106227;SBI SHORT HORIZON DEBT FUND-SHORT TERM FUND - RETAIL - GROWTH;INF200K01IG6;;12.2408;12.2102;12.2408;23-Jun-2010
106233;SBI Short Term Debt Fund - Regular Plan - Monthly Income Distribution cum Capital Withdrawal Option (IDCW);INF200K01HV7;INF200K01HW5;10.8291;10.8020;10.8291;23-Jun-2010
106231;SBI SHORT TERM DEBT FUND - REGULAR PLAN -GROWTH;INF200K01HZ8;;10.7641;10.7372;10.7641;23-Jun-2010
106234;SBI Short Term Debt Fund - Regular Plan Fortnightly Income Distribution cum Capital Withdrawal Option (IDCW);INF200K01HT1;INF200K01HU9;N.A.;N.A.;N.A.;23-Jun-2010
106232;SBI Short Term Debt Fund - Regular Plan Weekly Income Distribution cum Capital Withdrawal Option (IDCW);INF200K01HX3;INF200K01HY1;10.1272;10.1019;10.1272;23-Jun-2010

Sundaram Mutual Fund
101572;Sundaram Seleic Asset Plan-Half-yearly Dividendct  Debt-Dynam;;;0.0000;0.0000;0.0000;23-Jun-2010
101565;Sundaram Short Term Debt Fund Regular Plan - Fortnightly Income Distribution cum Capital Withdrawal (IDCW);INF903J01FI9;INF903J01FO7;11.2000;11.2000;11.2000;23-Jun-2010
101563;Sundaram Short Term Debt Fund Regular Plan - Growth;INF903J01FG3;;15.2980;15.2980;15.2980;23-Jun-2010
101566;Sundaram Short Term Debt Fund Regular Plan - Income Distribution cum Capital Withdrawal (IDCW);INF903J01FJ7;INF903J01FP4;10.9305;10.9305;10.9305;23-Jun-2010
101564;Sundaram Short Term Debt Fund Regular Plan - Weekly Income Distribution cum Capital Withdrawal (IDCW);INF903J01FH1;INF903J01FN9;11.3827;11.3827;11.3827;23-Jun-2010
101560;Sundaram Short Term Debt Fund Regular Plan -Income Distribution cum Capital Withdrawal ( IDCW );INF903J01FK5;;11.4938;11.4938;11.4938;23-Jun-2010
101561;Sundaram Short Term Debt Fund Regular Plan- Income Distribution cum Capital Withdrawal (IDCW );INF903J01FL3;;11.1401;11.1401;11.1401;23-Jun-2010
101562;Sundaram Short Term Debt Fund Regular Plan- Income Distribution cum Capital Withdrawal (IDCW);INF903J01FM1;;11.1490;11.1490;11.1490;23-Jun-2010

Tata Mutual Fund
101548;Tata Short Term Bond Fund -Regular Plan- Growth Option;INF277K01972;;17.3920;17.3920;17.3920;23-Jun-2010
101547;Tata Short Term Bond Fund- Regular Plan - Monthly Payout of IDCW Option;INF277K01EI9;INF277K01964;12.0709;12.0709;12.0709;23-Jun-2010

Taurus Mutual Fund
101113;Taurus Short Term Income Fund- Regular Plan - Dividend Option;INF044D01583;INF044D01591;1530.4154;1526.5894;1530.4154;23-Jun-2010
101114;Taurus Short Term Income Fund- Regular Plan - Growth Option;INF044D01617;;1577.6208;1573.6767;1577.6208;23-Jun-2010
111438;Taurus Ultra Short Term Bond  Fund - Retail Weekly Dividend Option  #;;INF044D01658;1002.0718;1002.0718;1002.0718;23-Jun-2010
111441;Taurus Ultra Short Term Bond Fund - Institutional Daily Div;;INF044D01674;1001.5375;1001.5375;1001.5375;23-Jun-2010
111439;Taurus Ultra Short Term Bond Fund - Institutional Growth;INF044D01666;;1087.5313;1087.5313;1087.5313;23-Jun-2010
111442;Taurus Ultra Short Term Bond Fund - Institutional Weekly Div;;INF044D01690;1002.0801;1002.0801;1002.0801;23-Jun-2010
111445;Taurus Ultra Short Term Bond Fund - Regular Plan - SI Daily Dividend Option;;INF044D01716;1001.5373;1001.5373;1001.5373;23-Jun-2010
111443;Taurus Ultra Short Term Bond Fund - Regular Plan - SI Growth Option;INF044D01708;;1090.9072;1090.9072;1090.9072;23-Jun-2010
111446;Taurus Ultra Short Term Bond Fund - Regular Plan - SI Weekly Dividend Option;;INF044D01724;1002.0934;1002.0934;1002.0934;23-Jun-2010
111435;Taurus Ultra Short Term Bond Fund - Retail Growth Option #;INF044D01625;;1085.1012;1085.1012;1085.1012;23-Jun-2010
111437;Taurus Ultra Short Term Bond Fund - Retails Daily Dividend Option #;;INF044D01633;1001.5380;1001.5380;1001.5380;23-Jun-2010

UTI Mutual Fund
106383;UTI Short Duration Fund - Discontinued Regular Option - Dividend Sub Option;INF789F01AH3;INF789F01AI1;11.9977;11.9977;11.9977;23-Jun-2010
106384;UTI Short Duration Fund - Discontinued Regular Option -Growth Sub Option;INF789F01AJ9;;15.927;15.927;15.927;23-Jun-2010
106624;UTI Short Duration Fund - Regular Plan - Growth Option;INF789F01QA4;;10.7096;10.7096;10.7096;23-Jun-2010
106980;UTI Short Duration Fund - Regular Plan - Quarterly IDCW;INF789FC1GD5;INF789FA1R58;10.2103;10.2103;10.2103;23-Jun-2010

Open Ended Schemes ( Debt Scheme - Medium Duration Fund )


Aditya Birla Sun Life Mutual Fund
111803;Aditya Birla Sun Life Medium Term Plan - Growth - Regular Plan;INF209K01603;;10.7306;10.7038;10.7306;23-Jun-2010
111813;Aditya Birla Sun Life Medium Term Plan - Institutional - Dividend Plan;INF209K01652;INF209K01LJ5;10.1452;10.1198;10.1452;23-Jun-2010
111804;Aditya Birla Sun Life Medium Term Plan - Institutional - Growth Plan;INF209K01660;;10.4015;10.3755;10.4015;23-Jun-2010
111816;Aditya Birla Sun Life Medium Term Plan - Institutional - Half Yearly Dividend Plan;INF209K01645;INF209K01LI7;10.1562;10.1308;10.1562;23-Jun-2010
111815;Aditya Birla Sun Life Medium Term Plan - Institutional - Qrtly Dividend Plan;;;10.0902;10.0650;10.0902;23-Jun-2010
111810;Aditya Birla Sun Life Medium Term Plan - Institutional - Quarterly Dividend Plan;INF209K01678;;10.0333;10.0082;10.0333;23-Jun-2010
111811;Aditya Birla Sun Life Medium Term Plan - REGULAR - HALFYEARLY IDCW;INF209K01595;INF209K01CZ0;10.1555;10.1301;10.1555;23-Jun-2010
111812;Aditya Birla Sun Life Medium Term Plan - Regular - IDCW;INF209K01611;INF209K01DA1;10.1866;10.1611;10.1866;23-Jun-2010
111809;Aditya Birla Sun Life Medium Term Plan - REGULAR - Quarterly IDCW;INF209K01637;INF209KB1OJ2;10.0216;9.9965;10.0216;23-Jun-2010
111814;Aditya Birla Sun Life Medium Term Plan - Retail - Qrtly Dividend Plan;;INF209K01DB9;10.0845;10.0593;10.0845;23-Jun-2010

Bandhan Mutual Fund
108730;BANDHAN Bond Fund - Medium Term - Regular Plan - Bi-Monthly IDCW;INF194K01KF9;INF194K01KE2;10.5323;10.5323;10.5323;23-Jun-2010
108731;BANDHAN Bond Fund - Medium Term - Regular Plan - Daily IDCW;INF194K01JW6;INF194K01JV8;10.3124;10.3124;10.3124;23-Jun-2010
108729;BANDHAN Bond Fund - Medium Term - Regular Plan - Fortnightly IDCW;INF194K01KI3;INF194K01KH5;10.0764;10.0764;10.0764;23-Jun-2010
108728;BANDHAN Bond Fund - Medium Term - Regular Plan - Growth;INF194K01JU0;;16.0604;16.0604;16.0604;23-Jun-2010
108727;BANDHAN Bond Fund - Medium Term - Regular Plan - Monthly IDCW;INF194K01KC6;INF194K01KB8;10.1898;10.1898;10.1898;23-Jun-2010

DSP Mutual Fund
100078;DSP Bond Fund - Growth;INF740K01557;;31.1659;30.8542;31.1659;23-Jun-2010
100077;DSP Bond Fund - IDCW;INF740K01565;INF740K01995;11.1438;11.0324;11.1438;23-Jun-2010
100079;DSP Bond Fund - IDCW - Monthly;INF740K01573;INF740K01AA1;11.1327;11.0214;11.1327;23-Jun-2010

Franklin Templeton Mutual Fund
112304;Franklin India Income Opportunities Fund - Growth;INF090I01445;;10.5312;10.2153;10.5312;23-Jun-2010
112305;Franklin India Income Opportunities Fund - IDCW ;INF090I01452;INF090I01460;10.5312;10.2153;10.5312;23-Jun-2010

HDFC Mutual Fund
101990;HDFC Medium Term Debt Fund - Fornightly IDCW Option;INF179K01897;INF179K01905;10.6122;10.5857;10.6122;23-Jun-2010
101989;HDFC Medium Term Debt Fund - Growth Option;INF179K01913;;18.6951;18.6484;18.6951;23-Jun-2010

ICICI Prudential Mutual Fund
102742;ICICI Prudential Medium Term Bond Fund - Dividend;INF109K01UE9;INF109K01AG6;10.2986;10.2471;10.2986;23-Jun-2010
102741;ICICI Prudential Medium Term Bond Fund - Growth;INF109K01AH4;;14.3921;14.3201;14.3921;23-Jun-2010
102743;ICICI Prudential Medium Term Bond Fund-Plan B-Growth;INF109K01AJ0;;14.8009;14.8009;14.8009;23-Jun-2010

SBI Mutual Fund
102053;SBI MAGNUM MEDIUM DURATION FUND - REGULAR PLAN - GROWTH;INF200K01719;;15.8531;15.6946;15.8531;23-Jun-2010
102054;SBI Magnum Medium Duration Fund - Regular Plan - Income Distribution cum Capital Withdrawal Option (IDCW);INF200K01727;INF200K01735;11.0627;10.9521;11.0627;23-Jun-2010

Sundaram Mutual Fund
100608;Sundaram Medium Duration Fund (Formerly Known as Sundaram Medium Term Bond Fund) Institutional Plan - Growth;INF903J01FY6;;31.0702;31.0702;31.0702;23-Jun-2010
100611;Sundaram Medium Duration Fund (Formerly Known as Sundaram Medium Term Bond Fund) Institutional Plan -Growth;INF903J01GF3;;14.5104;14.5104;14.5104;23-Jun-2010
100607;Sundaram Medium Duration Fund (Formerly Known as Sundaram Medium Term Bond Fund) Institutional Plan -Income Distribution cum Capital Withdrawal (IDCW);INF903J01GB2;INF903J01GE6;0.0000;0.0000;0.0000;23-Jun-2010
100606;Sundaram Medium Duration Fund (Formerly Known as Sundaram Medium Term Bond Fund) Institutional Plan- Income Distribution cum Capital Withdrawal (IDCW);INF903J01GA4;INF903J01GD8;0.0000;0.0000;0.0000;23-Jun-2010
100605;Sundaram Medium Duration Fund (Formerly Known as Sundaram Medium Term Bond Fund) Institutional Plan- Income Distribution cum Capital Withdrawal(IDCW );INF903J01FZ3;INF903J01GC0;0.0000;0.0000;0.0000;23-Jun-2010
100603;Sundaram Medium Duration Fund (Formerly Known as Sundaram Medium Term Bond Fund) Regular Plan - Growth;INF903J01FQ2;;27.5560;27.5560;27.5560;23-Jun-2010
100604;Sundaram Medium Duration Fund (Formerly Known as Sundaram Medium Term Bond Fund) Regular Plan -Growth;INF903J01FX8;;14.5184;14.5184;14.5184;23-Jun-2010
100610;Sundaram Medium Duration Fund (Formerly Known as Sundaram Medium Term Bond Fund) Regular Plan -Income Distribution cum Capital Withdrawal (IDCW);INF903J01FT6;INF903J01FW0;10.3049;10.3049;10.3049;23-Jun-2010
100609;Sundaram Medium Duration Fund (Formerly Known as Sundaram Medium Term Bond Fund) Regular Plan- Income Distribution cum Capital Withdrawal(IDCW);INF903J01FS8;INF903J01FV2;10.3931;10.3931;10.3931;23-Jun-2010
100602;Sundaram Medium Duration Fund (Formerly Known as Sundaram Medium Term Bond Fund) Regular Plan-Income Distribution cum Capital Withdrawal(IDCW);INF903J01FR0;INF903J01FU4;10.3342;10.3342;10.3342;23-Jun-2010

Tata Mutual Fund
101703;Tata Medium Term Fund -Regular Plan - Growth Option;INF277K01717;;14.7652;14.6175;14.7652;23-Jun-2010
101605;Tata Medium Term Fund- Regular Plan - Payout of IDCW option;INF277K01DW2;INF277K01709;10.9300;10.8207;10.9300;23-Jun-2010
101704;Tata Medium Term Fund B - Growth Option;INF277K01733;;14.8069;14.6588;14.8069;23-Jun-2010
101606;Tata Medium Term Fund B - Income / Bonus Option;INF277K01DX0;;10.9441;10.8347;10.9441;23-Jun-2010

Open Ended Schemes ( Debt Scheme - Medium to Long Duration Fund )


Aditya Birla Sun Life Mutual Fund
111777;Aditya Birla Sun Life Income Fund (Discipline Advantage Plan);INF209K01LD8;;10.7059;10.6791;10.7059;23-Jun-2010
100038;Aditya Birla Sun Life Income Fund - Growth - Regular Plan;INF209K01579;;42.4497;42.3436;42.4497;23-Jun-2010
100037;Aditya Birla Sun Life Income Fund - Regular - Quarterly IDCW;INF209K01587;INF209K01CY3;11.3758;11.3474;11.3758;23-Jun-2010

Bandhan Mutual Fund
108766;BANDHAN Bond Fund - Income Plan - Regular Plan - Annual IDCW;INF194K01IN7;INF194K01IM9;11.7542;11.7542;11.7542;23-Jun-2010
108765;BANDHAN Bond Fund - Income Plan - Regular Plan - Growth;INF194K01IL1;;22.5750;22.5750;22.5750;23-Jun-2010
108763;BANDHAN Bond Fund - Income Plan - Regular Plan - Half-yearly IDCW;INF194K01IQ0;INF194K01IP2;11.0044;11.0044;11.0044;23-Jun-2010
108764;BANDHAN Bond Fund - Income Plan - Regular Plan - Quarterly IDCW;INF194K01IT4;INF194K01IS6;10.7484;10.7484;10.7484;23-Jun-2010
108768;BANDHAN Bond Fund - Short Term - Regular Plan - Growth;INF194K01HF5;;19.4665;19.4665;19.4665;23-Jun-2010
108767;BANDHAN Bond Fund - Short Term - Regular Plan - Monthly IDCW;INF194K01HH1;INF194K01HG3;10.0887;10.0887;10.0887;23-Jun-2010

Bank of India Mutual Fund
111718;BANK OF INDIA Conservative Hybrid  Fund-ECO Plan-Quarterly IDCW;INF761K01439;INF761K01421;10.2319;10.1296;10.2319;23-Jun-2010
111719;BANK OF INDIA Conservative Hybrid Fund-ECO Plan-Annual Dividend;INF761K01371;INF761K01389;11.0754;10.9646;11.0754;23-Jun-2010
111715;BANK OF INDIA Conservative Hybrid Fund-ECO Plan-Growth;INF761K01397;;11.0754;10.9646;11.0754;23-Jun-2010
111717;BANK OF INDIA Conservative Hybrid Fund-ECO Plan-Monthly IDCW;INF761K01413;INF761K01405;10.2270;10.1247;10.2270;23-Jun-2010
111714;BANK OF INDIA Conservative Hybrid Fund-Regular Plan-Annual IDCW;INF761K01454;INF761K01447;11.0387;10.9283;11.0387;23-Jun-2010
111712;BANK OF INDIA Conservative Hybrid Fund-Regular Plan-Growth;INF761K01462;;11.0387;10.9283;11.0387;23-Jun-2010
111716;BANK OF INDIA Conservative Hybrid Fund-Regular Plan-Monthly IDCW;INF761K01488;INF761K01470;10.1073;10.0062;10.1073;23-Jun-2010
111713;BANK OF INDIA Conservative Hybrid Fund-Regular Plan-Quarterly IDCW;INF761K01504;INF761K01496;10.2029;10.1009;10.2029;23-Jun-2010

Baroda BNP Paribas Mutual Fund
101155;BARODA INCOME FUND - Plan A - Dividend Option;INF955L01211;INF955L01229;14.5062;14.3611;14.5062;23-Jun-2010
101154;BARODA INCOME FUND - Plan A - Growth Option;INF955L01237;;14.5036;14.3586;14.5036;23-Jun-2010

Canara Robeco Mutual Fund
101588;CANARA ROBECO INCOME FUND - REGULAR PLAN - GROWTH OPTION;INF760K01324;;19.9306;19.9306;19.9306;23-Jun-2010
101587;CANARA ROBECO INCOME FUND - REGULAR PLAN - QUARTERLY IDCW (Payout/Reinvestment);INF760K01340;INF760K01357;14.1528;14.1528;14.1528;23-Jun-2010
101589;Canara Robeco Income Fund-Bonus option;INF760K01365;;14.4040;14.4040;14.4040;23-Jun-2010

HDFC Mutual Fund
100124;HDFC Income Fund - Growth Option;INF179K01962;;21.8653;21.6466;21.8653;23-Jun-2010
100123;HDFC Income Fund - Quarterly IDCW Option;INF179K01947;INF179K01954;11.0383;10.9279;11.0383;23-Jun-2010

HSBC Mutual Fund
101688;HSBC Income Fund - Investment - Inst. - Dividend;INF336L01834;INF336L01842;0.0000;0.0000;0.0000;23-Jun-2010
101687;HSBC Income Fund - Investment - Inst. - Growth;INF336L01826;;10.0893;10.0389;10.0893;23-Jun-2010
101685;HSBC Medium to Long Duration Fund - Regular Growth;INF336L01776;;16.1635;16.0827;16.1635;23-Jun-2010
101686;HSBC Medium to Long Duration Fund - Regular Quarterly IDCW;INF336L01784;INF336L01792;11.1068;11.0513;11.1068;23-Jun-2010

ICICI Prudential Mutual Fund
109740;ICICI Prudential Bond Fund - Growth;INF109K01BO8;;12.9812;12.9812;12.9812;23-Jun-2010
109741;ICICI Prudential Bond Fund - IDCW Monthly;INF109K01EU9;INF109K01BP5;11.1218;11.1218;11.1218;23-Jun-2010
109743;ICICI Prudential Bond Fund - IDCW Quarterly;INF109K01EV7;INF109K01BS9;10.3815;10.3815;10.3815;23-Jun-2010
109742;ICICI Prudential Bond Fund- Institutional Growth;INF109K01BQ3;;11.2713;11.2713;11.2713;23-Jun-2010
109744;ICICI Prudential Bond Fund- Institutional Monthly Dividend;INF109K01ES3;INF109K01BR1;10.3200;10.3200;10.3200;23-Jun-2010
109745;ICICI Prudential Bond Fund- Institutional Quarterly Dividend;INF109K01ET1;INF109K01BT7;10.6863;10.6863;10.6863;23-Jun-2010

JM Financial Mutual Fund
100223;JM Medium to Long Duration Fund (Regular) - Growth Option;INF192K01AB3;;28.7189;28.7189;28.7189;23-Jun-2010
100222;JM Medium to Long Duration Fund (Regular) - Quarterly IDCW;INF192K01999;INF192K01AA5;10.1606;10.1606;10.1606;23-Jun-2010
101181;JM Medium to Long Duration Fund (Regular) - Bonus Option- Principal Units;INF192K01AC1;;11.7492;11.7492;11.7492;23-Jun-2010

Kotak Mahindra Mutual Fund
100300;Kotak Bond Fund - Regular Plan - Standard IDCW Option;INF174K01EQ1;INF174K01EP3;18.0749;17.8942;18.0749;23-Jun-2010
100299;Kotak Bond Fund - Regular Plan Growth;INF174K01EM0;;27.0451;26.7746;27.0451;23-Jun-2010
100301;Kotak Bond Regular Plan Bonus Plan;INF174K01ER9;;18.0272;17.8469;18.0272;23-Jun-2010
100298;Kotak Bond Regular Plan Quaterly Payout of Income Distribution cum capital withdrawal option;INF174K01EO6;INF174K01EN8;10.4127;10.3086;10.4127;23-Jun-2010
100291;Kotak Bond-Deposit-Dividend;INF174K01EK4;INF174K01EL2;12.3298;12.2065;12.3298;23-Jun-2010
100292;Kotak Bond-Deposit-Growth;INF174K01EJ6;;25.245;24.9926;25.245;23-Jun-2010

LIC Mutual Fund
100315;LIC MF Medium to Long Duration Fund-Regular Plan-Growth;INF767K01923;;26.5011;26.2361;26.5011;23-Jun-2010
100314;LIC MF Medium to Long Duration Fund-Regular Plan-IDCW;INF767K01907;INF767K01915;10.8224;10.7142;10.8224;23-Jun-2010

Nippon India Mutual Fund
100386;NIPPON INDIA MEDIUM TO LONG DURATION  FUND - ANNUAL IDCW Option;INF204K01CT4;INF204K01CU2;12.4524;12.3901;12.4524;23-Jun-2010
100388;Nippon India Medium to Long Duration  Fund - Growth Plan Bonus Option;INF204K01CM9;;14.7592;14.6854;14.7592;23-Jun-2010
100387;Nippon India Medium to Long Duration  Fund - Growth Plan Growth Option;INF204K01CL1;;31.3137;31.1571;31.3137;23-Jun-2010
100385;NIPPON INDIA MEDIUM TO LONG DURATION  FUND - HALF YEARLY IDCW Option;INF204K01CR8;INF204K01CS6;12.2338;12.1726;12.2338;23-Jun-2010
100384;NIPPON INDIA MEDIUM TO LONG DURATION  FUND - QUARTERLY IDCW Option;INF204K01CP2;INF204K01CQ0;13.1356;13.0699;13.1356;23-Jun-2010
100383;NIPPON INDIA MEDIUM TO LONG DURATION FUND - MONTHLY IDCW Option;INF204K01CN7;INF204K01CO5;10.2212;10.1701;10.2212;23-Jun-2010

SBI Mutual Fund
100638;SBI Magnum Income Fund - Regular Plan - Half Yearly - Income Distribution cum Capital Withdrawal Option (IDCW);INF200K01610;INF200K01628;10.6438;10.5374;10.6438;23-Jun-2010
100640;SBI Magnum Income Fund-REGULAR PLAN-Bonus;INF200K01602;;13.7446;13.6072;13.7446;23-Jun-2010
100639;SBI Magnum Income Fund-REGULAR PLAN-Growth;INF200K01594;;22.6845;22.4577;22.6845;23-Jun-2010

Tata Mutual Fund
100418;Tata Income Fund -Regular Plan - Growth Option;INF277K01659;;29.2312;29.2312;29.2312;23-Jun-2010
101186;Tata Income Fund- Regular Plan - Periodic Payout of IDCW Option;INF277K01DT8;INF277K01667;16.9475;16.9475;16.9475;23-Jun-2010
100417;Tata Income Fund-Regular Plan - Half Yearly Payout of IDCW Option;INF277K01DU6;INF277K01675;11.2971;11.2971;11.2971;23-Jun-2010
101419;Tata Long Term Debt Fund - Regular Plan  -Bonus;INF277K01691;;14.6309;14.6309;14.6309;23-Jun-2010
100416;Tata Long Term Debt Fund - Regular Plan - Quarterly Dividend;INF277K01DV4;INF277K01683;10.2462;10.2462;10.2462;23-Jun-2010

UTI Mutual Fund
100742;UTI Medium to Long Duration Fund - Regular Plan - Quarterly IDCW;INF789F01380;INF789F01398;11.4608;11.4608;11.4608;23-Jun-2010
100741;UTI Medium to Long Duration Fund- Regular Plan - Growth;INF789F01406;;27.1261;27.1261;27.1261;23-Jun-2010

Open Ended Schemes ( Debt Scheme - Long Duration Fund )


ICICI Prudential Mutual Fund
100365;ICICI Prudential Long Term Bond Fund - Growth;INF109K01365;;30.3489;30.1972;30.3489;23-Jun-2010
100364;ICICI Prudential Long Term Bond Fund - Half Yearly IDCW;INF109K01EX3;INF109K01357;11.6128;11.5547;11.6128;23-Jun-2010
100367;ICICI Prudential Long Term Bond Fund - Quarterly IDCW;INF109K01EZ8;INF109K01399;12.8740;12.8096;12.8740;23-Jun-2010
100366;ICICI Prudential Long Term Bond Fund-Institutional Quarterly Dividend;INF109K01EY1;INF109K01381;11.9435;11.8838;11.9435;23-Jun-2010
101642;ICICI Prudential Long Term Bond Fund - Institutional Dividend Halfyearly;INF109K01EW5;INF109K01373;11.0345;10.9793;11.0345;23-Jun-2010
101643;ICICI Prudential Long Term Bond Fund-Institutional Option-Growth;INF109K01407;;31.5204;31.3628;31.5204;23-Jun-2010

Open Ended Schemes ( Debt Scheme - Dynamic Bond )


Aditya Birla Sun Life Mutual Fund
102767;Aditya Birla Sun Life Dynamic Bond Fund - Growth - Regular Plan;INF209K01793;;15.7000;15.6215;15.7000;23-Jun-2010
111521;Aditya Birla Sun Life Dynamic Bond Fund -REGULAR - MONTHLY IDCW;INF209K01801;INF209K01DG8;10.4339;10.3817;10.4339;23-Jun-2010
102766;Aditya Birla Sun Life Dynamic Bond Fund -Regular - Quarterly IDCW;INF209K01819;INF209K01DH6;11.2691;11.2128;11.2691;23-Jun-2010
111848;Aditya Birla Sun Life Dynamic Bond Fund-Discipline Advantage Plan-Growth;INF209K01JW2;;10.8604;10.8061;10.8604;23-Jun-2010

Bandhan Mutual Fund
111524;BANDHAN Dynamic Bond Fund - Regular Plan B - Growth;INF194K01QG4;;10.8059;10.8059;10.8059;23-Jun-2010
111523;BANDHAN Dynamic Bond Fund - Regular Plan B - IDCW;INF194K01QO8;INF194K01QN0;10.4078;10.4078;10.4078;23-Jun-2010

Canara Robeco Mutual Fund
111964;Canara Robeco Dynamic Bond Fund - Institutional Plan - Dividend;INF760K01381;INF760K01399;10.3163;10.3163;10.3163;23-Jun-2010
111961;Canara Robeco Dynamic Bond Fund - Institutional Plan - Growth;INF760K01407;;10.5650;10.5650;10.5650;23-Jun-2010
111962;CANARA ROBECO DYNAMIC BOND FUND - REGULAR PLAN - GROWTH OPTION;INF760K01449;;10.4518;10.4518;10.4518;23-Jun-2010
111963;CANARA ROBECO DYNAMIC BOND FUND - REGULAR PLAN - IDCW (Payout/Reinvestment);INF760K01423;INF760K01431;10.2469;10.2469;10.2469;23-Jun-2010

DSP Mutual Fund
105669;DSP Strategic Bond Fund - Regular Plan - Growth;INF740K01GK7;;1083.8170;1083.8170;1083.8170;23-Jun-2010
105668;DSP Strategic Bond Fund - Regular Plan - IDCW;INF740K01GO9;INF740K01GN1;1022.4379;1022.4379;1022.4379;23-Jun-2010
111786;DSP Strategic Bond Fund - Regular Plan - IDCW - Daily;;INF740KA1PA5;1002.1450;1002.1450;1002.1450;23-Jun-2010
105667;DSP Strategic Bond Fund - Regular Plan - IDCW - Monthly;INF740K01GM3;INF740K01GL5;1022.6027;1022.6027;1022.6027;23-Jun-2010
105878;DSP Strategic Bond Fund - Regular Plan - IDCW - Weekly;INF740K01GQ4;INF740K01GP6;1003.8751;1003.8751;1003.8751;23-Jun-2010

Franklin Templeton Mutual Fund
100498;Franklin India Dynamic Accrual Fund - IDCW ;INF090I01BN6;INF090I01BO4;10.6568;10.6035;10.6568;23-Jun-2010
100499;Franklin India Dynamic Accrual Fund-Growth;INF090I01BP1;;32.3000;32.1385;32.3000;23-Jun-2010

HDFC Mutual Fund
101872;HDFC Dynamic Debt Fund - Growth Option;INF179K01848;;31.7734;31.6145;31.7734;23-Jun-2010
101874;HDFC Dynamic Debt Fund - Half Yearly IDCW Option;INF179K01855;INF179K01863;11.0088;10.9538;11.0088;23-Jun-2010
101873;HDFC Dynamic Debt Fund - Quarterly IDCW Option;INF179K01871;INF179K01889;11.3106;11.254;11.3106;23-Jun-2010
101875;HDFC Dynamic Debt Fund - Yearly IDCW Option;INF179K01921;INF179K01939;11.5733;11.5154;11.5733;23-Jun-2010

HSBC Mutual Fund
106736;HSBC Dynamic Bond Fund - Growth;INF336L01545;;12.6438;12.6122;12.6438;23-Jun-2010
106737;HSBC Dynamic Bond Fund - Regular Growth;INF336L01461;;12.7644;12.7325;12.7644;23-Jun-2010
106738;HSBC Dynamic Bond Fund - Regular Monthly IDCW;;INF336L01453;10.0625;10.0373;10.0625;23-Jun-2010

ICICI Prudential Mutual Fund
112096;ICICI Prudential All Seasons Bond Fund - Growth;INF109K01GN9;;10.3197;10.3197;10.3197;23-Jun-2010
112095;ICICI Prudential All Seasons Bond Fund - Premium Dividend Option;INF109K01FC4;INF109K01720;10.6367;10.6367;10.6367;23-Jun-2010
112094;ICICI Prudential All Seasons Bond Fund - Premium Growth Option;INF109K01GM1;;10.2937;10.2937;10.2937;23-Jun-2010
101351;ICICI Prudential All Seasons Bond Fund - Weekly IDCW;INF109K01FD2;INF109K01704;10.5205;10.5205;10.5205;23-Jun-2010
101350;ICICI Prudential All Seasons Bond Fund Retail - Cumulative;INF109K01712;;20.0403;20.0403;20.0403;23-Jun-2010

JM Financial Mutual Fund
105639;JM Dynamic Bond Fund (Regular) - Daily IDCW;;INF192K01668;10.0031;10.0031;10.0031;23-Jun-2010
101806;JM Dynamic Bond Fund (Regular) - Growth Option;INF192K01700;;14.6684;14.6684;14.6684;23-Jun-2010
101805;JM Dynamic Bond Fund (Regular) - IDCW;INF192K01684;INF192K01692;14.7186;14.7186;14.7186;23-Jun-2010
105637;JM Dynamic Bond Fund (Regular) - Weekly IDCW;;INF192K01676;10.2994;10.2994;10.2994;23-Jun-2010
101807;JM Dynamic Bond Fund (Regular)- Premium Plan IDCW;INF192K01734;INF192K01742;10.2349;10.2349;10.2349;23-Jun-2010
105638;JM Dynamic Bond Fund - Premium Plan - Daily Dividend Option;;INF192K01718;10.0031;10.0031;10.0031;23-Jun-2010
101808;JM Dynamic Bond Fund - Premium Plan - Growth Option;INF192K01759;;14.1242;14.1242;14.1242;23-Jun-2010
105636;JM Dynamic Bond Fund - Premium Plan - Weekly Dividend Option;;INF192K01726;10.3300;10.3300;10.3300;23-Jun-2010

Kotak Mahindra Mutual Fund
108500;Kotak Dynamic Bond Fund Regular Plan Daily Dividend;INF174K01FB0;;10.0475;10.0475;10.0475;23-Jun-2010
108511;Kotak Dynamic Bond Fund Regular Plan Growth;INF174K01FA2;;11.4631;11.4631;11.4631;23-Jun-2010
108512;Kotak Dynamic Bond Fund Regular Plan Weekly Dividend;INF174K01FC8;;10.1872;10.1872;10.1872;23-Jun-2010

Nippon India Mutual Fund
102851;NIPPON INDIA DYNAMIC BOND FUND - IDCW Option;INF204K01FJ8;INF204K01FK6;12.2607;12.1381;12.2607;23-Jun-2010
102849;Nippon India Dynamic Bond Fund-Growth Plan-Growth Option;INF204K01FI0;;12.2607;12.1381;12.2607;23-Jun-2010

Principal Mutual Fund
100960;Principal Dynamic Bond Fund - Dividend Option -Annual;INF173K01AX7;INF173K01AY5;11.3522;11.3522;11.3522;23-Jun-2010
100963;Principal Dynamic Bond Fund - Growth Option;INF173K01AT5;;16.0789;16.0789;16.0789;23-Jun-2010
100961;Principal Dynamic Bond Fund -Dividend Option - Quarterly;INF173K01AU3;INF173K01AV1;11.9957;11.9957;11.9957;23-Jun-2010
100957;Principal Income Fund-Dividend Plan-Half Yearly;;;10.9737;10.9737;10.9737;23-Jun-2010
100958;Principal Income Fund-Dividend Plan-Quaterly;;;11.1634;11.1634;11.1634;23-Jun-2010
100962;Principal Income Fund-Growth Plan-growth;;;13.3757;13.3757;13.3757;23-Jun-2010

quant Mutual Fund
100173;Quant Dynamic Bond-Bonus;INF966L01101;;15.7255;15.6469;15.7255;23-Jun-2010
100171;Quant Dynamic Bond-Dividend;INF966L01077;INF966L01085;11.2573;11.2010;11.2573;23-Jun-2010
100172;Quant Dynamic Bond-Growth;INF966L01093;;29.8654;29.7161;29.8654;23-Jun-2010

SBI Mutual Fund
102205;SBI Dynamic Bond Fund - REGULAR PLAN - Growth;INF200K01958;;11.0727;11.0727;11.0450;23-Jun-2010
102206;SBI Dynamic Bond Fund - Regular Plan - Income Distribution cum Capital Withdrawal Option (IDCW);INF200K01966;INF200K01974;10.4586;10.4586;10.4325;23-Jun-2010

Tata Mutual Fund
101909;Tata Dynamic Bond Fund- Regular Plan - Growth Option;INF277K01360;;14.1086;14.0381;14.1086;23-Jun-2010
101224;Tata Dynamic Bond Fund- Regular Plan - Payout of IDCW Option;INF277K01DE0;INF277K01352;10.5839;10.5310;10.5839;23-Jun-2010
102031;Tata Dynamic Bond Fund B - Dividend;INF277K01DF7;INF277K01378;10.0935;10.0430;10.0935;23-Jun-2010
101910;Tata Dynamic Bond Fund B - Growth;INF277K01386;;14.1145;14.0439;14.1145;23-Jun-2010

Open Ended Schemes ( Debt Scheme - Corporate Bond Fund )


Aditya Birla Sun Life Mutual Fund
111780;Aditya Birla Sun Life Corporate Bond Fund - Discipline Advantage Plan;INF209K01KK5;;10.5846;10.5317;10.5846;23-Jun-2010
103178;Aditya Birla Sun Life Corporate Bond Fund - Growth - Regular Plan;INF209K01785;;34.4742;34.3018;34.4742;23-Jun-2010
103183;Aditya Birla Sun Life Corporate Bond Fund -REGULAR - MONTHLY IDCW;INF209K01983;INF209K01DL8;11.0010;10.9460;11.0010;23-Jun-2010
103177;Aditya Birla Sun Life Income Fund-Plan A(Dividend);;;11.4711;11.4137;11.4711;23-Jun-2010
103179;Aditya Birla Sun Life Income Fund-Plan D(54EA Dividend);;INF209K01DI4;10.3899;10.3380;10.3899;23-Jun-2010
103180;Aditya Birla Sun Life Income Fund-Plan E(54EA Growth);;;34.4504;34.2781;34.4504;23-Jun-2010
103181;Aditya Birla Sun Life Income Fund-PLan F(54EB Dividend);;;15.1967;15.1207;15.1967;23-Jun-2010
103182;Aditya Birla Sun Life Income Fund-Plan G(54EB Growth);;;34.2334;34.0622;34.2334;23-Jun-2010

Franklin Templeton Mutual Fund
100528;Franklin India Corporate Debt Fund - Growth;INF090I01DG6;;30.9843;30.8294;30.9843;23-Jun-2010
100532;Franklin India Corporate Debt Fund - Monthly Bonus;INF090I01DC5;;16.5272;16.4446;16.5272;23-Jun-2010
100527;Franklin India Corporate Debt Fund - Plan A - Annual - IDCW;INF090I01DH4;INF090I01DI2;10.9816;10.9267;10.9816;23-Jun-2010
100531;Franklin India Corporate Debt Fund - Plan B - Half yearly - IDCW;INF090I01DN2;INF090I01DO0;11.9333;11.8736;11.9333;23-Jun-2010
100529;Franklin India Corporate Debt Fund - Plan B - Monthly - IDCW;INF090I01DJ0;INF090I01DK8;11.6914;11.6329;11.6914;23-Jun-2010
100530;Franklin India Corporate Debt Fund - Plan B - Quarterly - IDCW;INF090I01DL6;INF090I01DM4;12.2221;12.1610;12.2221;23-Jun-2010

ICICI Prudential Mutual Fund
111988;ICICI Prudential Corporate Bond Fund - Daily IDCW;INF109K01CR9;;10.0210;10.0210;10.0210;23-Jun-2010
111987;ICICI Prudential Corporate Bond Fund - Growth;INF109K01CQ1;;10.4167;10.4167;10.4167;23-Jun-2010
111991;ICICI Prudential Corporate Bond Fund - Monthly IDCW;INF109K01SK0;INF109K01CT5;10.0594;10.0594;10.0594;23-Jun-2010
111982;ICICI Prudential Corporate Bond Fund - Premium Daily Dividend;INF109K01CL2;;10.0210;10.0210;10.0210;23-Jun-2010
111984;ICICI Prudential Corporate Bond Fund - Premium Fort Nightly Dividend;INF109K01SH6;INF109K01CN8;10.0267;10.0267;10.0267;23-Jun-2010
111981;ICICI Prudential Corporate Bond Fund - Premium Growth;INF109K01CK4;;10.3897;10.3897;10.3897;23-Jun-2010
111985;ICICI Prudential Corporate Bond Fund - Premium Monthly Dividend;INF109K01CO6;;10.0583;10.0583;10.0583;23-Jun-2010
111986;ICICI Prudential Corporate Bond Fund - Premium Quarterly Dividend;INF109K01FP6;INF109K01CP3;10.1240;10.1240;10.1240;23-Jun-2010
111983;ICICI Prudential Corporate Bond Fund - Premium Weekly Dividend;INF109K01CM0;;10.0551;10.0551;10.0551;23-Jun-2010
111994;ICICI Prudential Corporate Bond Fund - Super Premium Daily Dividend;;INF109K01CV1;10.0210;10.0210;10.0210;23-Jun-2010
111993;ICICI Prudential Corporate Bond Fund - Super Premium Growth;INF109K01CU3;;10.4615;10.4615;10.4615;23-Jun-2010
111975;ICICI Prudential Corporate Bond Fund - Super Premium Monthly Dividend;;INF109K01CX7;10.0505;10.0505;10.0505;23-Jun-2010
111973;ICICI Prudential Corporate Bond Fund - Super Premium Weekly Dividend;;INF109K01CW9;10.0495;10.0495;10.0495;23-Jun-2010
111989;ICICI Prudential Corporate Bond Fund - Weekly IDCW;INF109K01SL8;INF109K01SM6;10.0398;10.0398;10.0398;23-Jun-2010
111976;ICICI Prudential Corporate Bond Fund Retail Daily Dividend;INF109K01CF4;;10.0210;10.0210;10.0210;23-Jun-2010
111978;ICICI Prudential Corporate Bond Fund Retail Fort Nightly Dividend;INF109K01SF0;INF109K01CH0;10.0329;10.0329;10.0329;23-Jun-2010
111972;ICICI Prudential Corporate Bond Fund Retail Growth;INF109K01CE7;;10.4231;10.4231;10.4231;23-Jun-2010
111979;ICICI Prudential Corporate Bond Fund Retail Monthly Dividend;INF109K01QM0;INF109K01CI8;10.0574;10.0574;10.0574;23-Jun-2010
111980;ICICI Prudential Corporate Bond Fund Retail Quarterly Dividend;INF109K01FQ4;INF109K01CJ6;10.1584;10.1584;10.1584;23-Jun-2010
111977;ICICI Prudential Corporate Bond Fund Retail Weekly Dividend;INF109K01SE3;INF109K01CG2;10.0513;10.0513;10.0513;23-Jun-2010

Invesco Mutual Fund
106179;Invesco India Corporate Bond Fund - Annual IDCW (Payout / Reinvestment);INF205K01QX3;INF205K01QY1;10.1676;10.1676;10.1676;23-Jun-2010
106177;Invesco India Corporate Bond Fund - Growth;INF205K01RM4;;11.0181;11.0181;11.0181;23-Jun-2010
106171;Invesco India Corporate Bond Fund - Monthly IDCW (Payout / Reinvestment);INF205K01RN2;INF205K01RO0;10.2996;10.2996;10.2996;23-Jun-2010
106172;Invesco India Corporate Bond Fund - Quarterly IDCW (Payout / Reinvestment);INF205K01RP7;INF205K01RQ5;10.0118;10.0118;10.0118;23-Jun-2010
106173;Religare Invesco Active Income Fund - Plan B - Growth;INF205K01RR3;;10.0279;10.0279;10.0279;23-Jun-2010
106174;Religare Invesco Active Income Fund - Plan B - MonthlyDividend;;INF205K01510;10.0279;10.0279;10.0279;23-Jun-2010
106178;Religare Invesco Active Income Fund - Plan B - QuarterlyDividend;INF205K01RT9;INF205K01528;10.1866;10.1866;10.1866;23-Jun-2010

L&T Mutual Fund
112414;L&T Triple Ace Bond Fund - Regular Plan - Quarterly IDCW;INF917K01AF4;INF917K01AG2;11.1195;11.1195;11.1195;23-Jun-2010
112420;L&T Triple Ace Bond Fund -Regular Plan - Bonus;INF917K01AK4;;14.0957;14.0957;14.0957;23-Jun-2010
112416;L&T Triple Ace Bond Fund -Regular Plan - Semi Annual IDCW;INF917K01AI8;INF917K01AJ6;10.7547;10.7547;10.7547;23-Jun-2010
112410;L&T Triple Ace Bond Fund-Regular Plan-Growth;INF917K01AH0;;25.3431;25.3431;25.3431;23-Jun-2010

Nippon India Mutual Fund
109472;NIPPON INDIA CORPORATE BOND FUND - DAILY IDCW Option;;INF204K01EG7;17.0959;17.0959;17.0959;23-Jun-2010
100859;Nippon India Corporate Bond Fund - Growth Plan - Bonus Option;INF204KA12N8;;13.7886;13.7886;13.7886;23-Jun-2010
100856;Nippon India Corporate Bond Fund - Growth Plan - Growth Option;INF204K01EF9;;19.3068;19.3068;19.3068;23-Jun-2010
100857;NIPPON INDIA CORPORATE BOND FUND - MONTHLY IDCW Option;INF204K01EJ1;INF204K01EK9;10.3740;10.3740;10.3740;23-Jun-2010
100858;NIPPON INDIA CORPORATE BOND FUND - QUARTERLY IDCW Option;INF204K01EL7;INF204K01EM5;10.7078;10.7078;10.7078;23-Jun-2010
109473;NIPPON INDIA CORPORATE BOND FUND - WEEKLY IDCW Option;INF204K01EH5;INF204K01EI3;17.0985;17.0985;17.0985;23-Jun-2010

Principal Mutual Fund
102169;Principal Corporate Bond Fund - Dividend - Monthly;INF173K01312;INF173K01320;11.327;11.2137;11.327;23-Jun-2010
102170;Principal Corporate Bond Fund - Dividend - Quarterly;INF173K01338;INF173K01346;12.1526;12.0311;12.1526;23-Jun-2010
102171;Principal Corporate Bond Fund -Growth;INF173K01288;;18.1677;17.986;18.1677;23-Jun-2010

Sundaram Mutual Fund
100792;Sundaram Corporate Bond Fund Institutional Plan - Growth;INF903J01IF9;;0.0000;0.0000;0.0000;23-Jun-2010
100790;Sundaram Corporate Bond Fund Institutional Plan - Income Distribution cum Capital Withdrawal (IDCW);INF903J01IG7;INF903J01II3;0.0000;0.0000;0.0000;23-Jun-2010
100791;Sundaram Corporate Bond Fund Institutional Plan -Income Distribution cum Capital Withdrawal-(IDCW);INF903J01IH5;INF903J01IJ1;0.0000;0.0000;0.0000;23-Jun-2010
100786;Sundaram Corporate Bond Fund Regular Plan - Income Distribution cum Capital Withdrawal (IDCW );INF903J01HY2;INF903J01IC6;11.4477;11.4477;11.4477;23-Jun-2010
100785;Sundaram Corporate Bond Fund Regular Plan -Income Distribution cum Capital Withdrawal(IDCW);INF903J01HX4;INF903J01IB8;10.3567;10.3567;10.3567;23-Jun-2010
100789;Sundaram Corporate Bond Fund Regular Plan- Growth;INF903J01HW6;;13.9538;13.9538;13.9538;23-Jun-2010
100788;Sundaram Corporate Bond Fund Regular Plan- Income Distribution cum Capital Withdrawal (IDCW);INF903J01IA0;INF903J01IE2;10.7531;10.7531;10.7531;23-Jun-2010
100787;Sundaram Corporate Bond Fund Regular Plan-Income Distribution cum Capital Withdrawal (IDCW);INF903J01HZ9;INF903J01ID4;11.0998;11.0998;11.0998;23-Jun-2010

Tata Mutual Fund
106130;Tata Corporate Bond Fund -Regular Plan  -  Daily Dividend;;INF277K01AA4;1009.4394;1009.4394;1009.4394;23-Jun-2010
106128;Tata Corporate Bond Fund Retail Investment Plan Growth;INF277K01AD8;;1233.9358;1233.9358;1233.9358;23-Jun-2010
106123;Tata Corporate Bond Fund Retail Investment Plan Monthly Dividend;INF277K01CV6;INF277K01AE6;1005.0534;1005.0534;1005.0534;23-Jun-2010
106129;Tata Corporate Bond Fund -Regular Plan -  Growth;INF277K01998;;1235.5397;1235.5397;1235.5397;23-Jun-2010
106132;Tata Corporate Bond Fund -Regular Plan -  Monthly Dividend;INF277K01CT0;INF277K01AB2;1004.6136;1004.6136;1004.6136;23-Jun-2010
106131;Tata Corporate Bond Fund-Regular Plan - Weekly Dividend;INF277K01CU8;INF277K01AC0;1010.8737;1010.8737;1010.8737;23-Jun-2010

Open Ended Schemes ( Debt Scheme - Credit Risk Fund )


DSP Mutual Fund
101839;DSP Credit Risk Fund - Regular Plan - IDCW;INF740K01581;INF740K01AB9;10.6870;10.6870;10.6870;23-Jun-2010
101840;DSP Credit Risk Fund - Regular Plan - IDCW - Daily;;INF740KA1OA8;10.0312;10.0312;10.0312;23-Jun-2010
101838;DSP Credit Risk Fund - Regular Plan - IDCW - Weekly;INF740K01FR4;INF740K01FQ6;10.0428;10.0428;10.0428;23-Jun-2010
101837;DSP Credit Risk Fund - Regular Plan -Growth;INF740K01599;;14.9609;14.9609;14.9609;23-Jun-2010

L&T Mutual Fund
112629;L&T Credit Risk - Retail Qtly Dividend;INF917K01CS3;INF917K01CT1;10.1605;10.1605;10.1605;23-Jun-2010
112632;L&T Credit Risk Fund - Regular Plan - Growth;INF917K01130;;10.3706;10.3706;10.3706;23-Jun-2010
112630;L&T Credit Risk Fund- Regular Plan - Bonus;INF917K01CU9;;10.3382;10.3382;10.3382;23-Jun-2010
112631;L&T Credit Risk Fund- Regular Plan - IDCW;INF917K01114;INF917K01122;10.0765;10.0765;10.0765;23-Jun-2010
112628;L&T Credit Risk Retail -Cumulative;INF917K01106;;10.3384;10.3384;10.3384;23-Jun-2010
112627;L&T Credit Risk- Retail Dividend;INF917K01080;INF917K01098;10.0639;10.0639;10.0639;23-Jun-2010

Nippon India Mutual Fund
112938;Nippon India Credit Risk Fund  - Growth Plan;INF204K01FQ3;;12.8203;12.8203;12.8203;23-Jun-2010
112939;Nippon India Credit Risk Fund  - Institutional Growth Plan;INF204K01FT7;;12.9080;12.9080;12.9080;23-Jun-2010
112941;NIPPON INDIA CREDIT RISK FUND - QUARTERLY IDCW Option;INF204K01FR1;INF204K01FS9;12.2800;12.2800;12.2800;23-Jun-2010
112940;Reliance Credit Risk Fund  - Institutional Quarterly Dividend Plan;INF204K01FU5;INF204K01FV3;12.3518;12.3518;12.3518;23-Jun-2010

Principal Mutual Fund
102729;Principal Credit Risk Fund - Regular Plan - Growth Option;INF173K01DM4;;14.5756;14.5756;14.5756;23-Jun-2010
102726;Principal Floating Rate Fund - SMP-Daily Dividend;;;10.0007;10.0007;10.0007;23-Jun-2010
102725;Principal Floating Rate Fund - SMP-Growth;;;14.472;14.472;14.472;23-Jun-2010
102730;Principal Floating Rate Fund - SMP-Insti. Daily Dividend;;;10.0007;10.0007;10.0007;23-Jun-2010
102731;Principal Floating Rate Fund - SMP-Insti. Weekly Dividend;;;10.0085;10.0085;10.0085;23-Jun-2010
102728;Principal Floating Rate Fund - SMP-Monthly Dividend;;;10.6556;10.6556;10.6556;23-Jun-2010
102727;Principal Floating Rate Fund - SMP-Weekly Dividend;;;10.0081;10.0081;10.0081;23-Jun-2010

SBI Mutual Fund
102505;SBI CREDIT RISK FUND - REGULAR PLAN - GROWTH;INF200K01685;;14.0414;13.9712;14.0414;23-Jun-2010
102506;SBI Credit Risk Fund - Regular Plan - Income Distribution cum Capital Withdrawal Option (IDCW);INF200K01693;INF200K01701;10.9233;10.8687;10.9233;23-Jun-2010

Sundaram Mutual Fund
101544;Sundaram Short Term Credit Risk Fund -Dividend;INF903J01EV5;INF903J01EW3;11.8280;11.8280;11.8280;23-Jun-2010
101545;Sundaram Short Term Credit Risk Fund-Appreciation;INF903J01EU7;;14.5676;14.5676;14.5676;23-Jun-2010

Open Ended Schemes ( Debt Scheme - Banking and PSU Fund )


Aditya Birla Sun Life Mutual Fund
108272;Aditya Birla Sun Life Banking & PSU Debt Fund  - REGULAR - IDCW;INF209K01LX6;INF209KA11Z3;10.2289;10.2033;10.2289;23-Jun-2010
110282;Aditya Birla Sun Life Banking & PSU Debt Fund  - REGULAR - MONTHLY IDCW;INF209K01LU2;;10.0055;9.9805;10.0055;23-Jun-2010
108274;Aditya Birla Sun Life Banking & PSU Debt Fund  - REGULAR - Quarterly IDCW;INF209K01LN7;;10.1722;10.1468;10.1722;23-Jun-2010
110490;Aditya Birla Sun Life Banking & PSU Debt Fund  - retail - monthly IDCW;INF209K01LR8;;10.0055;9.9805;10.0055;23-Jun-2010
106157;Aditya Birla Sun Life Banking & PSU Debt Fund  - retail - quarterly IDCW;INF209K01LS6;;10.3168;10.2910;10.3168;23-Jun-2010
108273;Aditya Birla Sun Life Banking & PSU Debt Fund - Regular Plan-Growth;INF209K01LV0;;11.0749;11.0472;11.0749;23-Jun-2010
103176;Aditya Birla Sun Life Banking & PSU Debt Fund - Retail Plan-Growth;INF209K01LT4;;16.8117;16.7697;16.8117;23-Jun-2010
112015;Aditya Birla Sun Life Treasury Optimizer Plan - Discipline Advantage Plan - Growth;INF209K01KM1;;10.4424;10.4163;10.4424;23-Jun-2010
103175;Aditya Birla Sun Life Ultra Short Term Fund- Retail Plan A(Monthly Dividend);;INF209K01EB7;10.7702;10.7433;10.7702;23-Jun-2010
103188;Aditya Birla Sun Life Banking & PSU Debt Fund - Growth - Regular Plan;INF209K01BF4;;27.4464;27.1719;27.4464;23-Jun-2010
103187;Aditya Birla Sun Life Banking & PSU Debt Fund - Regular Plan;INF209K01BE7;INF209K01EA9;11.6382;11.5218;11.6382;23-Jun-2010

ICICI Prudential Mutual Fund
112343;ICICI Prudential Banking and PSU Debt Fund -  Daily IDCW;INF109K01WS5;INF109K01RV9;10.0610;10.0610;10.0610;23-Jun-2010
112344;ICICI Prudential Banking and PSU Debt Fund -  Weekly IDCW;INF109K01WR7;INF109K01RU1;10.0233;10.0233;10.0233;23-Jun-2010
112342;ICICI Prudential Banking and PSU Debt Fund - Growth;INF109K01RT3;;10.2434;10.2434;10.2434;23-Jun-2010

LIC Mutual Fund
105822;LIC MF Banking & PSU Fund-Regular Plan-Daily IDCW;INF767K01519;INF767K01527;10.0000;10.0000;10.0000;23-Jun-2010
105823;LIC MF Banking & PSU Fund-Regular Plan-Growth;INF767K01535;;12.5089;12.5089;12.5089;23-Jun-2010
105856;LIC MF Banking & PSU Fund-Regular Plan-Monthly IDCW;INF767K01543;INF767K01550;10.0332;10.0332;10.0332;23-Jun-2010
105857;LIC MF Banking & PSU Fund-Regular Plan-Weekly IDCW;INF767K01568;INF767K01576;10.0029;10.0029;10.0029;23-Jun-2010

Sundaram Mutual Fund
100782;Sundaram Banking & PSU Fund (Formerly Known as Sundaram Banking and PSU Debt Fund) Regular Plan - Daily Reinvestment of Income Distribution cum Capital Withdrawal (IDCW);;INF903J01IP8;10.0519;10.0519;10.0519;23-Jun-2010
100784;Sundaram Banking & PSU Fund (Formerly Known as Sundaram Banking and PSU Debt Fund) Regular Plan - Growth;INF903J01IN3;;14.7768;14.7768;14.7768;23-Jun-2010
100793;Sundaram Banking & PSU Fund (Formerly Known as Sundaram Banking and PSU Debt Fund) Regular Plan - Income Distribution cum Capital Withdrawal (IDCW);INF903J01IO1;INF903J01IR4;10.3632;10.3632;10.3632;23-Jun-2010
100783;Sundaram Banking & PSU Fund (Formerly Known as Sundaram Banking and PSU Debt Fund) Regular Plan - Weekly Reinvestment of Income Distribution cum Capital Withdrawal (IDCW);;INF903J01IQ6;10.4376;10.4376;10.4376;23-Jun-2010
100781;Sundaram Banking & PSU Fund (Formerly Known as Sundaram Banking and PSU Debt Fund) Retail Plan - Growth;INF903J01IK9;;14.2361;14.2361;14.2361;23-Jun-2010
100780;Sundaram Banking & PSU Fund (Formerly Known as Sundaram Banking and PSU Debt Fund) Retail Plan - Monthly Income Distribution cum Capital Withdrawal (IDCW);INF903J01IL7;INF903J01IM5;10.3175;10.3175;10.3175;23-Jun-2010

Open Ended Schemes ( Debt Scheme - Gilt Fund )


Aditya Birla Sun Life Mutual Fund
100061;Aditya Birla Sun Life Constant Maturity 10 Year Gilt Fund - Growth - Regular Plan;INF209K01AH2;;30.9246;30.9246;30.9246;23-Jun-2010
100060;Aditya Birla Sun Life Constant Maturity 10 Year Gilt Fund - Quarterly Dividend - Regular Plan;INF209K01AI0;INF209K01DR5;11.8782;11.8782;11.8782;23-Jun-2010
100056;Aditya Birla Sun Life Gilt Plus - Liquid Plan - Annual Dividend - Regular Plan;INF209K01991;INF209K01DM6;10.3877;10.3877;10.3877;23-Jun-2010
100055;Aditya Birla Sun Life Gilt Plus - Liquid Plan - Growth - Regular Plan;INF209K01AA7;;21.4476;21.4476;21.4476;23-Jun-2010
100054;Aditya Birla Sun Life Gilt Plus - Liquid Plan - Quarterly Dividend - Regular Plan;INF209K01AB5;;10.3258;10.3258;10.3258;23-Jun-2010
100059;Aditya Birla Sun Life Gilt Plus-PF Plan (Annual Dividend);;INF209K01DO2;18.1006;18.1006;18.1006;23-Jun-2010
100062;Aditya Birla Sun Life Gilt Plus-Regular Plan (Annual Dividend);;INF209K01DQ7;23.1550;23.1550;23.1550;23-Jun-2010
100057;Aditya Birla Sun Life Govenment Securities Fund -Regular - Quarterly IDCW;INF209K01AF6;INF209K01DP9;10.0831;10.0831;10.0831;23-Jun-2010
100058;Aditya Birla Sun Life Government Securities Fund  - Growth - Regular Plan;INF209K01AC3;INF209K01AD1;24.1580;23.9164;24.1580;23-Jun-2010

Bandhan Mutual Fund
108645;BANDHAN GSF - Investment Plan - Annual Dividend;INF194K01DU3;INF194K01DT5;11.7191;11.7191;11.7191;23-Jun-2010
111525;BANDHAN Government Securities Fund - IP - Regular Plan - Growth;INF194K01DZ2;;10.3356;10.3356;10.3356;23-Jun-2010
111527;BANDHAN Government Securities Fund - IP - Regular Plan - IDCW;INF194K01EK2;INF194K01EJ4;10.3318;10.3318;10.3318;23-Jun-2010

Baroda BNP Paribas Mutual Fund
101187;Baroda BNP Paribas GILT FUND - Regular Plan - Growth Option;INF955L01450;;13.8076;13.6695;13.8076;23-Jun-2010
101188;Baroda BNP Paribas GILT FUND - Regular Plan - IDCW Option;INF955L01435;INF955L01443;13.8081;13.6700;13.8081;23-Jun-2010

Canara Robeco Mutual Fund
100597;CANARA ROBECO GILT FUND - REGULAR PLAN - GROWTH OPTION;INF760K01AE1;;25.3448;25.3448;25.3448;23-Jun-2010
100596;CANARA ROBECO GILT FUND - REGULAR PLAN - IDCW (Payout/Reinvestment);INF760K01AB7;INF760K01AC5;10.8088;10.8088;10.8088;23-Jun-2010

DSP Mutual Fund
100084;DSP Gilt Fund - Regular Plan - Growth;INF740K01615;;32.6701;32.3434;32.6701;23-Jun-2010
100085;DSP Gilt Fund - Regular Plan - IDCW;INF740K01607;INF740K01AD5;11.9852;11.8653;11.9852;23-Jun-2010
100086;DSP Gilt Fund - Regular Plan - IDCW - Monthly;INF740K01623;INF740K01AE3;10.6279;10.5216;10.6279;23-Jun-2010

Franklin Templeton Mutual Fund
100493;Franklin India Government Securities Fund - Growth;INF090I01CU9;;22.9050;22.9050;22.9050;23-Jun-2010
100494;Franklin India Government Securities Fund - IDCW ;INF090I01CS3;INF090I01CT1;10.5020;10.5020;10.5020;23-Jun-2010
100486;Franklin India Govt.Sec. Fund-Composite Plan - Dividend;INF090I01CP9;INF090I01CQ7;10.3983;10.3463;10.3983;23-Jun-2010
100485;Franklin India Govt.Sec. Fund-Composite Plan - Growth;INF090I01CR5;;32.7439;32.5802;32.7439;23-Jun-2010
100495;Franklin India Govt.Sec. Fund-Long Term Plan - Bonus;INF090I01CO2;;10.7792;10.7792;10.7792;23-Jun-2010
100491;Franklin India Govt.Sec. Fund-PF Plan - Dividend;INF090I01CW5;INF090I01CX3;14.3820;14.3101;14.3820;23-Jun-2010
100490;Franklin India Govt.Sec. Fund-PF Plan - Growth;INF090I01CY1;;14.3820;14.3101;14.3820;23-Jun-2010
100487;Franklin India Govt.Sec. Fund-Treasury Plan(Dividend Option);INF090I01CZ8;INF090I01DA9;10.3934;10.3934;10.3934;23-Jun-2010
100489;Franklin India Govt.Sec. Fund-Treasury Plan(Growth Option);INF090I01DB7;;16.4399;16.4399;16.4399;23-Jun-2010

HDFC Mutual Fund
101083;HDFC Gilt Fund - Growth Plan;INF179K01756;;19.083;19.083;19.083;23-Jun-2010
101084;HDFC Gilt Fund - IDCW Plan;INF179K01772;INF179K01764;10.5989;10.5989;10.5989;23-Jun-2010

ICICI Prudential Mutual Fund
100369;ICICI Prudential Gilt Fund - Growth;INF109K01JR4;;31.9359;31.9359;31.9359;23-Jun-2010
100368;ICICI Prudential Gilt Fund - IDCW;INF109K01JQ6;INF109K01JP8;12.2130;12.2130;12.2130;23-Jun-2010
100370;ICICI Prudential Short Term Gilt Fund - Dividend;INF109K01JW4;INF109K01JV6;11.7697;11.7697;11.7697;23-Jun-2010
100371;ICICI Prudential Short Term Gilt Fund - Growth;INF109K01JX2;;24.6723;24.6723;24.6723;23-Jun-2010
100372;ICICI Prudential Short Term Gilt Fund - Half Yearly Dividend;INF109K01JZ7;INF109K01JY0;11.0056;11.0056;11.0056;23-Jun-2010

Invesco Mutual Fund
107476;Invesco India Gilt Fund - Annual IDCW (Payout / Reinvestment);INF205K01SJ8;INF205K01SK6;10.5774;10.5774;10.5774;23-Jun-2010
107477;Invesco India Gilt Fund - Growth;INF205K01SR1;;10.2086;10.2086;10.2086;23-Jun-2010
107471;Invesco India Gilt Fund - Monthly IDCW (Reinvestment);;INF205K01SS9;9.9134;9.9134;9.9134;23-Jun-2010
107472;Invesco India Gilt Fund - Quarterly IDCW (Payout / Reinvestment);INF205K01ST7;INF205K01SU5;10.0541;10.0541;10.0541;23-Jun-2010
107475;Religare Invesco GILT Fund - Long Duration Plan - Institutional-Growth;INF205K01AB3;;10.0265;10.0265;10.0265;23-Jun-2010

JM Financial Mutual Fund
100253;JM G-Sec Fund - Bonus Option - Principal Units;INF192K01817;;14.7745;14.7745;14.7745;23-Jun-2010
100250;JM G-Sec Fund - Growth Option;INF192K01809;;30.3809;30.3809;30.3809;23-Jun-2010
100249;JM G-Sec Fund - Quarterly Dividend Option;INF192K01783;INF192K01791;14.5218;14.5218;14.5218;23-Jun-2010

Kotak Mahindra Mutual Fund
100281;Kotak Gilt-Investment  Provident Fund and Trust-Growth;INF174K01FL9;;32.6195;32.6195;32.6195;23-Jun-2010
100280;Kotak Gilt-Investment  Provident Fund and Trust-Payout of Income Distribution cum capital withdrawal option;INF174K01FM7;;10.9862;10.9862;10.9862;23-Jun-2010
100265;Kotak Gilt-Investment Regular-Growth;INF174K01FI5;;31.9571;31.9571;31.9571;23-Jun-2010
100264;Kotak Gilt-Investment Regular-Payout of Income Distribution cum capital withdrawal option;INF174K01FK1;INF174K01FJ3;12.8681;12.8681;12.8681;23-Jun-2010
100263;Kotak Gilt-Savings-Annual Dividend;;;14.439;14.439;14.439;23-Jun-2010
100262;Kotak Gilt-Savings-Growth;;;21.5921;21.5921;21.5921;23-Jun-2010
100261;Kotak Gilt-Savings-Monthly Dividend;;;10.4229;10.4229;10.4229;23-Jun-2010

L&T Mutual Fund
112429;L&T Gilt Fund - Regular Plan - Growth;INF917K01BP1;;21.2519;21.2519;21.2519;23-Jun-2010
112428;L&T Gilt Fund - Regular Plan - Quarterly IDCW;INF917K01BN6;INF917K01BO4;10.6453;10.6453;10.6453;23-Jun-2010

LIC Mutual Fund
100319;LIC MF Gilt Fund-PF Plan-Growth;INF767K01733;;12.6457;12.5192;12.6457;23-Jun-2010
100318;LIC MF Gilt Fund-PF Plan-IDCW;INF767K01717;INF767K01725;12.0926;11.9717;12.0926;23-Jun-2010
100317;LIC MF Gilt Fund-Regular Plan-Growth;INF767K01709;;21.9297;21.7104;21.9297;23-Jun-2010
100316;LIC MF Gilt Fund-Regular Plan-IDCW;INF767K01683;INF767K01691;10.2026;10.1006;10.2026;23-Jun-2010

Nippon India Mutual Fund
109717;Nippon India Gilt  Fund - Institutional Plan-Growth Plan -Growth Option;INF204K01BX8;;11.9080;11.9080;11.9080;23-Jun-2010
109723;NIPPON INDIA GILT  FUND - MONTHLY IDCW Option;INF204K01BV2;INF204K01BW0;9.9977;9.9177;9.9977;23-Jun-2010
109720;Nippon India Gilt  Fund -Growth Plan - Growth Option;INF204K01BU4;;11.8958;11.8006;11.8958;23-Jun-2010
109716;Nippon India Gilt  Fund -P F Option-Automatic Annual Reinvest Option;INF204K01CA4;;9.9717;9.8919;9.9717;23-Jun-2010
109721;Nippon India Gilt  Fund -P F Option-Defined Maturity Date Option;INF204K01CB2;;11.8958;11.8006;11.8958;23-Jun-2010
109718;Nippon India Gilt  Fund-Institutional Plan-P F Option-Automatic Capital Appreciation Payout Option;INF204K01CD8;;11.9080;11.9080;11.9080;23-Jun-2010
109724;Nippon India Gilt  Fund-P F Option-Automatic Capital Appreciation Payout Option;INF204K01CC0;;11.8958;11.8006;11.8958;23-Jun-2010

SBI Mutual Fund
102061;SBI MAGNUM GILT FUND -  GROWTH - PF (Fixed Period - 1 Yr) Option;INF200K01AB4;;11.9731;11.9132;11.9731;23-Jun-2010
101933;SBI MAGNUM GILT FUND -  GROWTH - PF (Fixed Period - 2 Yrs) Option;INF200K01AE8;;11.8419;11.7590;11.8419;23-Jun-2010
101934;SBI MAGNUM GILT FUND -  GROWTH - PF (Fixed Period - 3 Yrs) Option;INF200K01AH1;;11.6578;11.5529;11.6578;23-Jun-2010
101932;SBI MAGNUM GILT FUND -  GROWTH - PF (Regular) Option;INF200K01AK5;;12.2215;12.2215;12.2215;23-Jun-2010
101950;SBI Magnum Gilt Fund - Income Distribution cum Capital Withdrawal Option (IDCW) - PF (Fixed Period - 1 Yr);INF200K01AC2;INF200K01AD0;10.0171;9.9670;10.0171;23-Jun-2010
101951;SBI Magnum Gilt Fund - Income Distribution cum Capital Withdrawal Option (IDCW) - PF (Fixed Period - 2 Yrs);INF200K01AF5;INF200K01AG3;10.1154;10.0446;10.1154;23-Jun-2010
101952;SBI Magnum Gilt Fund - Income Distribution cum Capital Withdrawal Option (IDCW) - PF (Fixed Period - 3 Yrs);INF200K01AI9;INF200K01AJ7;9.9717;9.8820;9.9717;23-Jun-2010
101935;SBI Magnum Gilt Fund - Income Distribution cum Capital Withdrawal Option (IDCW) - PF (Regular);INF200K01AL3;INF200K01AM1;10.1718;10.1718;10.1718;23-Jun-2010
101001;SBI MAGNUM GILT FUND - REGULAR PLAN - GROWTH;INF200K01982;;19.0716;19.0716;19.0716;23-Jun-2010
100999;SBI Magnum Gilt Fund - Regular Plan - Income Distribution cum Capital Withdrawal Option (IDCW);INF200K01990;INF200K01AA6;10.1040;10.1040;10.1040;23-Jun-2010

Sundaram Mutual Fund
101092;SUNDARAM GILT FUND (Growth. OPTION);INF903J01FA6;;15.1264;15.1264;0.0000;23-Jun-2010
101059;SUNDARAM GILT FUND (DIV. OPTION);INF903J01FB4;INF903J01FC2;11.5453;11.5453;0.0000;23-Jun-2010

Tata Mutual Fund
101902;Tata Gilt High Fund - Dividend Opt;INF277K01DO9;INF277K01543;12.3062;12.1831;12.3062;23-Jun-2010
102016;Tata Gilt High Fund - Growth;INF277K01550;;16.8417;16.6733;16.8417;23-Jun-2010
102046;Tata Gilt Retirement Plan (28/2/25) - Payout of IDCW Option;;;12.4254;12.3633;12.4254;23-Jun-2010
101945;Tata Gilt Retirement Plan- 28/2/25 Growth Option;;;12.4546;12.3923;12.4546;23-Jun-2010
101049;Tata Gilt Securities Fund - Regular Plan - Payout of IDCW Option;INF277K01DN1;INF277K01535;11.9057;11.9057;11.9057;23-Jun-2010
101042;Tata Gilt Securities Fund -Regular Plan- Growth Option;INF277K01519;;27.4799;27.4799;27.4799;23-Jun-2010
102263;Tata Gilt Securities Fund RIP ( Bonus);INF277K01527;;13.7800;13.7800;13.7800;23-Jun-2010

UTI Mutual Fund
102513;UTI - GILT ADVANTAGE-LONG TERM PF-( PRESCRIBED APPRECIATION AUTO REDEMPTION;INF789F01PP4;INF789F01PQ2;14.4398;14.4398;14.4398;23-Jun-2010
102512;UTI - GILT FUND - Discontinued PF Plan - Growth Option;INF789F01PT6;;14.4196;14.4196;14.4196;23-Jun-2010
102514;UTI - GILT FUND - Discontinued PF Plan Prescribed Date Auto Redemption Option;INF789F01PU4;;14.4276;14.4276;14.4276;23-Jun-2010
102510;UTI - GILT FUND - Regular Plan - Growth Option;INF789F01661;;19.3931;19.3931;19.3931;23-Jun-2010
102511;UTI - GILT FUND -Discontinued PF Plan -Dividend Option;INF789F01PR0;INF789F01PS8;11.8186;11.8186;11.8186;23-Jun-2010
102509;UTI Gilt Fund - Regular Plan - IDCW;INF789F01646;INF789F01653;12.0294;12.0294;12.0294;23-Jun-2010

Open Ended Schemes ( Debt Scheme - Gilt Fund with 10 year constant duration )


Bandhan Mutual Fund
108646;BANDHAN Government Securities Fund - Constant Maturity Plan - Regular Plan - Quarterly IDCW;INF194K01FF9;INF194K01FE2;10.1169;10.1169;10.1169;23-Jun-2010
108753;BANDHAN Government Securities Fund - Constant Maturity Plan - Regular Plan - Growth;INF194K01FA0;;13.8735;13.8735;13.8735;23-Jun-2010
108644;BANDHAN Government Securities Fund - Constant Maturity Plan - Regular Plan - Monthly IDCW;INF194K01FC6;INF194K01FB8;10.0525;10.0525;10.0525;23-Jun-2010

SBI Mutual Fund
101002;SBI MAGNUM CONSTANT MATURITY FUND - REGULAR PLAN - GROWTH;INF200K01AN9;;18.7405;18.7405;18.7405;23-Jun-2010
101003;SBI Magnum Constant Maturity Fund - Regular Plan - Income Distribution cum Capital Withdrawal Option (IDCW);INF200K01AO7;INF200K01AP4;10.8881;10.8881;10.8881;23-Jun-2010

Open Ended Schemes ( Debt Scheme - Floater Fund )


Franklin Templeton Mutual Fund
101048;Franklin India Floating Rate Fund - Growth Plan;INF090I01LM7;;16.0113;16.0113;16.0113;23-Jun-2010
101044;Franklin India Floating Rate Fund - IDCW ;INF090I01LN5;;10.0000;10.0000;10.0000;23-Jun-2010

HDFC Mutual Fund
106838;HDFC Floating Rate Debt Fund - Daily IDCW Option;;INF179K01699;10.0809;10.0809;10.0809;23-Jun-2010
106841;HDFC Floating Rate Debt Fund - Growth Option;INF179K01707;;15.8679;15.8679;15.8679;23-Jun-2010
106839;HDFC Floating Rate Debt Fund - Monthly IDCW Option;INF179K01715;INF179K01723;10.1771;10.1771;10.1771;23-Jun-2010
106840;HDFC Floating Rate Debt Fund - Weekly IDCW Option;INF179K01731;INF179K01749;10.1383;10.1383;10.1383;23-Jun-2010
101483;HDFC Floating Rate Debt Fund - Retail Daily Div Option;;INF179K01640;10.0809;10.0809;10.0809;23-Jun-2010
101481;HDFC Floating Rate Debt Fund - Retail Growth Option;INF179K01632;;15.7383;15.7383;15.7383;23-Jun-2010
101484;HDFC Floating Rate Debt Fund - Retail Monthly Div option;INF179K01657;INF179K01665;10.1746;10.1746;10.1746;23-Jun-2010
101482;HDFC Floating Rate Debt Fund - Retail Weekly Div Option;INF179K01681;INF179K01673;10.1381;10.1381;10.1381;23-Jun-2010

ICICI Prudential Mutual Fund
101804;ICICI Prudential Floating Interest Fund - Daily IDCW;INF109K01AW3;;100.0210;100.0210;100.0210;23-Jun-2010
101803;ICICI Prudential Floating Interest Fund - Fortnightly IDCW;INF109K01AZ6;;100.2256;100.2256;100.2256;23-Jun-2010
101802;ICICI Prudential Floating Interest Fund - Growth;INF109K01AX1;;137.8557;137.8557;137.8557;23-Jun-2010
111545;ICICI Prudential Floating Interest Fund - Weekly IDCW;INF109K01EN4;INF109K01AY9;100.0943;100.0943;100.0943;23-Jun-2010
101800;ICICI Prudential Floating Interest Fund Plan A - Dividend Daily;INF109K01928;;100.0400;100.0400;100.0400;23-Jun-2010
101796;ICICI Prudential Floating Interest Fund Plan A - Fortnightly Dividend;INF109K01910;;100.7203;100.2167;100.7203;23-Jun-2010
101795;ICICI Prudential Floating Interest Fund Plan A - Growth;INF109K01936;;143.0870;142.3716;143.0870;23-Jun-2010
111544;ICICI Prudential Floating Interest Fund Plan A - Weekly Dividend Option;INF109K01EK0;INF109K01944;100.0866;100.0866;100.0866;23-Jun-2010
101799;ICICI Prudential Floating Interest Fund Plan B - Dividend Daily;INF109K01951;;100.0400;100.0400;100.0400;23-Jun-2010
101794;ICICI Prudential Floating Interest Fund Plan B - Fortnightly Dividend;INF109K01969;;101.0982;101.0982;101.0982;23-Jun-2010
101793;ICICI Prudential Floating Interest Fund Plan B - Growth;INF109K01977;;154.5768;154.5768;154.5768;23-Jun-2010
111543;ICICI Prudential Floating Interest Fund Plan B - Weekly Dividend Option;INF109K01EL8;INF109K01985;100.0878;100.0878;100.0878;23-Jun-2010
101801;ICICI Prudential Floating Interest Fund Plan C - Dividend Daily;INF109K01AA9;;100.0400;100.0400;100.0400;23-Jun-2010
101798;ICICI Prudential Floating Interest Fund Plan C - Fortnightly Dividend;INF109K01993;;100.7236;100.7236;100.7236;23-Jun-2010
101797;ICICI Prudential Savings Fund Plan C - Growth;INF109K01AB7;;145.7693;145.7693;145.7693;23-Jun-2010
111546;ICICI Prudential Savings Fund Plan C - Weekly Dividend Option;INF109K01EM6;INF109K01AC5;100.0889;100.0889;100.0889;23-Jun-2010

Nippon India Mutual Fund
102676;NIPPON INDIA FLOATER FUND - DAILY IDCW REINVESTMENT Option;;INF204K01CI7;10.0700;10.0448;10.0700;23-Jun-2010
102673;Nippon India Floater Fund - Growth Plan-Growth Option;INF204K01CG1;;14.6663;14.6296;14.6663;23-Jun-2010
102675;NIPPON INDIA FLOATER FUND - MONTHLY IDCW Option;INF204K01CH9;INF204K01CK3;10.1107;10.0854;10.1107;23-Jun-2010
102677;NIPPON INDIA FLOATER FUND - WEEKLY IDCW Option;INF204K01OQ5;INF204K01CJ5;10.0830;10.0578;10.0830;23-Jun-2010

Open Ended Schemes ( Hybrid Scheme - Conservative Hybrid Fund )


Aditya Birla Sun Life Mutual Fund
101818;Aditya Birla Sun Life Regular Savings Fund - Growth / Payment - Regular Plan;INF209K01751;INF209K01777;17.1056;16.9345;17.1056;23-Jun-2010
101816;Aditya Birla Sun Life Regular Savings Fund - REGULAR - MONTHLY IDCW;INF209K01769;INF209K01DF0;11.3895;11.2756;11.3895;23-Jun-2010
101817;Birla Sun Life Regular Savings Fund - Regular Plan - Monthly Payment;;;17.1056;16.9345;17.1056;23-Jun-2010

Bandhan Mutual Fund
112353;BANDHAN Conservative Hybrid Fund - Regular Plan - Growth;INF194K01RW9;;10.3300;10.3300;10.3300;23-Jun-2010
112352;BANDHAN Conservative Hybrid Fund - Regular Plan - IDCW;INF194K01RY5;INF194K01RX7;10.2889;10.2889;10.2889;23-Jun-2010

Baroda BNP Paribas Mutual Fund
102661;BARODA CONSERVATIVE HYBRID FUND - Plan A - Growth Option;INF955L01161;;12.6746;12.5479;12.6746;23-Jun-2010
102662;BARODA CONSERVATIVE HYBRID FUND - Plan A - Monthly IDCW Option;INF955L01179;INF955L01187;12.4785;12.3537;12.4785;23-Jun-2010
102663;BARODA CONSERVATIVE HYBRID FUND - Plan A - Quarterly IDCW Option;INF955L01195;INF955L01203;12.6753;12.5485;12.6753;23-Jun-2010

Canara Robeco Mutual Fund
100601;CANARA ROBECO CONSERVATIVE HYBRID FUND - REGULAR PLAN - GROWTH OPTION;INF760K01282;;28.1000;28.1000;28.1000;23-Jun-2010
100600;CANARA ROBECO CONSERVATIVE HYBRID FUND - REGULAR PLAN - MONTHLY IDCW (Payout/Reinvestment);INF760K01308;INF760K01316;14.3900;14.3900;14.3900;23-Jun-2010
112378;CANARA ROBECO CONSERVATIVE HYBRID FUND - REGULAR PLAN - QUARTERLY IDCW (Payout/Reinvestment);INF760K01AP7;INF760K01AQ5;14.7800;14.7800;14.7800;23-Jun-2010

DSP Mutual Fund
102450;DSP Regular Savings Fund - Regular Plan - IDCW - Monthly;INF740K01458;INF740K01466;11.1543;11.0428;11.1543;23-Jun-2010
102451;DSP Regular Savings Fund - Regular Plan - IDCW - Quarterly ;INF740K01474;INF740K01482;11.6757;11.5589;11.6757;23-Jun-2010
102448;DSP Regular Savings Fund- Regular Plan - Growth;INF740K01441;;18.4918;18.3069;18.4918;23-Jun-2010
102445;DSP BlackRock Savings Manager Fund - Conservative - Growth;;;14.0902;13.9493;14.0902;23-Jun-2010
102446;DSP BlackRock Savings Manager Fund - Conservative - Monthly Dividend;;;10.5341;10.4288;10.5341;23-Jun-2010
102447;DSP BlackRock Savings Manager Fund - Conservative - Quarterly Dividend;;;10.8842;10.7754;10.8842;23-Jun-2010

Franklin Templeton Mutual Fund
100948;Franklin India Conservative Hybrid Fund - Growth;INF090I01EA7;;26.9897;26.7198;26.9897;23-Jun-2010
100951;Franklin India Conservative Hybrid Fund - Monthly Bonus;INF090I01EF6;;12.1184;11.9972;12.1184;23-Jun-2010
100949;Franklin India Conservative Hybrid Fund - Plan A - Monthly - IDCW;INF090I01EB5;INF090I01EC3;11.5207;11.4055;11.5207;23-Jun-2010
100950;Franklin India Conservative Hybrid Fund - Plan A - Quarterly - IDCW;INF090I01ED1;INF090I01EE9;11.7617;11.6441;11.7617;23-Jun-2010

HDFC Mutual Fund
102147;HDFC Hybrid Debt Fund - Growth Plan;INF179K01AE4;;21.6805;21.4637;21.6805;23-Jun-2010
102148;HDFC Hybrid Debt Fund - IDCW Monthly;INF179K01AA2;INF179K01AB0;12.8439;12.7155;12.8439;23-Jun-2010
102149;HDFC Hybrid Debt Fund - IDCW Quarterly;INF179K01AC8;INF179K01AD6;13.278;13.1452;13.278;23-Jun-2010
102144;HDFC MF Monthly Income Plan-Short Term Plan-Growth Option;INF179K01AF1;;16.5389;16.3735;16.5389;23-Jun-2010
102145;HDFC MF Monthly Income Plan-Short Term Plan-Monthly Dividend Option;INF179K01AG9;INF179K01AH7;11.3241;11.2109;11.3241;23-Jun-2010
102146;HDFC MF Monthly Income Plan-Short Term Plan-Quarterly Dividend Option;INF179K01AI5;INF179K01AJ3;11.6829;11.5661;11.6829;23-Jun-2010

HSBC Mutual Fund
102262;HSBC Conservative Hybrid Fund - Regular Growth;INF336L01099;;18.6339;18.4476;18.6339;23-Jun-2010
102260;HSBC Conservative Hybrid Fund - Regular Monthly IDCW;INF336L01107;INF336L01115;12.0260;11.9057;12.0260;23-Jun-2010
102261;HSBC Conservative Hybrid Fund - Regular Quarterly IDCW;INF336L01123;INF336L01131;12.0208;11.9006;12.0208;23-Jun-2010

ICICI Prudential Mutual Fund
102330;ICICI Prudential Regular Savings Fund - Plan - Growth;INF109K01902;;18.6260;18.4397;18.6260;23-Jun-2010
102331;ICICI Prudential Regular Savings Fund - Plan - Monthly IDCW;INF109K01ER5;INF109K01894;12.2098;12.0877;12.2098;23-Jun-2010

Invesco Mutual Fund
112887;Invesco India Regular Savings Fund - Growth;INF205K01UA3;;10.1377;10.0363;10.1377;23-Jun-2010
112888;Invesco India Regular Savings Fund - Monthly Dividend;INF205K01UB1;INF205K01UC9;10.1377;10.0363;10.1377;23-Jun-2010

L&T Mutual Fund
112487;L&T Conservative Hybrid Fund- Regular Plan - Growth;INF917K01056;;18.9973;18.9973;18.9973;23-Jun-2010
112488;L&T Conservative Hybrid Fund -Regular Plan - Monthly IDCW;INF917K01031;INF917K01049;11.5415;11.5415;11.5415;23-Jun-2010
112489;L&T Conservative Hybrid Fund -Regular Plan -Quarterly IDCW;INF917K01064;INF917K01072;11.7517;11.7517;11.7517;23-Jun-2010

LIC Mutual Fund
101869;LIC MF Conservative Hybrid Fund-Regular Plan-Growth;INF767K01808;;31.9471;31.6276;31.9471;23-Jun-2010
101866;LIC MF Conservative Hybrid Fund-Regular Plan-Monthly IDCW;INF767K01816;INF767K01824;10.0697;9.9690;10.0697;23-Jun-2010
101867;LIC MF Conservative Hybrid Fund-Regular Plan-Quarterly IDCW;INF767K01832;INF767K01840;10.1291;10.0278;10.1291;23-Jun-2010
101868;LIC MF Conservative Hybrid Fund-Regular Plan-Yearly IDCW;INF767K01857;INF767K01865;10.3022;10.1992;10.3022;23-Jun-2010

Nippon India Mutual Fund
102173;NIPPON INDIA CONSERVATIVE HYBRID  FUND - MONTHLY IDCW Option;INF204K01FE9;INF204K01FF6;10.9873;10.9049;10.9873;23-Jun-2010
102174;NIPPON INDIA CONSERVATIVE HYBRID  FUND - QUARTERLY IDCW Option;INF204K01FG4;INF204K01FH2;11.4423;11.3565;11.4423;23-Jun-2010
102172;Nippon India Conservative Hybrid  Fund-Growth Plan;INF204K01FD1;;20.6831;20.5280;20.6831;23-Jun-2010

SBI Mutual Fund
100929;SBI Conservative Hybrid Fund - Regular Plan - Annual Income Distribution cum Capital Withdrawal Option (IDCW);INF200K01909;INF200K01917;11.1668;11.0551;11.1668;23-Jun-2010
100968;SBI Conservative Hybrid Fund - Regular Plan - Growth;INF200K01859;;19.4708;19.2761;19.4708;23-Jun-2010
100927;SBI Conservative Hybrid Fund - Regular Plan - Monthly Income Distribution cum Capital Withdrawal Option (IDCW);INF200K01867;INF200K01875;10.6434;10.5370;10.6434;23-Jun-2010
100928;SBI Conservative Hybrid Fund - Regular Plan - Quarterly Income Distribution cum Capital Withdrawal Option (IDCW);INF200K01883;INF200K01891;10.4837;10.3789;10.4837;23-Jun-2010

Sundaram Mutual Fund
102175;Sundaram  Monthly Income Plan-Monthly Dividend;INF903J01HQ8;INF903J01HT2;10.8884;10.8884;10.8884;23-Jun-2010
102176;Sundaram  Monthly Income Plan-Quarterly-Dividend;INF903J01HR6;INF903J01HU0;11.0562;11.0562;11.0562;23-Jun-2010
102178;Sundaram Monthly Income Plan-Growth;INF903J01HP0;;15.1364;15.1364;15.1364;23-Jun-2010
102177;Sundaram Monthly Income Plan-Half-yearly Dividend;INF903J01HS4;INF903J01HV8;10.9658;10.9658;10.9658;23-Jun-2010
112868;Sundaram Conservative Hybrid Fund (Formerly Known as Sundaram Debt Oriented Hybrid Fund) Regular Plan - Growth;INF903J01HB0;;10.1406;10.1406;10.1406;23-Jun-2010
112867;Sundaram Conservative Hybrid Fund (Formerly Known as Sundaram Debt Oriented Hybrid Fund) Regular Plan - Income Distribution cum Capital Withdrawal (IDCW);INF903J01HC8;INF903J01HF1;10.1424;10.1424;10.1424;23-Jun-2010
112870;Sundaram Conservative Hybrid Fund (Formerly Known as Sundaram Debt Oriented Hybrid Fund) Regular Plan -Income Distribution cum Capital Withdrawal (IDCW);INF903J01HD6;INF903J01HG9;10.1433;10.1433;10.1433;23-Jun-2010
112869;Sundaram Conservative Hybrid Fund (Formerly Known as Sundaram Debt Oriented Hybrid Fund) Regular Plan- Income Distribution cum Capital Withdrawal (IDCW);INF903J01HE4;INF903J01HH7;10.1438;10.1438;10.1438;23-Jun-2010
112873;Sundaram Regular Savings Fund - DIVIDEND;INF903J01HJ3;INF903J01HM7;10.1271;10.1271;10.1271;23-Jun-2010
112874;Sundaram Regular Savings Fund - GROWTH;INF903J01HI5;;10.1268;10.1268;10.1268;23-Jun-2010
112871;Sundaram Regular Savings Fund - Half-yearly Dividend;INF903J01HL9;INF903J01HO3;10.1274;10.1274;10.1274;23-Jun-2010
112872;Sundaram Regular Savings Fund - Quarterly Dividend;INF903J01HK1;INF903J01HN5;10.1263;10.1263;10.1263;23-Jun-2010

UTI Mutual Fund
102533;UTI Conservative Hybrd Fund - Regular Plan - Monthly Payment Option;INF789F01927;;19.39;19.39;19.39;23-Jun-2010
102534;UTI Conservative Hybrid Fund - Regular Plan - Flexi IDCW;INF789F01877;INF789F01885;19.3816;19.3816;19.3816;23-Jun-2010
102535;UTI Conservative Hybrid Fund - Regular Plan - Growth Option;INF789F01893;;19.3804;19.3804;19.3804;23-Jun-2010
102536;UTI Conservative Hybrid Fund - Regular Plan - Monthly IDCW;INF789F01901;INF789F01919;13.1959;13.1959;13.1959;23-Jun-2010

Open Ended Schemes ( Hybrid Scheme - Balanced Hybrid Fund )


Nippon India Mutual Fund
102848;NIPPON INDIA BALANCED ADVANTAGE FUND - IDCW Option;INF204K01570;INF204K01588;22.0368;21.8164;22.0368;23-Jun-2010
102847;Nippon India Balanced Advantage Fund-Growth Plan-Bonus Option;INF204K01596;;37.0380;36.6676;37.0380;23-Jun-2010
102846;Nippon India Balanced Advantage Fund-Growth Plan-Growth Option;INF204K01604;;37.0380;36.6676;37.0380;23-Jun-2010

Sundaram Mutual Fund
111924;Sundaram Equity Hybrid Fund Institutional Plan - Income Distribution cum Capital Withdrawal (IDCW);INF903J01751;INF903J01769;0.0000;0.0000;0.0000;23-Jun-2010
100617;Sundaram Equity Hybrid Fund Regular Plan - Growth;INF903J01744;;45.1222;44.6710;44.6710;23-Jun-2010
101472;Sundaram Equity Hybrid Fund Regular Plan - Income Distribution cum Capital Withdrawal (IDCW);INF903J01728;INF903J01736;15.7142;15.5571;15.5571;23-Jun-2010

Open Ended Schemes ( Hybrid Scheme - Aggressive Hybrid Fund )


Aditya Birla Sun Life Mutual Fund
103155;Aditya Birla Sun Life Equity Hybrid'95 Fund - Regular Plan-Growth;INF209K01BT5;;287.65;284.77;287.65;23-Jun-2010
103154;Aditya Birla Sun Life Equity Hybrid'95 Fund -Regular - IDCW;INF209K01BS7;INF209K01EE1;110.96;109.85;110.96;23-Jun-2010

Baroda BNP Paribas Mutual Fund
101912;BARODA  HYBRID EQUITY FUND - Plan A - Growth Option;INF955L01708;;26.58;26.31;26.58;23-Jun-2010
101913;BARODA HYBRID EQUITY FUND - Plan A - IDCW Option;INF955L01682;INF955L01690;26.84;26.57;26.84;23-Jun-2010

Canara Robeco Mutual Fund
106166;CANARA ROBECO EQUITY HYBRID FUND - REGULAR PLAN - GROWTH OPTION;INF760K01050;;57.1700;57.1700;57.1700;23-Jun-2010
106167;CANARA ROBECO EQUITY HYBRID FUND - REGULAR PLAN - MONTHLY IDCW (Payout/Reinvestment);INF760K01068;INF760K01076;49.6100;49.6100;49.6100;23-Jun-2010

DSP Mutual Fund
100081;DSP Aggressive Hybrid Fund- Regular Plan - Growth;INF740K01318;;62.174;61.552;62.174;23-Jun-2010
100082;DSP Aggressive Hybrid Fund- Regular Plan - IDCW;INF740K01326;INF740K01334;22.393;22.169;22.393;23-Jun-2010

Edelweiss Mutual Fund
112013;Edelweiss Aggressive Hybrid Fund  - Plan B - IDCW Option;INF754K01137;INF754K01145;11.98;11.86;11.98;23-Jun-2010
112108;Edelweiss Aggressive Hybrid Fund - Regular Plan - Growth Option;INF754K01202;;12.07;11.95;12.07;23-Jun-2010
112109;Edelweiss Aggressive Hybrid Fund - Regular Plan - IDCW Option;INF754K01178;INF754K01186;11.00;10.89;11.00;23-Jun-2010
112012;Edelweiss Aggressive Hybrid Fund- Plan B-Growth Option;INF754K01160;;11.98;11.86;11.98;23-Jun-2010
112111;Edelweiss Multi-Asset Allocation Fund-Plan C- Dividend Option;INF754K01210;INF754K01228;10.67;10.56;10.67;23-Jun-2010

Franklin Templeton Mutual Fund
100550;Franklin India Aggressive Hybrid Fund - Growth Plan;INF090I01817;;46.3096;45.8465;46.3096;23-Jun-2010
100549;Franklin India Aggressive Hybrid Fund - IDCW;INF090I01825;INF090I01833;19.8724;19.6737;19.8724;23-Jun-2010

HDFC Mutual Fund
102948;HDFC Hybrid Equity Fund - Growth Plan;INF179K01AS4;;27.113;26.842;27.113;23-Jun-2010
102947;HDFC Hybrid Equity Fund - IDCW Plan;INF179K01AQ8;INF179K01AR6;15.375;15.221;15.375;23-Jun-2010

ICICI Prudential Mutual Fund
100356;ICICI Prudential Equity & Debt Fund - Growth;INF109K01480;;42.36;41.94;42.36;23-Jun-2010
100355;ICICI Prudential Equity & Debt Fund - Monthly IDCW;INF109K01DX5;INF109K01498;15.66;15.50;15.66;23-Jun-2010

JM Financial Mutual Fund
100220;JM Aggressive Hybrid Fund (Regular) - IDCW;INF192K01528;INF192K01536;16.2964;16.2964;16.2964;23-Jun-2010
100221;JM Aggressive Hybrid Fund (Regular) -Growth Option;INF192K01544;;22.8493;22.8493;22.8493;23-Jun-2010

Kotak Mahindra Mutual Fund
100286;Kotak Aggressive Hybrid Fund - Regular Plan - IDCW - Payout & Reinvestment of Income Distribution cum capital withdrawal option;INF174K01450;INF174K01443;22.421;22.197;22.421;23-Jun-2010

LIC Mutual Fund
100323;LIC MF Aggressive Hybrid Fund-Regular Plan-Growth;INF767K01030;;52.6886;52.1617;52.6886;23-Jun-2010
100321;LIC MF Aggressive Hybrid Fund-Regular Plan-IDCW;INF767K01022;INF767K01014;11.1364;11.0250;11.1364;23-Jun-2010

Nippon India Mutual Fund
112936;Nippon India Aggressive Hybrid Fund - Growth Plan;INF204K01FW1;;21.0548;20.8443;21.0548;23-Jun-2010
112937;NIPPON INDIA AGGRESSIVE HYBRID FUND - IDCW Option;INF204K01FX9;INF204K01FY7;14.7599;14.6123;14.7599;23-Jun-2010

Principal Mutual Fund
101266;Principal Hybrid Equity Fund- Monthly Income Distribution CUM Capital Withdrawal;INF173K01CI4;INF173K01CJ2;15.27;15.12;15.27;23-Jun-2010
101265;Principal Hybrid Equity Fund-Growth;INF173K01CL8;;30.25;29.95;30.25;23-Jun-2010

quant Mutual Fund
101070;quant Aggressive Hybrid Fund - Growth Option - Regular Plan;INF966L01267;;60.5483;59.9428;60.5483;23-Jun-2010
101069;quant Aggressive Hybrid Fund-IDCW Option - Regular Plan;INF966L01242;INF966L01259;11.5723;11.4566;11.5723;23-Jun-2010

SBI Mutual Fund
101551;SBI Equity Hybrid Fund - Regular Plan - Income Distribution cum Capital Withdrawal Option (IDCW);INF200K01115;INF200K01123;26.36;26.10;26.36;23-Jun-2010
102885;SBI EQUITY HYBRID FUND - REGULAR PLAN -Growth;INF200K01107;;49.12;48.63;49.12;23-Jun-2010

Tata Mutual Fund
100414;Tata Hybrid Equity Fund- Regular Plan - Growth Option;INF277K01303;;78.3814;77.5976;78.3814;23-Jun-2010
101222;Tata Hybrid Equity Fund- Regular Plan - Periodic Payout of IDCW Option;INF277K01DB6;INF277K01295;49.4388;48.9444;49.4388;23-Jun-2010

UTI Mutual Fund
100684;UTI Aggressive Hybrid Fund - Regular Plan - Growth;INF789F01323;;76.52;76.52;76.52;23-Jun-2010
100685;UTI Aggressive Hybrid Fund - Regular Plan - IDCW;INF789F01307;INF789F01315;23.05;23.05;23.05;23-Jun-2010

Open Ended Schemes ( Hybrid Scheme - Dynamic Asset Allocation or Balanced Advantage )


Edelweiss Mutual Fund
112117;Edelweiss Balanced Advantage Fund - Regular Plan - Growth Option;INF754K01285;;10.81;10.70;10.81;23-Jun-2010
112118;Edelweiss Balanced Advantage Fund - Regular Plan - Quarterly - IDCW Option;INF754K01251;INF754K01269;10.81;10.70;10.81;23-Jun-2010

HDFC Mutual Fund
100119;HDFC Balanced Advantage Fund - Growth Plan;INF179K01830;;80.006;79.206;80.006;23-Jun-2010
100120;HDFC Balanced Advantage Fund - IDCW Plan;INF179K01814;INF179K01822;31.33;31.017;31.33;23-Jun-2010

HSBC Mutual Fund
106671;HSBC Dynamic Asset Allocation Fund - Dividend;INF336L01404;INF336L01396;9.6269;9.5306;9.6269;23-Jun-2010
106670;HSBC Dynamic Asset Allocation Fund - Growth;INF336L01412;;9.6269;9.5306;9.6269;23-Jun-2010

ICICI Prudential Mutual Fund
104685;ICICI Prudential Balanced Advantage Fund - Growth;INF109K01BH2;;12.90;12.77;12.90;23-Jun-2010
104686;ICICI Prudential Balanced Advantage Fund - IDCW;INF109K01EG8;INF109K01BG4;12.23;12.11;12.23;23-Jun-2010

Invesco Mutual Fund
106317;Invesco India Balanced Advantage Fund - Growth;INF205K01213;;12.15;12.03;12.15;23-Jun-2010
106316;Invesco India Balanced Advantage Fund - IDCW (Payout / Reinvestment);INF205K01239;INF205K01221;12.15;12.03;12.15;23-Jun-2010

UTI Mutual Fund
100646;UTI - Unit Linked Insurance Plan;;;17.8514;17.8514;17.8514;23-Jun-2010

Open Ended Schemes ( Hybrid Scheme - Multi Asset Allocation )


HDFC Mutual Fund
103131;HDFC Multi-Asset Fund - Growth Option;INF179K01AP0;;15.6277;15.4714;15.6277;23-Jun-2010
103130;HDFC Multi-Asset Fund - IDCW Option;INF179K01AN5;INF179K01AO3;11.1242;11.013;11.1242;23-Jun-2010

ICICI Prudential Mutual Fund
101144;ICICI Prudential Multi-Asset Fund - Growth;INF109K01761;;99.7516;98.7541;99.7516;23-Jun-2010
101143;ICICI Prudential Multi-Asset Fund - IDCW;INF109K01ED5;INF109K01779;18.8002;18.6122;18.8002;23-Jun-2010
104898;ICICI Prudential Multi-Asset Fund-Institutional Option - I;INF109K01787;;15.5564;15.4008;15.5564;23-Jun-2010

quant Mutual Fund
101071;quant Multi Asset Allocation Fund - IDCW Option - Regular Plan;INF966L01184;INF966L01192;19.0354;18.9402;19.0354;23-Jun-2010
101072;quant Multi Asset Allocation Fund-GROWTH OPTION - Regular Plan;INF966L01200;;20.8548;20.7505;20.8548;23-Jun-2010

SBI Mutual Fund
103409;SBI Multi Asset Allocation Fund - Regular Plan - Annual Income Distribution cum Capital Withdrawal Option (IDCW);INF200K01784;INF200K01792;11.1615;11.0499;11.1615;23-Jun-2010
103408;SBI MULTI ASSET ALLOCATION FUND - REGULAR PLAN - GROWTH;INF200K01800;;12.5140;12.3889;12.5140;23-Jun-2010
103400;SBI Multi Asset Allocation Fund - Regular Plan - Monthly Income Distribution cum Capital Withdrawal Option (IDCW);INF200K01818;INF200K01826;10.4051;10.3010;10.4051;23-Jun-2010
103401;SBI Multi Asset Allocation Fund - Regular Plan - Quarterly Income Distribution cum Capital Withdrawal Option (IDCW);INF200K01834;INF200K01842;10.4613;10.3567;10.4613;23-Jun-2010

UTI Mutual Fund
111599;UTI Multi Asset Allocation Fund - Regular Plan - Growth Option;INF789F01AP6;;17.44;17.44;17.44;23-Jun-2010
111602;UTI Multi Asset Allocation Fund - Regular Plan - IDCW;INF789F01AN1;INF789F01AO9;14.03;14.03;14.03;23-Jun-2010

Open Ended Schemes ( Hybrid Scheme - Arbitrage Fund )


Aditya Birla Sun Life Mutual Fund
112085;Aditya BIRLA SUN LIFE ARBITRAGE FUND - INSTITUTIONAL PLAN - DIVIDEND;;INF209K01LH9;10.1018;10.0260;10.1018;23-Jun-2010
112088;Aditya BIRLA SUN LIFE ARBITRAGE FUND - REGULAR PLAN - GROWTH;INF209K01264;;10.3166;10.2392;10.3166;23-Jun-2010
112087;Aditya Birla Sun Life Arbitrage Fund-Regular - IDCW;INF209K01256;INF209K01CI6;10.0748;9.9992;10.0748;23-Jun-2010

Bandhan Mutual Fund
108844;BANDHAN Arbitrage Fund - Plan B - Dividend;INF194K01623;INF194K01631;10.5785;10.5785;10.5785;23-Jun-2010
108846;BANDHAN Arbitrage Fund - Plan B - Growth;INF194K01615;;12.5413;12.5413;12.5413;23-Jun-2010
108845;BANDHAN Arbitrage Fund - Regular Plan - Growth;INF194K01649;;12.3230;12.3230;12.3230;23-Jun-2010
108847;BANDHAN Arbitrage Fund - Regular Plan - Monthly IDCW;INF194K01656;INF194K01664;10.4288;10.4288;10.4288;23-Jun-2010

HDFC Mutual Fund
106796;HDFC ARBITRAGE FUND - Retail Growth Option;INF179K01319;;11.72;11.603;11.72;23-Jun-2010
106799;HDFC ARBITRAGE FUND - Retail IDCW Option;;;10.182;10.08;10.182;23-Jun-2010
106797;HDFC ARBITRAGE FUND - Retail Quarterly IDCW Option;INF179K01327;;10.53;10.425;10.53;23-Jun-2010
106793;HDFC ARBITRAGE FUND - Wholesale Growth Option;INF179K01343;;11.799;11.681;11.799;23-Jun-2010
106795;HDFC ARBITRAGE FUND - Wholesale IDCW Option;INF179KA1KM1;INF179KA1KL3;10.561;10.455;10.561;23-Jun-2010
106794;HDFC Arbitrage Fund Wholesale Plan Dividend Option;;;10.135;10.034;10.135;23-Jun-2010

ICICI Prudential Mutual Fund
104682;ICICI Prudential Equity - Arbitrage Fund-Institutional Dividend Option;INF109K01EE3;INF109K01BC3;10.62;10.57;10.62;23-Jun-2010
104684;ICICI Prudential Equity - Arbitrage Fund-Institutional Growth Option;INF109K01BD1;;12.74;12.68;12.74;23-Jun-2010
104683;ICICI Prudential Equity Arbitrage Fund - Growth;INF109K01BF6;;12.64;12.58;12.64;23-Jun-2010
104681;ICICI Prudential Equity Arbitrage Fund - IDCW;INF109K01EF0;INF109K01BE9;10.51;10.46;10.51;23-Jun-2010

Invesco Mutual Fund
105603;Invesco India Arbitrage Fund - Growth Option;INF205K01122;;12.1812;12.0898;12.1812;23-Jun-2010
105604;Invesco India Arbitrage Fund - IDCW (Payout / Reinvestment);INF205K01148;INF205K01130;10.1459;10.0698;10.1459;23-Jun-2010

JM Financial Mutual Fund
103780;JM Arbitrage Fund (Regular) - Growth Option;INF192K01510;;13.0507;12.9202;13.0507;23-Jun-2010
103781;JM Arbitrage Fund (Regular) - IDCW ;INF192K01494;INF192K01502;10.1078;10.0067;10.1078;23-Jun-2010

Kotak Mahindra Mutual Fund
105968;Kotak Arbitrage Fund - Regular Plan - Growth;INF174K01302;;13.8064;13.7374;13.8064;23-Jun-2010
105967;Kotak Arbitrage Fund - Regular Plan - IDCW - Payout & Re-investment of Income Distribution cum capital withdrawal option;INF174K01328;INF174K01310;10.5612;10.5084;10.5612;23-Jun-2010

SBI Mutual Fund
104457;SBI Arbitrage Opportunities Fund - Regular Plan - Gr;INF200K01156;;12.7559;12.7240;12.7559;23-Jun-2010
104458;SBI Arbitrage Opportunities Fund - Regular Plan - Income Distribution cum Capital Withdrawal Option (IDCW);INF200K01131;INF200K01149;10.9879;10.9604;10.9879;23-Jun-2010

UTI Mutual Fund
104075;UTI Arbitrage Fund - Regular Plan - Growth Option;INF789FB1RJ0;;13.4715;0;13.4715;23-Jun-2010
104074;UTI Arbitrage Fund - Regular Plan - IDCW;INF789FB1RH4;INF789FB1RI2;11.0816;0;11.0816;23-Jun-2010

Open Ended Schemes ( Hybrid Scheme - Equity Savings )


Bandhan Mutual Fund
108995;BANDHAN Equity Savings Fund - Regular Plan - Growth;INF194K01581;;11.1882;11.1882;11.1882;23-Jun-2010
108992;BANDHAN Equity Savings Fund - Regular Plan - Monthly IDCW;INF194K01599;INF194K01607;10.5830;10.5830;10.5830;23-Jun-2010
108993;BANDHAN Equity Savings Fund -B-DIVIDEND;INF194K01565;INF194K01573;10.6451;10.6451;10.6451;23-Jun-2010
108994;BANDHAN Equity Savings Fund -B-GROWTH;INF194K01557;;11.2195;11.2195;11.2195;23-Jun-2010

HDFC Mutual Fund
101585;HDFC Equity Savings Fund - GROWTH PLAN;INF179K01AM7;;16.9207;16.7515;16.9207;23-Jun-2010
101586;HDFC Equity Savings Fund - IDCW PLAN;INF179K01AK1;INF179K01AL9;11.0255;10.9152;11.0255;23-Jun-2010

Principal Mutual Fund
101498;Principal Equity Savings Fund - Growth Option;INF173K01213;;20.7709;20.5632;20.7709;23-Jun-2010
101499;Principal Equity Savings Fund - Half Yearly Income Distribution CUM Capital Withdrawal;INF173K01247;INF173K01254;10.7797;10.6719;10.7797;23-Jun-2010
101500;Principal Equity Savings Fund -Quaterly Income Distribution CUM Capital Withdrawal;INF173K01262;INF173K01270;11.5871;11.4712;11.5871;23-Jun-2010

Tata Mutual Fund
101906;Tata Equity Savings Fund -Regular Plan-Growth Option;INF277K01907;;18.3020;18.1190;18.3020;23-Jun-2010
102118;Tata Equity Savings Fund- Regular Plan - Periodic Payout of IDCW Option;INF277K01EF5;INF277K01915;12.3916;12.2677;12.3916;23-Jun-2010
101609;TATA Equity Savings Fund- Regular Plan -Monthly Payout of IDCW option;INF277K01EE8;INF277K01899;12.2956;12.1726;12.2956;23-Jun-2010

Open Ended Schemes ( Solution Oriented Scheme - Retirement Fund )


Franklin Templeton Mutual Fund
100536;Franklin India Retirement Fund - Growth;INF090I01510;;55.9698;55.9698;55.9698;23-Jun-2010
100535;Franklin India Retirement Fund - IDCW;INF090I01528;INF090I01536;15.2476;15.2476;15.2476;23-Jun-2010

UTI Mutual Fund
100682;UTI Retirement Fund - Regular Plan;;;19.0212;19.0212;19.0212;23-Jun-2010

Open Ended Schemes ( Solution Oriented Scheme - Children’s Fund )


HDFC Mutual Fund
100900;HDFC Childrens Fund - Growth Plan;;;37.261;36.143;37.261;23-Jun-2010
100899;HDFC Childrens Fund-Savings;;;21.29;20.651;21.29;23-Jun-2010

ICICI Prudential Mutual Fund
101127;ICICI Prudential Child Care Fund (Gift Plan) - Cumulative;INF109K01605;;56.72;56.15;56.72;23-Jun-2010

LIC Mutual Fund
101271;LIC MF Children's Fund-Regular Plan-Growth;INF767K01048;;10.6005;10.4945;10.6005;23-Jun-2010

SBI Mutual Fund
101169;SBI Magnum Children's Benefit Fund - Savings Plan - REGULAR PLAN - GROWTH;INF200K01776;;21.1281;20.4943;21.1281;23-Jun-2010

Tata Mutual Fund
101491;Tata Young Citizens' Fund -Regular Plan-Growth Option;INF277K01AJ5;;19.4131;19.2190;19.8984;23-Jun-2010
101490;Tata Young Citizen Fund [>3 years upto 7 years] Regular Plan;;;19.4131;19.0248;19.8984;23-Jun-2010
101489;Tata Young Citizen Fund [Upto 3 years] Regular Plan;;;19.4131;18.8307;19.8984;23-Jun-2010

UTI Mutual Fund
102267;UTI Children's Equity Fund - Regular Plan - Growth Option;;;15.5898;15.5898;15.5898;23-Jun-2010
102266;UTI Children's Equity Fund - Regular Plan - IDCW;;;15.5897;15.5897;15.5897;23-Jun-2010
100678;UTI Children's Hybrid Fund - Regular Plan;;;14.6835;14.6835;14.6835;23-Jun-2010

Open Ended Schemes ( Other Scheme - Index Funds )


Aditya Birla Sun Life Mutual Fund
101314;Aditya Birla Sun Life Nifty 50 Index Fund - Growth - Regular Plan;INF209K01LB2;;53.0595;52.7942;53.0595;23-Jun-2010
101313;Aditya Birla Sun Life Nifty 50 Index Fund -REGULAR - IDCW;INF209K01LA4;INF209K01LC0;20.5105;20.4079;20.5105;23-Jun-2010

Bandhan Mutual Fund
112877;BANDHAN Nifty 50 Index Fund - Regular Plan - Growth;INF194K01920;;10.1198;10.1198;10.1198;23-Jun-2010
112878;BANDHAN Nifty 50 Index Fund - Regular Plan - IDCW;INF194K01938;INF194K01946;10.1192;10.1192;10.1192;23-Jun-2010

Franklin Templeton Mutual Fund
100484;Franklin India Index Fund- NSE Nifty 50 Index Fund - Growth;INF090I01890;;41.8764;41.4576;41.8764;23-Jun-2010
105067;Franklin India INDEX FUND- NSE NIFTY 50 INDEX FUND - IDCW;INF090I01874;INF090I01882;41.8764;41.4576;41.8764;23-Jun-2010

HDFC Mutual Fund
101281;HDFC BSE Sensex Index Fund - Growth Plan;INF179K01LA9;;147.9867;147.9867;147.9867;23-Jun-2010
101525;HDFC Nifty 50 Index Fund - Growth Plan;INF179K01KZ8;;46.3991;46.3991;46.3991;23-Jun-2010

ICICI Prudential Mutual Fund
101349;ICICI Prudential Nifty 50 Index Fund - Cumulative Option;INF109K01PI0;;49.3008;48.8078;49.3008;23-Jun-2010

LIC Mutual Fund
101199;LIC MF BSE Sensex Index Fund-Regular Plan-Growth;INF767K01139;;33.1236;32.7924;33.1236;23-Jun-2010
101198;LIC MF BSE Sensex Index Fund-Regular Plan-IDCW;INF767K01121;INF767K01113;11.3502;11.2367;11.3502;23-Jun-2010
101202;LIC MF Index Fund-Sensex Advantage-Dividend;INF767K01188;INF767K01170;11.0507;10.9402;11.0507;23-Jun-2010
101203;LIC MF Index Fund-Sensex Advantage-Growth;INF767K01196;;31.2345;30.9222;31.2345;23-Jun-2010
101201;LIC MF Nifty 50 Index Fund-Regular Plan-Growth;INF767K01162;;29.3815;29.0877;29.3815;23-Jun-2010
101200;LIC MF Nifty 50 Index Fund-Regular Plan-IDCW;INF767K01154;INF767K01147;10.8393;10.7309;10.8393;23-Jun-2010

Principal Mutual Fund
100153;Principal Nifty 100 Equal Weight Fund-Growth;INF173K01AG2;;36.4055;36.0414;36.4055;23-Jun-2010
100152;Principal Nifty 100 Equal Weight Fund-Income Distribution CUM Capital Withdrawal;INF173K01AH0;INF173K01AI8;21.3813;21.1675;21.3813;23-Jun-2010

SBI Mutual Fund
102272;SBI NIFTY INDEX FUND - REGULAR PLAN - GROWTH;INF200K01537;;45.3527;45.3527;45.3527;23-Jun-2010
102273;SBI Nifty Index Fund - Regular Plan - Income Distribution cum Capital Withdrawal Option (IDCW);INF200K01545;INF200K01552;23.2291;23.2291;23.2291;23-Jun-2010

Tata Mutual Fund
101746;Tata S&P BSE Sensex Index Fund -Regular Plan;INF277K01758;;43.2735;41.5426;43.2735;23-Jun-2010
101659;Tata Nifty 50 Index Fund -Regular Plan;INF277K01741;;31.8064;30.5341;31.8064;23-Jun-2010

Taurus Mutual Fund
112948;Taurus Nifty 50 Index Fund - Regular Plan - Growth;INF044D01948;;10.1123;10.0112;10.1123;23-Jun-2010
112949;Taurus Nifty 50 Index Fund - Regular Plan - Payout of Income Distribution cum Capital Withdrawal option;INF044D01914;INF044D01922;10.1123;10.0112;10.1123;23-Jun-2010

UTI Mutual Fund
100822;UTI Nifty 50 Index Fund - Regular Plan - Growth Option;INF789F01JN2;;33.2126;33.2126;33.2126;23-Jun-2010
100823;UTI Nifty 50 Index Fund - Regular Plan - IDCW;INF789F01JL6;INF789F01JM4;16.9067;16.9067;16.9067;23-Jun-2010

Open Ended Schemes ( Other Scheme - Gold ETF )


Invesco Mutual Fund
112368;Invesco India Gold Exchange Traded Fund;INF205K01361;;1893.1873;1893.1873;1893.1873;23-Jun-2010

Kotak Mahindra Mutual Fund
106193;KOTAK GOLD ETF;INF174KA1HJ8;;1841.3255;1841.3255;1841.3255;23-Jun-2010

Quantum Mutual Fund
107693;Quantum Gold Fund;INF082J01408;;916.2464;916.2464;916.2464;23-Jun-2010

SBI Mutual Fund
111954;SBI Gold ETF;INF200KA16D8;;1872.6120;1872.6120;1872.6120;23-Jun-2010

UTI Mutual Fund
105463;UTI GOLD Exchange Traded Fund;INF789F1AUX7;;1841.6599;0;1841.6599;23-Jun-2010

Open Ended Schemes ( Other Scheme - Other  ETFs )


ICICI Prudential Mutual Fund
101705;ICICI Prudential BSE Sensex ETF;INF346A01034;;184.4479;184.4479;184.4479;23-Jun-2010

Kotak Mahindra Mutual Fund
109010;Kotak BSE Sensex ETF;INF174KA1JD7;;179.9335;179.9335;179.9335;23-Jun-2010
112351;Kotak Nifty 50 ETF;INF174K014P6;;534.5606;534.5606;534.5606;23-Jun-2010
106929;Kotak Nifty PSU Bank ETF;INF373I01023;;379.2125;379.2125;379.2125;23-Jun-2010

Quantum Mutual Fund
108479;Quantum Nifty 50 ETF;INF082J01028;;536.0714;536.0714;536.0714;23-Jun-2010

Open Ended Schemes ( Other Scheme - FoF Overseas )


Principal Mutual Fund
102336;Principal Global Opportunities Fund- Income Distribution CUM Capital Withdrawal Option;INF173K01CQ7;INF173K01CR5;15.6815;15.5247;15.6815;23-Jun-2010
102337;Principal Global Opportunities Fund-Growth Option;INF173K01CT1;;15.6815;15.5247;15.6815;23-Jun-2010

Sundaram Mutual Fund
106370;Sundaram Global Brand Theme-Equity Active FOF - Regular Growth;INF903J01EX1;;10.1945;10.1945;10.1945;23-Jun-2010
106369;Sundaram Global Brand Theme-Equity Active FOF - Regular IDCW;INF903J01EY9;INF903J01EZ6;10.1945;10.1945;10.1945;23-Jun-2010

Open Ended Schemes ( Other Scheme - FoF Domestic )


Bandhan Mutual Fund
112332;BANDHAN Asset Allocation Fund - Regular Plan - Aggressive Plan - Growth;INF194K01953;;10.6599;10.6599;10.6599;23-Jun-2010
112331;BANDHAN Asset Allocation Fund - Regular Plan - Aggressive Plan - IDCW;INF194K01961;INF194K01979;10.5929;10.5929;10.5929;23-Jun-2010
112327;BANDHAN Asset Allocation Fund - Regular Plan - Conservative Plan - Growth;INF194K01987;;10.2607;10.2607;10.2607;23-Jun-2010
112328;BANDHAN Asset Allocation Fund - Regular Plan - Conservative Plan - IDCW;INF194K01995;INF194K01AA1;10.2415;10.2415;10.2415;23-Jun-2010
112329;BANDHAN Asset Allocation Fund - Regular Plan - Moderate Plan - Growth;INF194K01AB9;;10.4497;10.4497;10.4497;23-Jun-2010
112330;BANDHAN Asset Allocation Fund - Regular Plan - Moderate Plan - IDCW;INF194K01AC7;INF194K01AD5;10.4086;10.4086;10.4086;23-Jun-2010
108547;Bandhan Income Plus Arbitrage Fund of Funds - Regular Plan - Annual IDCW;INF194K01SG0;INF194K01SF2;11.7723;11.7723;11.7723;23-Jun-2010
108545;Bandhan Income Plus Arbitrage Fund of Funds - Regular Plan - Growth;INF194K01SE5;;14.9150;14.9150;14.9150;23-Jun-2010
108546;Bandhan Income Plus Arbitrage Fund of Funds - Regular Plan - Half Yearly IDCW;INF194K01SI6;INF194K01SH8;11.0526;11.0526;11.0526;23-Jun-2010
108544;Bandhan Income Plus Arbitrage Fund of Funds - Regular Plan - Quarterly IDCW;INF194K01SK2;INF194K01SJ4;11.2405;11.2405;11.2405;23-Jun-2010

Franklin Templeton Mutual Fund
101657;Franklin India Dynamic Asset Allocation Active Fund of funds - IDCW;INF090I01247;INF090I01254;34.6447;34.2983;34.6447;23-Jun-2010
101656;Franklin India Dynamic Asset Allocation Active Fund of Funds-Growth;INF090I01262;;37.8446;37.4662;37.8446;23-Jun-2010
102108;Franklin India Life Stage Fund of Funds - 20's Plan - IDCW ;INF090I01577;;34.2667;33.9240;34.2667;23-Jun-2010
102107;Franklin INDIA LIFE STAGE FUND OF FUNDS - THE 20S PLAN (G);INF090I01593;;34.2667;33.9240;34.2667;23-Jun-2010
102110;Franklin India Life Stage Fund of Funds - 30's Plan - IDCW ;INF090I01601;;26.1402;25.9441;26.1402;23-Jun-2010
102109;Franklin INDIA LIFE STAGE FUND OF FUNDS - THE 30S PLAN (G);INF090I01627;;26.1402;25.9441;26.1402;23-Jun-2010
102111;Franklin India Life Stage Fund of Funds - 40's Plan - IDCW ;INF090I01635;;16.3630;16.2403;16.3630;23-Jun-2010
102112;Franklin INDIA LIFE STAGE FUND OF FUNDS - THE 40S PLAN (G);INF090I01650;;21.9173;21.7529;21.9173;23-Jun-2010
102546;Franklin India Life Stage Fund Of Funds - 50's Plus Floating Rate Plan - IDCW ;INF090I01692;;12.9335;12.8042;12.9335;23-Jun-2010
102547;Franklin India Life Stage Fund of Funds - The 50s Plus Flo (Gro);INF090I01718;;18.4679;18.2832;18.4679;23-Jun-2010
102113;Franklin India Life Stage Fund of Funds - 50's Plus Plan - IDCW ;INF090I01668;;12.4138;12.2897;12.4138;23-Jun-2010
102114;Franklin INDIA LIFE STAGE FUND OF FUNDS - THE 50+S PLAN (G);INF090I01684;;17.8448;17.6664;17.8448;23-Jun-2010

ICICI Prudential Mutual Fund
102137;ICICI Prudential Asset Allocator Fund (FOF) - Growth;INF109K01837;;23.5500;23.5500;23.5500;23-Jun-2010
102138;ICICI Prudential Asset Allocator Fund (FOF) - IDCW;INF109K01FJ9;INF109K01845;23.5500;23.5500;23.5500;23-Jun-2010
102141;ICICI Prudential Debt Management Fund (FOF) - Growth;INF109K01878;;14.7232;14.7232;14.7232;23-Jun-2010
102143;ICICI Prudential Debt Management Fund (FOF ) - IDCW;INF109K01FS0;INF109K01886;14.7232;14.7232;14.7232;23-Jun-2010
102139;ICICI Prudential Income Plus Arbitrage Active FOF - Growth;INF109K01811;;17.6233;17.6233;17.6233;23-Jun-2010
102140;ICICI Prudential Income plus Arbitrage Active FOF - IDCW;INF109K01EB9;INF109K01829;17.6233;17.6233;17.6233;23-Jun-2010
102134;ICICI Prudential Passive Strategy Fund (FOF) - IDCW;INF109K01DW7;INF109K01803;28.2446;28.2446;28.2446;23-Jun-2010
102133;ICICI Prudential Passive Strategy Fund (FOF) - Growth;INF109K01795;;28.2446;28.2446;28.2446;23-Jun-2010
102135;ICICI Prudential Thematic Advantage Fund (FOF) - Growth;INF109K01852;;32.6973;32.6973;32.6973;23-Jun-2010
102136;ICICI Prudential Thematic Advantage Fund (FOF) - IDCW;INF109K01FR2;INF109K01860;32.6973;32.6973;32.6973;23-Jun-2010

Kotak Mahindra Mutual Fund
102574;Kotak Multi Asset Allocator Fund of Fund - Dynamic - Growth;INF174K01468;;35.643;35.287;35.643;23-Jun-2010
102573;Kotak Multi Asset Allocator Fund of Fund - Dynamic - Payout of Income Distribution cum capital withdrawal option;INF174K01484;INF174K01476;35.643;35.287;35.643;23-Jun-2010

Quantum Mutual Fund
112039;Quantum Equity Fund of Funds - Direct Plan Growth Option;INF082J01093;;13.1880;12.9900;13.1880;23-Jun-2010
112038;Quantum Equity Fund Of Funds - Direct Plan IDCW;INF082J01101;INF082J01119;13.1890;12.9900;13.1890;23-Jun-2010

Open Ended Schemes ( Equity Scheme - Flexi Cap Fund )


Aditya Birla Sun Life Mutual Fund
103166;Aditya Birla Sun Life Flexi Cap Fund - Growth - Regular Plan;INF209K01AJ8;;256.68;254.11;256.68;23-Jun-2010
103165;Aditya Birla Sun Life Flexi Cap Fund -Regular - IDCW;INF209K01AQ3;INF209K01DT1;72.18;71.46;72.18;23-Jun-2010

Bandhan Mutual Fund
108594;BANDHAN Flexi Cap Fund - Regular Plan - Growth;INF194K01391;;29.7337;29.7337;29.7337;23-Jun-2010
108595;BANDHAN Flexi Cap Fund - Regular Plan - IDCW;INF194K01409;INF194K01417;24.0950;24.0950;24.0950;23-Jun-2010

Canara Robeco Mutual Fund
101924;Canara Robeco Equity Diversified-Bonus Option;INF760K01043;;23.5900;23.5900;23.5900;23-Jun-2010
101922;CANARA ROBECO FLEXICAP FUND - REGULAR PLAN - GROWTH OPTION;INF760K01019;;51.8000;51.8000;51.8000;23-Jun-2010
101923;CANARA ROBECO FLEXICAP FUND - REGULAR PLAN - IDCW (Payout/Reinvestment);INF760K01027;INF760K01035;23.5600;23.5600;23.5600;23-Jun-2010

DSP Mutual Fund
105875;DSP Flexi Cap Fund - Regular Plan - Growth;INF740K01037;;15.421;15.267;15.421;23-Jun-2010
100080;DSP Flexi Cap Fund - Regular Plan - IDCW;INF740K01011;INF740K01029;48.742;48.255;48.742;23-Jun-2010

Franklin Templeton Mutual Fund
100520;Franklin India Flexi Cap Fund - Growth;INF090I01239;;201.4750;199.4603;201.4750;23-Jun-2010
100519;Franklin India Flexi Cap Fund - IDCW ;INF090I01213;INF090I01221;27.0498;26.7793;27.0498;23-Jun-2010

HDFC Mutual Fund
101762;HDFC Flexi Cap Fund - Growth Plan;INF179K01608;;250.53;248.025;250.53;23-Jun-2010
101763;HDFC Flexi Cap Fund - IDCW Plan;INF179K01582;INF179K01590;46.044;45.584;46.044;23-Jun-2010

HSBC Mutual Fund
102252;HSBC Flexi Cap Fund - Regular Growth;INF336L01AF5;;32.7157;32.3885;32.7157;23-Jun-2010
102251;HSBC Flexi Cap Fund - Regular IDCW;INF336L01AE8;INF336L01AD0;16.3068;16.1437;16.3068;23-Jun-2010

JM Financial Mutual Fund
109522;JM Flexicap Fund (Regular) - Growth option;INF192K01635;;14.6786;14.6786;14.6786;23-Jun-2010
109523;JM Flexicap Fund (Regular) - IDCW;INF192K01619;INF192K01627;13.6511;13.6511;13.6511;23-Jun-2010

Kotak Mahindra Mutual Fund
112090;Kotak Flexicap Fund - Growth;INF174K01336;;11.09;10.979;11.09;23-Jun-2010
112089;Kotak Flexicap Fund - Payout of Income Distribution cum capital withdrawal option;INF174K01351;INF174K01344;11.09;10.979;11.09;23-Jun-2010

LIC Mutual Fund
100313;LIC MF Flexi Cap Fund-Regular Plan-Growth;INF767K01071;;25.3457;25.0922;25.3457;23-Jun-2010
100312;LIC MF Flexi Cap Fund-Regular Plan-IDCW;INF767K01063;INF767K01055;9.9870;9.8871;9.9870;23-Jun-2010

quant Mutual Fund
109830;quant Flexi Cap Fund - Growth Option - Regular Plan;INF966L01457;;17.2888;17.1159;17.2888;23-Jun-2010
109831;quant Flexi Cap Fund - IDCW Option - Regular Plan;INF966L01432;INF966L01440;13.8644;13.7258;13.8644;23-Jun-2010

SBI Mutual Fund
103216;SBI Flexicap Fund - Regular Plan - Income Distribution cum Capital Withdrawal Option (IDCW);INF200K01230;INF200K01248;13.56;13.42;13.56;23-Jun-2010
103215;SBI Flexicap Fund - REGULAR PLAN -Growth Option;INF200K01222;;17.84;17.66;17.84;23-Jun-2010

Taurus Mutual Fund
100476;Taurus Flexi Cap Fund - Regular Plan - Growth ;INF044D01989;;53.05;52.52;53.05;23-Jun-2010
111640;Taurus Flexi Cap Fund - Regular Plan - Payout of Income Distribution cum Capital Withdrawal option;INF044D01955;INF044D01963;37.35;36.98;37.35;23-Jun-2010

UTI Mutual Fund
100669;UTI - Flexi Cap Fund-Growth Option;INF789F01513;;49.94;49.94;49.94;23-Jun-2010
100668;UTI Flexi Cap Fund - Regular Plan - IDCW;INF189A01053;INF789F01505;44.14;44.14;44.14;23-Jun-2010

Close Ended Schemes ( Income )


Aditya Birla Sun Life Mutual Fund
112379;Birla Sun Life Capital Protection Oriented Fund-Series 1-GROWTH;INF209K01BW9;;10.2055;10.2055;10.2055;23-Jun-2010
112892;Birla Sun Life Capital Protection Oriented Fund - Series 2 - Growth;INF209K01EJ0;;10.0403;10.0403;10.0403;23-Jun-2010
109529;BIRLA SUN LIFE EQUITY LINKED FMP - SERIES A RETAIL Dividend;;;11.9787;11.7391;11.9787;23-Jun-2010
109527;BIRLA SUN LIFE EQUITY LINKED FMP - SERIES A RETAIL Growth;;;11.9787;11.7391;11.9787;23-Jun-2010
110037;BIRLA SUN LIFE EQUITY LINKED FMP - SERIES C RETAIL DIVIDEND;;;11.9198;11.6814;11.9198;23-Jun-2010
110038;BIRLA SUN LIFE EQUITY LINKED FMP - SERIES C RETAIL GROWTH;;;11.9198;11.6814;11.9198;23-Jun-2010
110041;BIRLA SUN LIFE EQUITY LINKED FMP - SERIES D RETAIL DIVIDEND;;;12.7571;12.5020;12.7571;23-Jun-2010
110042;BIRLA SUN LIFE EQUITY LINKED FMP - SERIES D RETAIL GROWTH;;;12.7571;12.5020;12.7571;23-Jun-2010
109637;Birla Sun Life Fixed Term Plan - Series AF INSTITUTIONAL DIVIDEND;;;11.2897;10.9510;11.2897;23-Jun-2010
109638;Birla Sun Life Fixed Term Plan - Series AF INSTITUTIONAL GROWTH;;;12.2019;11.8358;12.2019;23-Jun-2010
109635;Birla Sun Life Fixed Term Plan - Series AF RETAIL DIVIDEND;;;11.2897;10.9510;11.2897;23-Jun-2010
109636;Birla Sun Life Fixed Term Plan - Series AF RETAIL GROWTH;;;12.2019;11.8358;12.2019;23-Jun-2010
112670;Birla Sun Life Fixed Term Plan-Series CA-Dividend;;;10.1863;10.1863;10.1863;23-Jun-2010
112669;Birla Sun Life Fixed Term Plan-Series CA-Growth;;;10.1863;10.1863;10.1863;23-Jun-2010
112690;Birla Sun Life Fixed Term Plan-Series CB-Dividend;;;10.2275;10.2275;10.2275;23-Jun-2010
112671;Birla Sun Life Fixed Term Plan-Series CB-Growth;;;10.2275;10.2275;10.2275;23-Jun-2010
112742;Birla Sun Life Fixed Term Plan - Series CC-Dividend;;;10.1701;10.1701;10.1701;23-Jun-2010
112743;Birla Sun Life Fixed Term Plan - Series CC-Growth;;;10.1701;10.1701;10.1701;23-Jun-2010
112838;Birla Sun Life Fixed Term Plan - Series CD - Dividend;;;10.1560;10.1560;10.1560;23-Jun-2010
112837;Birla Sun Life Fixed Term Plan - Series CD - Growth;;;10.1560;10.1560;10.1560;23-Jun-2010
110035;Birla Sun Life Fixed Term Plan - Series BE INSTITUTIONAL GROWTH;;;12.1459;11.9030;12.1459;23-Jun-2010
110033;Birla Sun Life Fixed Term Plan - Series BE RETAIL DIVIDEND;;;12.1459;11.9030;12.1459;23-Jun-2010
110036;Birla Sun Life Fixed Term Plan - Series BE RETAIL GROWTH;;;12.1459;11.9030;12.1459;23-Jun-2010
110176;Birla Sun Life Fixed Term Plan - Series BF INSTITUTIONAL GROWTH;;;12.2965;12.0506;12.2965;23-Jun-2010
110173;Birla Sun Life Fixed Term Plan - Series BF RETAIL DIVIDEND;;;12.2965;12.0506;12.2965;23-Jun-2010
110174;Birla Sun Life Fixed Term Plan - Series BF RETAIL GROWTH;;;12.2965;12.0506;12.2965;23-Jun-2010
112138;Birla Sun Life Fixed Term Plan Series BV - Growth;INF209K01082;;10.6266;10.6266;10.6266;23-Jun-2010
106412;Aditya Birla Sun Life Interval Income Fund - Quarterly Series 1 - Growth - Regular Plan;INF209K01HN5;;12.1548;12.0333;12.1548;23-Jun-2010
106413;Aditya Birla Sun Life Interval Income Fund - Quarterly Series 1 - institutional - IDCW;INF209K01HR6;INF209K01HS4;10.0545;9.9540;10.0545;23-Jun-2010
106411;Aditya Birla Sun Life Interval Income Fund - Quarterly Series 1 - Regular - IDCW;INF209K01HO3;INF209K01HP0;10.0545;9.9540;10.0545;23-Jun-2010
107308;Aditya Birla Sun Life Quarterly Interval Fund - Series 4 DIVIDEND;INF209K01HL9;INF209K01HM7;10.1343;10.0330;10.1343;23-Jun-2010
107307;Aditya Birla Sun Life Quarterly Interval Fund - Series 4 GROWTH;INF209K01HK1;;11.8932;11.7743;11.8932;23-Jun-2010

Axis Mutual Fund
112681;Axis Fixed Term Plan - Series 1 (384 days) - Institutional Option - Dividend;;;0.0000;0.0000;0.0000;23-Jun-2010
112684;Axis Fixed Term Plan - Series 1 (384 days) - Institutional Option - Growth;;;0.0000;0.0000;0.0000;23-Jun-2010
112682;Axis Fixed Term Plan - Series 1 (384 days) - Institutional Option- Quarterly Dividend;;;0.0000;0.0000;0.0000;23-Jun-2010
112680;Axis Fixed Term Plan - Series 1 (384 days) - Retail Option - Dividend;;;10.2051;10.2051;10.2051;23-Jun-2010
112683;Axis Fixed Term Plan - Series 1 (384 days) - Retail Option - Quarterly Dividend;;;10.2051;10.2051;10.2051;23-Jun-2010
112679;Axis Fixed Term Plan - Series 1 (384 days) - Retail Option- Growth;;;10.2051;10.2051;10.2051;23-Jun-2010
112979;Axis Fixed Term Plan - Series 3(3 Months) - Dividend;;;10.0255;10.0255;10.0255;23-Jun-2010
112978;Axis Fixed Term Plan - Series 3(3 Months) - Growth;;;10.0255;10.0255;10.0255;23-Jun-2010
112982;Axis Fixed Term Plan - Series 4(3 Months) -  Growth;;;10.0141;10.0141;10.0141;23-Jun-2010
112983;Axis Fixed Term Plan - Series 4(3 Months) - Dividend;;;10.0141;10.0141;10.0141;23-Jun-2010

Bandhan Mutual Fund
112666;IDFC Capital Protection Oriented Fund - Series I Dividend;INF194K01797;;10.1505;10.1505;10.1505;23-Jun-2010
112665;IDFC Capital Protection Oriented Fund - Series I Growth;INF194K01789;;10.1505;10.1505;10.1505;23-Jun-2010
112319;DFC FMP  SMS - 1 Plan A Dividend;;;10.2892;10.2892;10.2892;23-Jun-2010
112315;IDFC FMP  SMS - 1 Plan A Growth;;;10.2892;10.2892;10.2892;23-Jun-2010
112317;IDFC FMP  SMS - 1 Plan B Growth;;;10.3063;10.3063;10.3063;23-Jun-2010
112174;IDFC Fixed Maturity Plan - FMS - 3 Plan A Dividend;;;10.2832;10.2832;10.2832;23-Jun-2010
112176;IDFC Fixed Maturity Plan - FMS - 3 Plan A Growth;;;10.2832;10.2832;10.2832;23-Jun-2010
112702;IDFC Fixed Maturity Plan - Fourteen months Series 1-Dividend;;;10.2223;10.2223;10.2223;23-Jun-2010
112703;IDFC Fixed Maturity Plan - Fourteen months Series 1-Growth;;;10.2223;10.2223;10.2223;23-Jun-2010
112401;IDFC FMP - HYS - 9 (Plan A) - Dividend Option;;;10.1481;10.1481;10.1481;23-Jun-2010
112400;IDFC FMP - HYS - 9 (Plan A) - Growth Option;;;10.2088;10.2088;10.2088;23-Jun-2010
112796;IDFC Fixed Maturity Plan - Thirteen months Series 5-Dividend;;;10.1579;10.1579;10.1579;23-Jun-2010
112797;IDFC Fixed Maturity Plan - Thirteen months Series 5-Growth;;;10.1579;10.1579;10.1579;23-Jun-2010
112689;IDFC Hybrid Portfolio Fund - Series I-Dividend;INF194K01813;;10.0673;10.0673;10.0673;23-Jun-2010
112688;IDFC Hybrid Portfolio Fund - Series I-Growth;INF194K01805;;10.0667;10.0667;10.0667;23-Jun-2010

Bank of India Mutual Fund
112813;Bharti AXA Fixed Maturity  Plan - Series C - Plan 1-Growth;INF761K01249;;10.1688;10.1688;10.1688;23-Jun-2010

Canara Robeco Mutual Fund
112804;Canara Robeco Fixed Maturity Plan - Series 5 - 13 Months (Plan A) - Dividend Option;INF760K01AG6;;10.1942;10.1942;10.1942;23-Jun-2010
112805;Canara Robeco Fixed Maturity Plan - Series 5 - 13 Months (Plan A) - Growth Option;INF760K01AF8;;10.1942;10.1942;10.1942;23-Jun-2010
112875;Canara Robeco Fixed Maturity Plan - Series 5 - 13 Months (Plan B) - Dividend Option;INF760K01AI2;;10.1424;10.1424;10.1424;23-Jun-2010
112876;Canara Robeco Fixed Maturity Plan - Series 5 - 13 Months (Plan B) - Growth Option;INF760K01AH4;;10.1425;10.1425;10.1425;23-Jun-2010

Deutsche Mutual Fund
112299;DWS Fixed Term Fund - Sr 66 Regular Pan Dividend Opt;INF223J01176;;10.3928;10.3928;10.3928;23-Jun-2010
112298;DWS Fixed Term Fund - Sr 66 Regular Pan Growth Opt;INF223J01184;;10.3928;10.3928;10.3928;23-Jun-2010
112834;DWS Fixed Term Fund - Series 67 - Dividend Option;;;10.1745;10.1745;10.1745;23-Jun-2010
112795;DWS Fixed Term Fund - Series 67 - Growth Option;;;10.1745;10.1745;10.1745;23-Jun-2010
112730;DWS Fixed Term Fund Sr 69 Dividend Option;;;10.2356;10.2356;10.2356;23-Jun-2010
112731;DWS Fixed Term Fund Sr 69 Growth Option;;;10.2356;10.2356;10.2356;23-Jun-2010
107960;DWS FIXED TERM FUND SERIES 43- INSTITUTIONAL PLAN GROWTH OPTION;;;10.7144;10.5001;10.7144;23-Jun-2010
107958;DWS FIXED TERM FUND SERIES 43- REGULAR PLAN DIVIDEND OPTION;;;10.7144;10.5001;10.7144;23-Jun-2010
107959;DWS FIXED TERM FUND SERIES 43- REGULAR PLAN GROWTH OPTION;;;10.7144;10.5001;10.7144;23-Jun-2010
108947;DWS FIXED TERM FUND SERIES 50 PLAN A DIVIDEND;;;11.0399;11.0399;11.0399;23-Jun-2010
108944;DWS FIXED TERM FUND SERIES 50 PLAN A GROWTH;;;11.0399;11.0399;11.0399;23-Jun-2010
108945;DWS FIXED TERM FUND SERIES 50 PLAN B DIVIDEND;;;11.4603;11.4603;11.4603;23-Jun-2010
108946;DWS FIXED TERM FUND SERIES 50 PLAN B GROWTH;;;11.4603;11.4603;11.4603;23-Jun-2010
113019;DWS FIXED TERM FUND SERIES 71-DIV;;;10.0324;10.0324;10.0324;23-Jun-2010
113017;DWS Fixed Term Fund Series 71-GR;;;10.0324;10.0324;10.0324;23-Jun-2010
112358;DWS Fixed Term Fund - Series 68 Dividend Option;;;10.3076;10.3076;10.3076;23-Jun-2010
112376;DWS Fixed Term Fund - Series 68 Growth Option;;;10.3076;10.3076;10.3076;23-Jun-2010

DSP Mutual Fund
113042;DSP BlackRock FMP - 12M - Series 5 - Dividend Payout;;;10.0154;10.0154;10.0154;23-Jun-2010
112962;DSP BlackRock FMP - 12M - Series 5 - Growth;;;10.0154;10.0154;10.0154;23-Jun-2010
112696;DSP BlackRock FMP - 13M - Series 2 - Dividend Payout;;;10.2232;10.2232;10.2232;23-Jun-2010
112695;DSP BlackRock FMP - 13M - Series 2- Growth;;;10.2232;10.2232;10.2232;23-Jun-2010
112864;DSP BlackRock FMP - 13M - Series 3 - Dividend Payout;;;10.1945;10.1945;10.1945;23-Jun-2010
112772;DSP BlackRock FMP - 13M - Series 3 - Growth;;;10.1945;10.1945;10.1945;23-Jun-2010
113031;DSP BlackRock FMP - 3M - Series 17 - Dividend Payout;;;10.0222;10.0222;10.0222;23-Jun-2010
112961;DSP BlackRock FMP - 3M - Series 17 - Growth;;;10.0222;10.0222;10.0222;23-Jun-2010

Edelweiss Mutual Fund
110292;Edelweiss Quarterly Interval Fund - Series 1 - Institutional Plan - Dividend Option;;;10.0173;9.5164;10.0173;23-Jun-2010
110291;Edelweiss Quarterly Interval Fund - Series 1 - Institutional Plan - Growth Option;;;11.2677;10.7043;11.2677;23-Jun-2010
110290;Edelweiss Quarterly Interval Fund - Series 1 - Retail Plan - Dividend Option;;;10.0273;9.5259;10.0273;23-Jun-2010
110289;Edelweiss Quarterly Interval Fund - Series 1 - Retail Plan - Growth Option;;;11.2563;10.6935;11.2563;23-Jun-2010

Fidelity Mutual Fund
112953;Fidelity Fixed Maturity Plan - Series II - Plan A - Dividend Option;;;10.0342;10.0342;10.0342;23-Jun-2010
112945;Fidelity Fixed Maturity Plan - Series II - Plan A - Growth Option;;;10.0342;10.0342;10.0342;23-Jun-2010
112955;Fidelity Fixed Maturity Plan - Series II - Plan B - Dividend Option;;;10.0335;10.0335;10.0335;23-Jun-2010
112954;Fidelity Fixed Maturity Plan - Series II - Plan B - Growth Option;;;10.0335;10.0335;10.0335;23-Jun-2010
113021;Fidelity Fixed Maturity Plan - Series II - Plan D - Dividend Option;;;10.0159;10.0159;10.0159;23-Jun-2010
113020;Fidelity Fixed Maturity Plan - Series II - Plan D - Growth Option;;;10.0159;10.0159;10.0159;23-Jun-2010

Fortis Mutual Fund
112201;FORTIS FIXED TERM FUND - SERIES 16 A - Calendar Quarterly Dividend Option;;;10.1978;10.1978;10.1978;23-Jun-2010
112202;FORTIS FIXED TERM FUND - SERIES 16 A - Calendar Yearly Dividend Option;;;10.1983;10.1983;10.1983;23-Jun-2010
112203;FORTIS FIXED TERM FUND - SERIES 16 A - Dividend on Maturity Option;;;10.4913;10.4913;10.4913;23-Jun-2010
112200;FORTIS FIXED TERM FUND - SERIES 16 A - Growth Option;;;10.4913;10.4913;10.4913;23-Jun-2010
112252;Fortis Fixed Term Fund - Series 16 B - Calendar Quarterly Dividend Option;;;10.2137;10.2137;10.2137;23-Jun-2010
112253;Fortis Fixed Term Fund - Series 16 B - Calendar Yearly Dividend Option;;;10.2140;10.2140;10.2140;23-Jun-2010
112254;Fortis Fixed Term Fund - Series 16 B - Dividend on Maturity Option;;;10.4536;10.4536;10.4536;23-Jun-2010
112255;Fortis Fixed Term Fund - Series 16 B - Growth Option;;;10.4536;10.4536;10.4536;23-Jun-2010
112370;Fortis Fixed Term Fund - Series 16 C - Calendar Quarterly Dividend Option;;;0.0000;0.0000;0.0000;23-Jun-2010
112371;Fortis Fixed Term Fund - Series 16 C - Calendar Yearly Dividend Option;;;0.0000;0.0000;0.0000;23-Jun-2010
112372;Fortis Fixed Term Fund - Series 16 C - Dividend On Maturity Option;;;0.0000;0.0000;0.0000;23-Jun-2010
112373;Fortis Fixed Term Fund - Series 16 C - Growth Option;;;10.2374;10.2374;10.2374;23-Jun-2010
112662;Fortis Fixed Term Fund-Sr 16D - Dividend On Maturity Option;;;10.1831;10.1831;10.1831;23-Jun-2010
112664;Fortis Fixed Term Fund-Sr 16D-Calendar Quarterly Dividend Option;;;10.1831;10.1831;10.1831;23-Jun-2010
112663;Fortis Fixed Term Fund-Sr 16D-Calendar Yearly Dividend Option;;;10.1831;10.1831;10.1831;23-Jun-2010
112661;Fortis Fixed Term Fund-Sr 16D-Growth Option;;;10.1831;10.1831;10.1831;23-Jun-2010
112781;Fortis Fixed Term Fund-Sr 17A - Dividend On Maturity Option;;;10.1498;10.1498;10.1498;23-Jun-2010
112783;Fortis Fixed Term Fund-Sr 17A-Calendar Quarterly Dividend Option;;;10.1498;10.1498;10.1498;23-Jun-2010
112780;Fortis Fixed Term Fund-Sr 17A-Calendar Yearly Dividend Option;;;10.1498;10.1498;10.1498;23-Jun-2010
112782;Fortis Fixed Term Fund-Sr 17A-Growth Option;;;10.1498;10.1498;10.1498;23-Jun-2010
111291;Fortis FIXED TERM PLAN - SERIES 13 -  PLAN D - Instl Plan - Calendar Half Yearly  Dividend Option;;;0.0000;0.0000;0.0000;23-Jun-2010
111292;Fortis FIXED TERM PLAN - SERIES 13 -  PLAN D - Instl Plan - Calendar Quarterly Dividend Option;;;0.0000;0.0000;0.0000;23-Jun-2010
111282;Fortis FIXED TERM PLAN - SERIES 13 -  PLAN D - Instl Plan - Calendar Yearly Dividend Option;;;0.0000;0.0000;0.0000;23-Jun-2010
111290;Fortis FIXED TERM PLAN - SERIES 13 -  PLAN D - Instl Plan - Growth Option;;;12.1408;11.8980;12.1408;23-Jun-2010
111289;Fortis FIXED TERM PLAN - SERIES 13 -  PLAN D - Regular Plan - Calendar Half Yearly  Dividend Option;;;10.1742;9.9707;10.1742;23-Jun-2010
111288;Fortis FIXED TERM PLAN - SERIES 13 -  PLAN D - Regular Plan - Calendar Quarterly Dividend Option;;;10.1732;9.9697;10.1732;23-Jun-2010
111284;Fortis FIXED TERM PLAN - SERIES 13 -  PLAN D - Regular Plan - Calendar Yearly Dividend Option;;;10.1769;9.9734;10.1769;23-Jun-2010
111293;Fortis FIXED TERM PLAN - SERIES 13 -  PLAN D - Regular Plan - Growth Option;;;12.1037;11.8616;12.1037;23-Jun-2010
111286;Fortis FIXED TERM PLAN - SERIES 13 - PLAN D - Instl Plan - Calendar Monthly Dividend Option;;;10.0509;9.8499;10.0509;23-Jun-2010
111285;Fortis FIXED TERM PLAN - SERIES 13 - PLAN D - Instl Plan - Dividend on Maturity Option;;;12.1408;11.8980;12.1408;23-Jun-2010
111287;Fortis FIXED TERM PLAN - SERIES 13 - PLAN D - Regular Plan - Calendar Monthly Dividend Option;;;10.0494;9.8484;10.0494;23-Jun-2010
111283;Fortis FIXED TERM PLAN - SERIES 13 - PLAN D - Regular Plan - Dividend on Maturity Option;;;12.1040;11.8619;12.1040;23-Jun-2010
112134;FORTIS  FIXED TERM PLAN - SERIES 15A - Institutional Plan - Growth Option;;;0.0000;0.0000;0.0000;23-Jun-2010
112132;FORTIS  FIXED TERM PLAN - SERIES 15A - Regular Plan - Calendar Yearly Dividend Option;;;0.0000;0.0000;0.0000;23-Jun-2010
112135;FORTIS FIXED TERM PLAN - SERIES 15A - Institutional Plan - Calendar Quarterly Dividend Option;;;0.0000;0.0000;0.0000;23-Jun-2010
112136;FORTIS FIXED TERM PLAN - SERIES 15A - Institutional Plan - Calendar Yearly Dividend Option;;;0.0000;0.0000;0.0000;23-Jun-2010
112137;FORTIS FIXED TERM PLAN - SERIES 15A - Institutional Plan - Dividend on Maturity Option;;;0.0000;0.0000;0.0000;23-Jun-2010
112131;FORTIS FIXED TERM PLAN - SERIES 15A - Regular Plan - Calendar Quarterly Dividend Option;;;0.0000;0.0000;0.0000;23-Jun-2010
112133;FORTIS FIXED TERM PLAN - SERIES 15A - Regular Plan - Dividend on Maturity Option;;;10.6443;10.6443;10.6443;23-Jun-2010
112130;FORTIS FIXED TERM PLAN - SERIES 15A - Regular Plan - Growth Option;;;10.6443;10.6443;10.6443;23-Jun-2010
111086;Fortis FIXED TERM PLAN - SERIES 9: THREE YEARLY PLAN A - Institutional Plan - Dividend on Maturity Option;;;0.0000;0.0000;0.0000;23-Jun-2010
111085;Fortis FIXED TERM PLAN - SERIES 9: THREE YEARLY PLAN A - Institutional Plan - Growth Option;;;0.0000;0.0000;0.0000;23-Jun-2010
111082;Fortis FIXED TERM PLAN - SERIES 9: THREE YEARLY PLAN A - Institutional Plan - Half Yearly Dividend Option;;;0.0000;0.0000;0.0000;23-Jun-2010
111089;Fortis FIXED TERM PLAN - SERIES 9: THREE YEARLY PLAN A - Institutional Plan - Monthly Dividend Option;;;0.0000;0.0000;0.0000;23-Jun-2010
111078;Fortis FIXED TERM PLAN - SERIES 9: THREE YEARLY PLAN A - Institutional Plan - Quarterly Dividend Option;;;0.0000;0.0000;0.0000;23-Jun-2010
111087;Fortis FIXED TERM PLAN - SERIES 9: THREE YEARLY PLAN A - Institutional Plan - Yearly Dividend Option;;;0.0000;0.0000;0.0000;23-Jun-2010
111083;Fortis FIXED TERM PLAN - SERIES 9: THREE YEARLY PLAN A - Regular Plan - Dividend on Maturity Option;;;12.4237;12.1752;12.4237;23-Jun-2010
111081;Fortis FIXED TERM PLAN - SERIES 9: THREE YEARLY PLAN A - Regular Plan - Growth Option;;;12.4216;12.1732;12.4216;23-Jun-2010
111084;Fortis FIXED TERM PLAN - SERIES 9: THREE YEARLY PLAN A - Regular Plan - Half Yearly Dividend Option;;;10.3989;10.1909;10.3989;23-Jun-2010
111080;Fortis FIXED TERM PLAN - SERIES 9: THREE YEARLY PLAN A - Regular Plan - Monthly Dividend Option;;;10.1874;9.9837;10.1874;23-Jun-2010
111079;Fortis FIXED TERM PLAN - SERIES 9: THREE YEARLY PLAN A - Regular Plan - Quarterly Dividend Option;;;10.3962;10.1883;10.3962;23-Jun-2010
111088;Fortis FIXED TERM PLAN - SERIES 9: THREE YEARLY PLAN A - Regular Plan - Yearly Dividend Option;;;10.4037;10.1956;10.4037;23-Jun-2010

Franklin Templeton Mutual Fund
112660;Franklin India Fixed Tenure Fund - Series XII - Plan C (5 Year Plan) - Dividend;INF090I01411;;10.1668;10.1668;10.1668;23-Jun-2010
112659;Franklin India Fixed Tenure Fund - Series XII - Plan C (5 Year Plan) - Growth;INF090I01403;;10.1668;10.1668;10.1668;23-Jun-2010
105526;Franklin Templeton Capital Protection Oriented Fund - 5 Years Plan - Dividend;INF090I01080;;11.9563;11.9563;11.9563;23-Jun-2010
105525;Franklin Templeton Capital Protection Oriented Fund - 5 Years Plan - Growth;INF090I01072;;13.1231;13.1231;13.1231;23-Jun-2010
104390;Franklin Templeton Capital Safety Fund - 5 Years Plan - Annual Dividend;;;11.8037;11.8037;11.8037;23-Jun-2010
104389;Franklin Templeton Capital Safety Fund - 5 Years Plan - Growth;;;13.0825;13.0825;13.0825;23-Jun-2010
108224;Franklin Templeton Fixed Tenure Fund - Series IX - Plan A - Dividend;;;11.2555;10.9741;11.2555;23-Jun-2010
108223;Franklin Templeton Fixed Tenure Fund - Series IX - Plan A - Growth;;;11.5718;11.2825;11.5718;23-Jun-2010
108226;Franklin Templeton Fixed Tenure Fund - Series IX - Plan B - Dividend;INF090I01AQ1;;11.7874;11.4338;11.7874;23-Jun-2010
108225;Franklin Templeton Fixed Tenure Fund - Series IX - Plan B - Growth;INF090I01AR9;;12.0054;11.6452;12.0054;23-Jun-2010
105323;Franklin Templeton Fixed Tenure Fund - Series VIII - 60 Months Plan (Plan A) - Dividend Plan;INF090I01AM0;;11.2847;10.8333;11.2847;23-Jun-2010
105322;Franklin Templeton Fixed Tenure Fund - Series VIII - 60 Months Plan (Plan A) - Growth Plan;INF090I01AN8;;13.2325;12.7032;13.2325;23-Jun-2010
109116;Franklin Templeton Fixed Tenure Fund - Series X - Plan A - Dividend;;;11.4987;11.2112;11.4987;23-Jun-2010
109115;Franklin Templeton Fixed Tenure Fund - Series X - Plan A - Growth;;;12.0271;11.7264;12.0271;23-Jun-2010
109676;Franklin Templeton Fixed Tenure Fund - Series X - Plan B - Dividend;;;11.5109;11.2231;11.5109;23-Jun-2010
109675;Franklin Templeton Fixed Tenure Fund - Series X - Plan B - Growth;;;12.0330;11.7322;12.0330;23-Jun-2010
109117;Franklin Templeton Fixed Tenure Fund - Series X - Plan C - Dividend;INF090I01AU3;;12.1910;11.8253;12.1910;23-Jun-2010
109118;Franklin Templeton Fixed Tenure Fund - Series X - Plan C - Growth;INF090I01AV1;;12.5183;12.1428;12.5183;23-Jun-2010
109678;Franklin Templeton Fixed Tenure Fund - Series X - Plan D - Dividend;INF090I01AY5;;12.3288;11.9589;12.3288;23-Jun-2010
109677;Franklin Templeton Fixed Tenure Fund - Series X - Plan D - Growth;INF090I01AZ2;;12.6510;12.2715;12.6510;23-Jun-2010
112146;Franklin Templeton Fixed Tenure Fund - Series XII - Plan A (3 Year Plan) - Dividend;INF090I01106;;10.5369;10.5369;10.5369;23-Jun-2010
112145;Franklin Templeton Fixed Tenure Fund - Series XII - Plan A (3 Year Plan) - Growth;INF090I01098;;10.5369;10.5369;10.5369;23-Jun-2010
112219;Franklin Templeton Fixed Tenure Fund - Series XII - Plan B (3 Year Plan) - Dividend;INF090I01122;;10.3978;10.3978;10.3978;23-Jun-2010
112220;Franklin Templeton Fixed Tenure Fund - Series XII - Plan B (3 Year Plan) - Growth;INF090I01114;;10.3978;10.3978;10.3978;23-Jun-2010
112312;Franklin Templeton Fixed Tenure Fund - Series XIII - Plan A - Dividend;INF090I01148;;10.2469;10.2469;10.2469;23-Jun-2010
112311;Franklin Templeton Fixed Tenure Fund - Series XIII - Plan A - Growth;INF090I01130;;10.2469;10.2469;10.2469;23-Jun-2010
104079;Franklin Templeton Fixed Tenure Fund - Series VI (60 Months Plan) - Annual Dividend Plan;INF090I01AJ6;;12.2376;11.7481;12.2376;23-Jun-2010
104078;Franklin Templeton Fixed Tenure Fund - Series VI (60 Months Plan) - Growth Plan;;;14.2461;13.6763;14.2461;23-Jun-2010
103203;Franklin Templeton Fixed Tenure Fund-SeriesII (60MonthsPlan)- Annual Dividend Plan;;;14.0409;13.4793;14.0409;23-Jun-2010
103202;Franklin Templeton Fixed Tenure Fund-SeriesII (60MonthsPlan)- Growth Plan;;;16.9389;16.2613;16.9389;23-Jun-2010
103549;Franklin Templeton Fixed Tenure Fund-SeriesIV(60MonthsPlan)-Annual Dividend Plan;;;11.5468;11.0849;11.5468;23-Jun-2010
103548;Franklin Templeton Fixed Tenure Fund-SeriesIV(60MonthsPlan)-Growth Plan;;;14.5781;13.9950;14.5781;23-Jun-2010
106111;Templeton Fixed Horizon Fund - Series IV - Plan A - Institutional - Dividend;;;12.2893;11.9206;12.2893;23-Jun-2010
106112;Templeton Fixed Horizon Fund - Series IV - Plan A - Institutional - Growth;;;12.5870;12.2094;12.5870;23-Jun-2010
106110;Templeton Fixed Horizon Fund - Series IV - Plan A - Retail - Dividend;;;12.2489;11.8814;12.2489;23-Jun-2010
106109;Templeton Fixed Horizon Fund - Series IV - Plan A - Retail - Growth;;;12.5462;12.1698;12.5462;23-Jun-2010

HDFC Mutual Fund
112830;HDFC FMP 100D MARCH 2010 (1) - Dividend Option;;;10.1316;0;0;23-Jun-2010
112829;HDFC FMP 100D MARCH 2010 (1) - Growth Option;;;10.1316;0;0;23-Jun-2010
112706;HDFC FMP 13M March 2010 - Dividend Option;;;10.2291;0;0;23-Jun-2010
112708;HDFC FMP 13M March 2010 - Dividend Quarterly Option;;;10.2291;0;0;23-Jun-2010
112707;HDFC FMP 13M March 2010 - Growth Option;;;10.2291;0;0;23-Jun-2010
112831;HDFC FMP 13M March 2010 (2) - Dividend Option;;;10.1813;0;0;23-Jun-2010
112832;HDFC FMP 13M March 2010 (2) - Dividend Quarterly Option;;;10.1813;0;0;23-Jun-2010
112833;HDFC FMP 13M March 2010 (2) - Growth Option;;;10.1813;0;0;23-Jun-2010
112862;HDFC FMP 13M March 2010 (3) - Dividend Option;;;10.1688;0;0;23-Jun-2010
112863;HDFC FMP 13M March 2010 (3) - Dividend Quarterly Option;;;10.1688;0;0;23-Jun-2010
112861;HDFC FMP 13M March 2010 (3) - Growth Option;;;10.1688;0;0;23-Jun-2010
112245;HDFC FMP 13M October 2009 - DIVIDEND OPTION;;;10.4417;0;0;23-Jun-2010
112243;HDFC FMP 13M October 2009 - GROWTH OPTION;;;10.4417;0;0;23-Jun-2010
112244;HDFC FMP 13M October 2009 - QUARTERLY DIVIDEND OPTION;;;10.1625;0;0;23-Jun-2010
112751;HDFC FMP 14M March 2010 - Dividend Option;;;10.1844;0;0;23-Jun-2010
112752;HDFC FMP 14M March 2010 - Dividend Quarterly Option;;;10.1844;0;0;23-Jun-2010
112753;HDFC FMP 14M March 2010 - Growth Option;;;10.1844;0;0;23-Jun-2010
112338;HDFC FMP 15M December 2009 - DIVIDEND OPTION;;;10.2711;0;0;23-Jun-2010
112326;HDFC FMP 15M December 2009 - GROWTH OPTION;;;10.2711;0;0;23-Jun-2010
112339;HDFC FMP 15M December 2009 - QUARTERLY DIVIDEND OPTION;;;10.1429;0;0;23-Jun-2010
112206;HDFC FMP 18M October 2009 - DIVIDEND OPTION;;;10.5582;0;0;23-Jun-2010
112204;HDFC FMP 18M October 2009 - GROWTH OPTION;;;10.5582;0;0;23-Jun-2010
112205;HDFC FMP 18M October 2009 - QUARTERLY DIVIDEND OPTION;;;10.2168;0;0;23-Jun-2010
112287;HDFC FMP 19M November 2009 - DIVIDEND OPTION;;;10.3681;0;0;23-Jun-2010
112285;HDFC FMP 19M November 2009 - GROWTH OPTION;;;10.3681;0;0;23-Jun-2010
112286;HDFC FMP 19M November 2009 - QUARTERLY DIVIDEND OPTION;;;10.2265;0;0;23-Jun-2010
112170;HDFC FMP 20M September 2009 - DIVIDEND OPTION;;;10.5784;0;0;23-Jun-2010
112169;HDFC FMP 20M September 2009 - GROWTH OPTION;;;10.5784;0;0;23-Jun-2010
112168;HDFC FMP 20M September 2009 - QUARTERLY DIVIDEND OPTION;;;10.2968;0;0;23-Jun-2010
110062;HDFC FMP 22M September 2008  - RETAIL PLAN - GROWTH OPTION;;;12.0172;11.7769;0;23-Jun-2010
110059;HDFC FMP 22M September 2008  - RETAIL PLAN - NORMAL DIVIDEND OPTION;;;12.0172;11.7769;0;23-Jun-2010
110060;HDFC FMP 22M September 2008  - RETAIL PLAN - QUARTERLY DIVIDEND OPTION;;;10.5341;10.3234;0;23-Jun-2010
110061;HDFC FMP 22M September 2008  - WHOLESALE PLAN - GROWTH OPTION;;;12.2053;11.9612;0;23-Jun-2010
110057;HDFC FMP 22M September 2008  - WHOLESALE PLAN - NORMAL DIVIDEND OPTION;;;12.2053;11.9612;0;23-Jun-2010
112672;HDFC FMP 24M February 2010 - DIVIDEND OPTION;INF179K01BK9;;10.1995;0;0;23-Jun-2010
112673;HDFC FMP 24M FEBRUARY 2010 - GROWTH OPTION;INF179K01BI3;;10.1995;0;0;23-Jun-2010
112674;HDFC FMP 24M February 2010 - QUARTERLY DIVIDEND OPTION;INF179K01BJ1;;10.1995;0;0;23-Jun-2010
112895;HDFC FMP 367D April 2010 (1)- Dividend Option;;;10.1175;0;0;23-Jun-2010
112897;HDFC FMP 367D April 2010 (1)- Growth Option;;;10.1175;0;0;23-Jun-2010
112896;HDFC FMP 367D April 2010 (1)- Quarterly Dividend Option;;;10.1175;0;0;23-Jun-2010
112906;HDFC FMP 367D APRIL 2010 (2) - Dividend Option;;;10.0735;0;0;23-Jun-2010
112905;HDFC FMP 367D APRIL 2010 (2) - Growth Option;;;10.0735;0;0;23-Jun-2010
112907;HDFC FMP 367D APRIL 2010 (2) - Quarterly Dividend Option;;;10.0735;0;0;23-Jun-2010
112768;HDFC FMP 367D March 2010 - Growth Option;;;10.1635;0;0;23-Jun-2010
112767;HDFC FMP 367D March 2010 -Dividend Quarterly Option;;;10.1635;0;0;23-Jun-2010
112769;HDFC FMP 367D March 2010-Dividend Option;;;10.1635;0;0;23-Jun-2010
112898;HDFC FMP 36M April 2010- Dividend Option;INF179K01CE0;;10.0237;0;0;23-Jun-2010
112899;HDFC FMP 36M April 2010- Growth Option;INF179K01CC4;;10.0237;0;0;23-Jun-2010
112900;HDFC FMP 36M April 2010- Quarterly Dividend Option;INF179K01CD2;;10.0237;0;0;23-Jun-2010
106029;HDFC FMP 36M JUNE 2007 - RETAIL PLAN GROWTH OPTION;;;13.1204;12.9236;0;23-Jun-2010
106033;HDFC FMP 36M JUNE 2007 - RETAIL PLAN NORMAL DIVIDEND OPTION;;;13.1204;12.9236;0;23-Jun-2010
106030;HDFC FMP 36M JUNE 2007 - RETAIL PLAN QUATERLY DIVIDEND OPTION;;;10.8202;10.6579;0;23-Jun-2010
106034;HDFC FMP 36M JUNE 2007 - WHOLESALE PLAN GROWTH OPTION;;;13.2767;13.0775;0;23-Jun-2010
106032;HDFC FMP 36M JUNE 2007 - WHOLESALE PLAN QUATERLY DIVIDEND OPTION;;;10.9513;10.787;0;23-Jun-2010
113026;HDFC FMP 370D June 2010 (1) - Dividend Option;;;10.0067;0;0;23-Jun-2010
113027;HDFC FMP 370D June 2010 (1) - Growth Option;;;10.0067;0;0;23-Jun-2010
113028;HDFC FMP 370D June 2010 (1) - Quarterly Dividend Option;;;10.0067;0;0;23-Jun-2010
113023;HDFC FMP 90D June 2010 - Dividend Option;;;10.0134;0;0;23-Jun-2010
113022;HDFC FMP 90D June 2010 -Growth Option;;;10.0134;0;0;23-Jun-2010
105428;HDFC QUARTERLY INTERVAL FUND - PLAN A - RETAIL PLAN - Growth Option;INF179K01GT9;;12.8939;12.881;0;23-Jun-2010
105429;HDFC QUARTERLY INTERVAL FUND - PLAN A - RETAIL PLAN -Dividend Option;INF179K01GU7;INF179K01GV5;10.0058;9.9958;0;23-Jun-2010
105427;HDFC QUARTERLY INTERVAL FUND - PLAN A - WHOLESALE PLAN - Dividend Option;INF179K01GX1;;10;9.99;0;23-Jun-2010
105430;HDFC QUARTERLY INTERVAL FUND - PLAN A - WHOLESALE PLAN - Growth Option;INF179K01GW3;;10.144;10.1339;0;23-Jun-2010
105420;HDFC QUARTERLY INTERVAL FUND - PLAN B - RETAIL PLAN - Growth Option;INF179K01GZ6;;12.7002;12.6875;0;23-Jun-2010
105421;HDFC QUARTERLY INTERVAL FUND - PLAN B - RETAIL PLAN -Dividend Option;INF179K01HA7;INF179K01HB5;10.0964;10.0863;0;23-Jun-2010
105419;HDFC QUARTERLY INTERVAL FUND - PLAN B - WHOLESALE PLAN - Dividend Option;INF179K01HD1;;10.0788;10.0687;0;23-Jun-2010
105762;HDFC QUARTERLY INTERVAL FUND - PLAN C - RETAIL PLAN - Dividend Option;INF179K01HG4;INF179K01HH2;10.2148;10.2046;0;23-Jun-2010
105761;HDFC QUARTERLY INTERVAL FUND - PLAN C - RETAIL PLAN -Growth Option;INF179K01HF6;;12.6656;12.6529;0;23-Jun-2010
105759;HDFC QUARTERLY INTERVAL FUND - PLAN C - WHOLESALE PLAN - Growth Option;INF179K01HI0;;10;9.99;0;23-Jun-2010
105760;HDFC QUARTERLY INTERVAL FUND - PLAN C -WHOLESALE PLAN - Dividend Option;INF179K01HJ8;;10.0768;10.0667;0;23-Jun-2010

ICICI Prudential Mutual Fund
110611;ICICI Prudential S.M.A.R.T.(Structured Methodology Aiming at Returns over Tenure) Fund- Series C-24 Months- Institutional Dividend;;;12.8237;12.8237;N.A.;23-Jun-2010
110613;ICICI Prudential S.M.A.R.T.(Structured Methodology Aiming at Returns over Tenure) Fund- Series C-24 Months- Institutional Growth;;;12.8237;12.8237;N.A.;23-Jun-2010
110610;ICICI Prudential S.M.A.R.T.(Structured Methodology Aiming at Returns over Tenure) Fund- Series C-24 Months- Retail Dividend;;;12.8237;12.8237;N.A.;23-Jun-2010
110612;ICICI Prudential S.M.A.R.T.(Structured Methodology Aiming at Returns over Tenure) Fund- Series C-24 Months- Retail Growth;;;12.8237;12.8237;N.A.;23-Jun-2010
111542;ICICI Prudential S.M.A.R.T.(Structured Methodology Aiming at Returns over Tenure) Fund- Series D - 24 Months Plan- Retail Dividend;;;13.4291;13.4291;N.A.;23-Jun-2010
111541;ICICI Prudential S.M.A.R.T.(Structured Methodology Aiming at Returns over Tenure) Fund- Series D - 24 Months Plan- Retail Growth;;;13.4291;13.4291;N.A.;23-Jun-2010
111672;ICICI Prudential S.M.A.R.T.(Structured Methodology Aiming at Returns over Tenure) Fund-Series E- 24 Months-Retail Dividend;;;11.8227;11.8227;N.A.;23-Jun-2010
111671;ICICI Prudential S.M.A.R.T.(Structured Methodology Aiming at Returns over Tenure) Fund-Series E- 24 Months-Retail Growth;;;11.8227;11.8227;N.A.;23-Jun-2010
110616;ICICI Prudential S.M.A.R.T.(Structured Methodology Aiming at Returns over Tenure) Fund- Series F-36 Months- Retail Growth;;;14.8679;14.8679;N.A.;23-Jun-2010
110614;ICICI Prudential S.M.A.R.T.(Structured Methodology Aiming at Returns over Tenure) Fund- Series F-36 Months-Institutional Growth;;;14.8679;14.8679;N.A.;23-Jun-2010
110617;ICICI Prudential S.M.A.R.T.(Structured Methodology Aiming at Returns over Tenure) Fund- Series F-36 Months-Retail Dividend;;;14.8679;14.8679;N.A.;23-Jun-2010
111619;ICICI Prudential S.M.A.R.T.(Structured Methodology Aiming at Returns over Tenure) Fund-Series G - 36 Months - Retail Dividend;;;17.4869;17.4869;N.A.;23-Jun-2010
111621;ICICI Prudential S.M.A.R.T.(Structured Methodology Aiming at Returns over Tenure) Fund-Series G - 36 Months - Retail Growth;;;17.4869;17.4869;N.A.;23-Jun-2010
111616;ICICI Prudential S.M.A.R.T.(Structured Methodology Aiming at Returns over Tenure) Fund-Series H - 36 Months - Institutional Growth;;;14.2396;14.2396;N.A.;23-Jun-2010
111614;ICICI Prudential S.M.A.R.T.(Structured Methodology Aiming at Returns over Tenure) Fund-Series H - 36 Months - Retail Dividend;;;14.2396;14.2396;N.A.;23-Jun-2010
111615;ICICI Prudential S.M.A.R.T.(Structured Methodology Aiming at Returns over Tenure) Fund-Series H - 36 Months - Retail Growth;;;14.2395;14.2395;N.A.;23-Jun-2010
109967;ICICI Prudential Fixed Maturity Plan - Series 45 - Three Years Plan - Institutional Dividend;;;10.8852;10.8852;N.A.;23-Jun-2010
109970;ICICI Prudential Fixed Maturity Plan - Series 45 - Three Years Plan - Institutional Growth;;;12.6253;12.6253;N.A.;23-Jun-2010
109969;ICICI Prudential Fixed Maturity Plan - Series 45 - Three Years Plan - Retail Dividend;;;10.8576;10.8576;N.A.;23-Jun-2010
109968;ICICI Prudential Fixed Maturity Plan - Series 45 - Three Years Plan - Retail Growth;;;12.6019;12.6019;N.A.;23-Jun-2010
110585;ICICI Prudential Fixed Maturity Plan - Series 48 - Three Years Plan A - Institutional Dividend;;;11.0561;11.0561;N.A.;23-Jun-2010
110584;ICICI Prudential Fixed Maturity Plan - Series 48 - Three Years Plan A - Institutional Growth;;;12.5821;12.5821;N.A.;23-Jun-2010
110582;ICICI Prudential Fixed Maturity Plan - Series 48 - Three Years Plan A - Retail Dividend;;;11.0561;11.0561;N.A.;23-Jun-2010
110583;ICICI Prudential Fixed Maturity Plan - Series 48 - Three Years Plan A - Retail Growth;;;12.5821;12.5821;N.A.;23-Jun-2010
111581;ICICI Prudential Fixed Maturity Plan - Series 48 - Three Years Plan B - Institutional Growth;;;12.1303;12.1303;N.A.;23-Jun-2010
111582;ICICI Prudential Fixed Maturity Plan - Series 48 - Three Years Plan B - Retail Dividend;;;10.9322;10.9322;N.A.;23-Jun-2010
111584;ICICI Prudential Fixed Maturity Plan - Series 48 - Three Years Plan B - Retail Growth;;;12.0389;12.0389;N.A.;23-Jun-2010
112774;ICICI Prudential Fixed Maturity Plan - Series 50 - 24 Months Plan A Cumulative;INF109K01DJ4;;10.1034;N.A.;N.A.;23-Jun-2010
112773;ICICI Prudential Fixed Maturity Plan - Series 50 - 24 Months Plan A Dividend;INF109K01DI6;;10.1034;N.A.;N.A.;23-Jun-2010
112775;ICICI Prudential Fixed Maturity Plan - Series 50 - 24 Months Plan B Cumulative;INF109K01DL0;;10.1100;N.A.;N.A.;23-Jun-2010
112776;ICICI Prudential Fixed Maturity Plan - Series 50 - 24 Months Plan B Dividend;INF109K01DK2;;10.1100;N.A.;N.A.;23-Jun-2010
112770;ICICI Prudential Fixed Maturity Plan - Series 51 - 13 Months Plan C Cumulative;;;10.1778;N.A.;N.A.;23-Jun-2010
112771;ICICI Prudential Fixed Maturity Plan - Series 51 - 13 Months Plan C Dividend;;;10.1778;N.A.;N.A.;23-Jun-2010
112389;ICICI Prudential Fixed Maturity Plan - Series 51 - 15 Months Plan E Cumulative;;;10.2819;N.A.;N.A.;23-Jun-2010
112388;ICICI Prudential Fixed Maturity Plan - Series 51 - 15 Months Plan E Dividend;;;10.2819;N.A.;N.A.;23-Jun-2010
112823;ICICI Prudential Fixed Maturity Plan - Series 51 - One Year Plan B Cumulative;;;10.1608;N.A.;N.A.;23-Jun-2010
112824;ICICI Prudential Fixed Maturity Plan - Series 51 - One Year Plan B Dividend;;;10.1608;N.A.;N.A.;23-Jun-2010
112843;ICICI Prudential Fixed Maturity Plan - Series 52 - 1 Year Plan A Cumulative;;;10.1460;N.A.;N.A.;23-Jun-2010
112844;ICICI Prudential Fixed Maturity Plan - Series 52 - 1 Year Plan A Dividend;;;10.1460;N.A.;N.A.;23-Jun-2010
112847;ICICI Prudential Fixed Maturity Plan - Series 52 - 13 Months Plan A Cumulative;;;10.1519;N.A.;N.A.;23-Jun-2010
112848;ICICI Prudential Fixed Maturity Plan - Series 52 - 13 Months Plan A Dividend;;;10.1519;N.A.;N.A.;23-Jun-2010
112959;ICICI Prudential Fixed Maturity Plan - Series 52 - 1 Year Plan B Cumulative;;;10.0262;N.A.;N.A.;23-Jun-2010
112960;ICICI Prudential Fixed Maturity Plan - Series 52 - 1 Year Plan B Dividend;;;10.0262;N.A.;N.A.;23-Jun-2010
112073;ICICI Prudential FMP Series 49 - 1 Year Plan A Institutional Dividend;;;10.6044;N.A.;N.A.;23-Jun-2010
112072;ICICI Prudential FMP Series 49 - 1 Year Plan A Institutional Growth;;;10.6044;N.A.;N.A.;23-Jun-2010
112071;ICICI Prudential FMP Series 49 - 1 Year Plan A Retail Dividend;;;10.5686;N.A.;N.A.;23-Jun-2010
112070;ICICI Prudential FMP Series 49 - 1 Year Plan A Retail Growth;;;10.5686;N.A.;N.A.;23-Jun-2010
112197;ICICI Prudential Fixed Maturity Plan Series 49 - 1 Year Plan B Institutional Dividend;;;10.5180;N.A.;N.A.;23-Jun-2010
112196;ICICI Prudential Fixed Maturity Plan Series 49 - 1 Year Plan B Institutional Growth;;;10.5180;N.A.;N.A.;23-Jun-2010
112195;ICICI Prudential Fixed Maturity Plan Series 49 - 1 Year Plan B Retail Dividend;;;10.4911;N.A.;N.A.;23-Jun-2010
112194;ICICI Prudential Fixed Maturity Plan Series 49 - 1 Year Plan B Retail Growth;;;10.4911;N.A.;N.A.;23-Jun-2010
112233;ICICI Prudential FMP Series 49 - 1 Year Plan C Retail Dividend;;;10.3397;N.A.;N.A.;23-Jun-2010
112234;ICICI Prudential FMP Series 49 - 1 Year Plan C Retail Growth;;;10.3397;N.A.;N.A.;23-Jun-2010
112187;ICICI Prudential Fixed Maturity Plan Series 49 - 3 Years Plan A Institutional Dividend;INF109K01118;;10.3361;N.A.;N.A.;23-Jun-2010
112186;ICICI Prudential Fixed Maturity Plan Series 49 - 3 Years Plan A Institutional Growth;INF109K01126;;10.7828;N.A.;N.A.;23-Jun-2010
112185;ICICI Prudential Fixed Maturity Plan Series 49 - 3 Years Plan A Retail Dividend;INF109K01076;;10.3277;N.A.;N.A.;23-Jun-2010
112184;ICICI Prudential Fixed Maturity Plan Series 49 - 3 Years Plan A Retail Growth;INF109K01084;;10.7554;N.A.;N.A.;23-Jun-2010
112262;ICICI Prudential Fixed Maturity Plan Series 49 - 3 Years Plan B Institutional Growth;INF109K01258;;10.5448;N.A.;N.A.;23-Jun-2010
112261;ICICI Prudential Fixed Maturity Plan Series 49 - 3 Years Plan B Retail Dividend;INF109K01308;;10.0965;N.A.;N.A.;23-Jun-2010
112260;ICICI Prudential Fixed Maturity Plan Series 49 - 3 Years Plan B Retail Growth;INF109K01290;;10.5252;N.A.;N.A.;23-Jun-2010
112281;ICICI Prudential Fixed Maturity Plan Series 50 - 18 Months Plan A Cumulative;;;10.3876;N.A.;N.A.;23-Jun-2010
112282;ICICI Prudential Fixed Maturity Plan Series 50 - 18 Months Plan A Dividend;;;10.3876;N.A.;N.A.;23-Jun-2010
112283;ICICI Prudential Fixed Maturity Plan Series 50 - 18 Months Plan B Cumulative;;;10.4061;N.A.;N.A.;23-Jun-2010
112284;ICICI Prudential Fixed Maturity Plan Series 50 - 18 Months Plan B Dividend;;;10.4061;N.A.;N.A.;23-Jun-2010
112324;ICICI Prudential Fixed Maturity Plan Series 50 - 19 Months Plan A Cumulative;;;10.3665;N.A.;N.A.;23-Jun-2010
112325;ICICI Prudential Fixed Maturity Plan Series 50 - 19 Months Plan A Dividend;;;10.3665;N.A.;N.A.;23-Jun-2010
112667;ICICI Prudential Fixed Maturity Plan - Series 51 - 1 Year Plan A Cumulative;;;10.2202;N.A.;N.A.;23-Jun-2010
112668;ICICI Prudential Fixed Maturity Plan - Series 51 - 1 Year Plan A Dividend;;;10.2202;N.A.;N.A.;23-Jun-2010
112732;ICICI Prudential Fixed Maturity Plan - Series 51-14 Months Plan D Cumulative;;;10.1994;N.A.;N.A.;23-Jun-2010
112733;ICICI Prudential Fixed Maturity Plan - Series 51-14 Months Plan D Dividend;;;10.1994;N.A.;N.A.;23-Jun-2010
112692;ICICI Prudential Fixed Maturity Plan - Series 51 - 3 Years Plan F Cumulative;INF109K01DH8;;10.2277;N.A.;N.A.;23-Jun-2010
112691;ICICI Prudential Fixed Maturity Plan - Series 51 - 3 Years Plan F Dividend;INF109K01DG0;;10.2277;N.A.;N.A.;23-Jun-2010
107378;ICICI Prudential FMP series 33 - Plan A - Retail Cumulative Option;;;10.5291;10.5291;N.A.;23-Jun-2010
107379;ICICI Prudential FMP series 33 - Plan A - Retail Dividend Option;;;10.5291;10.5291;N.A.;23-Jun-2010
106936;ICICI Prudential Real Estate Securities Fund - Institutional Growth;;;10.8451;10.8451;N.A.;23-Jun-2010
106935;ICICI Prudential Real Estate Securities Fund - Retail Dividend;;;10.6938;10.6938;N.A.;23-Jun-2010
106934;ICICI Prudential Real Estate Securities Fund - Retail Growth;;;10.6938;10.6938;N.A.;23-Jun-2010

ING Mutual Fund
109460;ING Interval Fund (Annual Interval Fund - B)-Retail Plan-Growth Option;;;11.4381;11.4381;11.4381;23-Jun-2010
109457;ING Interval Fund (Annual Interval Fund - B)-Retail Plan-Quarterly Dividend Option;;;10.2473;10.2473;10.2473;23-Jun-2010
109456;ING Interval Fund (Annual Interval Fund - B)-Retail Plan-Regular Dividend Option;;;10.2939;10.2939;10.2939;23-Jun-2010

Invesco Mutual Fund
112381;Religare Fixed Maturity Plan-Series II-Plan A -Dividend Payout;INF205K01AK4;;10.1884;10.1884;10.1884;23-Jun-2010
112380;Religare Fixed Maturity Plan-Series II-Plan A -Growth;INF205K01AL2;;10.1884;10.1884;10.1884;23-Jun-2010
112710;Religare Fixed Maturity Plan-Series II-Plan A to F - Plan B - Dividend Payout;INF205K01AM0;;10.2406;10.2406;10.2406;23-Jun-2010
112709;Religare Fixed Maturity Plan-Series II-Plan A to F - Plan B - Growth;INF205K01AN8;;10.2406;10.2406;10.2406;23-Jun-2010
112791;Religare Fixed Maturity Plan - Series II - Plan C - Dividend Payout Option;INF205K01AO6;;10.1858;10.1858;10.1858;23-Jun-2010
112792;Religare Fixed Maturity Plan - Series II - Plan C - Growth Option;INF205K01AP3;;10.1858;10.1858;10.1858;23-Jun-2010
112810;Religare Fixed Maturity Plan-Series II- Plan E - Dividend Payout option;INF205K01AS7;;10.1621;10.1621;10.1621;23-Jun-2010
112809;Religare Fixed Maturity Plan-Series II- Plan E - Growth option;INF205K01AT5;;10.1621;10.1621;10.1621;23-Jun-2010
112835;Religare Fixed Maturity Plan - Series II - Plan F - Dividend Payout Option;INF205K01AV1;;10.1497;10.1497;10.1497;23-Jun-2010
112836;Religare Fixed Maturity Plan - Series II - Plan F - Growth Option;INF205K01AU3;;10.1497;10.1497;10.1497;23-Jun-2010

JM Financial Mutual Fund
112257;JM Fixed Maturity Fund - Series XVI - Yearly Plan 1 (JM FMF - XVI - Y1) - Institutional plan - Dividend option;;;10.4483;0.0000;0.0000;23-Jun-2010
112259;JM Fixed Maturity Fund - Series XVI - Yearly Plan 1 (JM FMF - XVI - Y1) - Institutional plan - Growth option;;;10.4483;0.0000;0.0000;23-Jun-2010
112256;JM Fixed Maturity Fund - Series XVI - Yearly Plan 1 (JM FMF - XVI - Y1) - Regular plan - Dividend option;;;10.4318;0.0000;0.0000;23-Jun-2010
112258;JM Fixed Maturity Fund - Series XVI - Yearly Plan 1 (JM FMF - XVI - Y1) - Regular plan - Growth option;;;10.4318;0.0000;0.0000;23-Jun-2010
112686;JM Fixed Maturity Fund - Series XVIII - 15Monthly Plan 1 (JM FMF - XVIII - 15M1) - Regular plan - Dividend option;;;10.2223;0.0000;0.0000;23-Jun-2010
112687;JM Fixed Maturity Fund - Series XVIII - 15Monthly Plan 1 (JM FMF - XVIII - 15M1) - Regular plan - Growth option;;;10.2223;0.0000;0.0000;23-Jun-2010
107278;JM Interval Fund - Quarterly plan 1 (JM QIF - 1) - Institutional plan - Dividend option;INF192K01395;;10.0027;9.9027;0.0000;23-Jun-2010
107277;JM Interval Fund - Quarterly plan 1 (JM QIF - 1) - Institutional plan - Growth option;INF192K01403;;11.8745;11.7558;0.0000;23-Jun-2010
107276;JM Interval Fund - Quarterly plan 1 (JM QIF - 1) - Regular plan - Dividend option;INF192K01379;;10.0025;9.9025;0.0000;23-Jun-2010
107275;JM Interval Fund - Quarterly plan 1 (JM QIF - 1) - Regular plan - Growth option;INF192K01387;;11.7749;11.6572;0.0000;23-Jun-2010

Kotak Mahindra Mutual Fund
112694;Kotak FMP 13M Series 6 Dividend;;;10.1928;10.1928;10.1928;23-Jun-2010
112693;Kotak FMP 13M Series 6 Growth;;;10.1928;10.1928;10.1928;23-Jun-2010
111783;Kotak FMP 18M Series 1 - Growth;;;11.0927;11.0927;11.0927;23-Jun-2010
112279;Kotak FMP 18M Series 2 - Dividend;;;10.3623;10.3623;10.3623;23-Jun-2010
112280;Kotak FMP 18M Series 2 - Growth;;;10.3623;10.3623;10.3623;23-Jun-2010
112320;Kotak FMP 18M Series 3 - Dividend;;;10.2828;10.2828;10.2828;23-Jun-2010
112321;Kotak FMP 18M Series 3 - Growth;;;10.2828;10.2828;10.2828;23-Jun-2010
112734;Kotak FMP 18M Series 4 - Dividend;;;10.1228;10.1228;10.1228;23-Jun-2010
112735;Kotak FMP 18M Series 4 - Growth;;;10.1228;10.1228;10.1228;23-Jun-2010
112826;Kotak FMP 18M Series 5 - Dividend;;;10.0672;10.0672;10.0672;23-Jun-2010
112825;Kotak FMP 18M Series 5 - Growth;;;10.0684;10.0684;10.0684;23-Jun-2010
112178;Kotak FMP 19M Series 2 - Dividend;;;10.5472;10.5472;10.5472;23-Jun-2010
112179;Kotak FMP 19M Series 2 - Growth;;;10.5472;10.5472;10.5472;23-Jun-2010
112677;Kotak FMP 24M Series 1 - Dividend;INF174K01534;;10.1812;10.1812;10.1812;23-Jun-2010
112678;Kotak FMP 24M Series 1 - Growth;INF174K01526;;10.1812;10.1812;10.1812;23-Jun-2010
112247;Kotak FMP 370 Days Series 1 - Dividend;;;10.4604;10.4604;10.4604;23-Jun-2010
112246;Kotak FMP 370 Days Series 1 - Growth;;;10.4604;10.4604;10.4604;23-Jun-2010
112765;Kotak FMP 370 Days Series 2 - Dividend;;;10.1636;10.1636;10.1636;23-Jun-2010
112766;Kotak FMP 370 Days Series 2 - Growth;;;10.1636;10.1636;10.1636;23-Jun-2010
112827;Kotak FMP 370 Days Series 3 - Dividend;;;10.159;10.159;10.159;23-Jun-2010
112828;Kotak FMP 370 Days Series 3 - Growth;;;10.159;10.159;10.159;23-Jun-2010

L&T Mutual Fund
112822;L&T Fixed Maturity Plan - Series 12 - Plan15M - March10 - I - Growth;;;10.2066;0.0000;0.0000;23-Jun-2010
112701;L&T Fixed Maturity Plan - Series 12 - Plan15M - March10 - I -Dividend Payout;;;10.2066;0.0000;0.0000;23-Jun-2010
112865;L&T Fixed Maturity Plan - Series 12 - Plan15M - March10 - II - Div Payout;;;10.1671;0.0000;0.0000;23-Jun-2010
112716;L&T Fixed Maturity Plan - Series 12 - Plan15M - March10 - II - Growth Option;;;10.1671;0.0000;0.0000;23-Jun-2010

Nippon India Mutual Fund
112914;Reliance Dual Advantage Fixed Tenure Fund - Plan A - Dividend Payout option;INF204K01HH8;;10.1140;10.1140;10.1140;23-Jun-2010
112913;Reliance Dual Advantage Fixed Tenure Fund - Plan A - Growth option;INF204K01HG0;;10.1140;10.1140;10.1140;23-Jun-2010
109424;Reliance Fixed Horizon Fund - IX - Series 10 - Institutional Plan-Dividend Option;;;11.6101;11.6101;11.6101;23-Jun-2010
109423;Reliance Fixed Horizon Fund - IX - Series 10 - Institutional Plan-Growth Option;;;12.2975;12.2975;12.2975;23-Jun-2010
109422;Reliance Fixed Horizon Fund - IX - Series 10 - Retail Plan-Dividend Option;;;11.4305;11.4305;11.4305;23-Jun-2010
109421;Reliance Fixed Horizon Fund - IX - Series 10 - Retail Plan-Growth Option;;;12.1958;12.1958;12.1958;23-Jun-2010
112181;Reliance Fixed Horizon Fund - XIII - Series  1 - Dividend Option;;;10.1643;10.1643;10.1643;23-Jun-2010
112180;Reliance Fixed Horizon Fund - XIII - Series  1 - Growth Option;;;10.5233;10.5233;10.5233;23-Jun-2010
112275;Reliance Fixed Horizon Fund - XIII - Series 2 - Dividend Option;;;10.1722;10.1722;10.1722;23-Jun-2010
112276;Reliance Fixed Horizon Fund - XIII Series 2 - Growth Option;;;10.4686;10.4686;10.4686;23-Jun-2010
112308;Reliance Fixed Horizon Fund - XIII - Series 3 - Dividend Payout;;;10.3053;10.3053;10.3053;23-Jun-2010
112307;Reliance Fixed Horizon Fund - XIII - Series 3 - Growth;;;10.3053;10.3053;10.3053;23-Jun-2010
112183;Reliance Fixed Horizon Fund - XIII - Series  4 - Dividend Option;;;10.6608;10.6608;10.6608;23-Jun-2010
112182;Reliance Fixed Horizon Fund - XIII - Series  4 - Growth Option;;;10.6608;10.6608;10.6608;23-Jun-2010
112297;Reliance Fixed Horizon Fund - XIII - Series 5 - Dividend Payout Option;;;10.2361;10.2361;10.2361;23-Jun-2010
112296;Reliance Fixed Horizon Fund - XIII - Series 5 - Growth Option;;;10.4538;10.4538;10.4538;23-Jun-2010
112310;Reliance Fixed Horizon Fund - XIII - Series 6 - Dividend Payout;;;10.3992;10.3992;10.3992;23-Jun-2010
112309;Reliance Fixed Horizon Fund - XIII - Series 6 - Growth;;;10.3992;10.3992;10.3992;23-Jun-2010
112675;Reliance Fixed Horizon Fund - XIV - Series 1 - Dividend Payout Option;;;10.2842;10.2842;10.2842;23-Jun-2010
112676;Reliance Fixed Horizon Fund - XIV - Series 1 - Growth Option;;;10.2842;10.2842;10.2842;23-Jun-2010
112917;Reliance Fixed Horizon Fund - XIV - Series 10 - Dividend Payout Option;INF204K01HJ4;;10.0428;10.0428;10.0428;23-Jun-2010
112918;Reliance Fixed Horizon Fund - XIV - Series 10 - Growth Option;INF204K01HI6;;10.0428;10.0428;10.0428;23-Jun-2010
112725;Reliance Fixed Horizon Fund - XIV - Series 2 - Dividend Payout;;;10.2518;10.2518;10.2518;23-Jun-2010
112724;Reliance Fixed Horizon Fund - XIV - Series 2- Growth Option;;;10.2518;10.2518;10.2518;23-Jun-2010
112727;Reliance Fixed Horizon Fund - XIV - Series 3 - Growth Option;;;10.1977;10.1977;10.1977;23-Jun-2010
112726;Reliance Fixed Horizon Fund - XIV - Series 3 Dividend Payout;;;10.1977;10.1977;10.1977;23-Jun-2010
112846;Reliance Fixed Horizon Fund - XIV - Series 5 - Growth Option;;;10.1706;10.1706;10.1706;23-Jun-2010
112857;Reliance Fixed Horizon Fund - XIV - Series 7 - Dividend Payout Option;INF204K01GU3;;10.1835;10.1835;10.1835;23-Jun-2010
112806;Reliance Fixed Horizon Fund - XIV - Series 7 - Growth Option;INF204K01GT5;;10.1835;10.1835;10.1835;23-Jun-2010
112845;Reliance Fixed Horizon Fund - XIV - Series 8 - Growth Option;;;10.1607;10.1607;10.1607;23-Jun-2010
112894;Reliance Fixed Horizon Fund - XIV - Series 9 - Dividend Payout Option;INF204K01HD7;;10.0913;10.0913;10.0913;23-Jun-2010
112866;Reliance Fixed Horizon Fund - XIV - Series 9 - Growth Option;INF204K01HC9;;10.0913;10.0913;10.0913;23-Jun-2010
112855;Reliance Fixed Horizon Fund - XIV-Series 4 - Dividend Payout Option;;;10.1873;10.1873;10.1873;23-Jun-2010
112821;Reliance Fixed Horizon Fund - XIV-Series 4 - Growth Option;;;10.1873;10.1873;10.1873;23-Jun-2010
112902;Reliance Fixed Horizon Fund - XV - Series 4 - Dividend Payout Option;;;10.0905;10.0905;10.0905;23-Jun-2010
112903;Reliance Fixed Horizon Fund - XV - Series 4 - Growth Option;;;10.0905;10.0905;10.0905;23-Jun-2010
106781;Reliance Fixed Horizon Fund -V- 3yrs Plan Series-1-Institutional Plan Growth Option;;;12.9877;12.9877;12.9877;23-Jun-2010
106783;Reliance Fixed Horizon Fund -V- 3yrs Plan Series-1-Retail Plan Growth Option;;;12.9111;12.9111;12.9111;23-Jun-2010
106784;Reliance Fixed Horizon Fund -V- 3yrs Plan Series-1-Retail Plan-Dividend Option;;;12.9111;12.9111;12.9111;23-Jun-2010

PineBridge Mutual Fund
109660;PineBridge Quarterly Interval Fund Series I- Standard Plan- Dividend Option;INF178L01244;;1002.7783;995.2575;1002.7783;23-Jun-2010
109661;PineBridge Quarterly Interval Fund Series I- Standard Plan- Growth Option;INF178L01251;;1083.8756;1075.7465;1083.8756;23-Jun-2010
109817;PineBridge Quarterly Interval Fund II Institutional Plan-Dividend;INF178L01285;;1002.8568;995.3354;1002.8568;23-Jun-2010
109816;PineBridge Quarterly Interval Fund II- Standard Plan- Dividend Option;INF178L01269;;1002.8214;995.3002;1002.8214;23-Jun-2010
109818;PineBridge Quarterly Interval Fund II- Standard Plan- Growth;INF178L01277;;1092.4958;1084.3021;1092.4958;23-Jun-2010

Principal Mutual Fund
112698;Principal Pnb Fixed Maturity Plan - 540 Days - Series IV - Dividend Option;;;10.2308;10.2308;10.2308;23-Jun-2010
112699;Principal Pnb Fixed Maturity Plan - 540 Days - Series IV - Growth Option;;;10.2309;10.2309;10.2309;23-Jun-2010

quant Mutual Fund
109070;Escorts Fixed Maturity Plan - Dividend Option;;;0;0;0;23-Jun-2010
109071;Escorts Fixed Maturity Plan - Growth Option;;;0;0;0;23-Jun-2010
109514;Escorts Fixed Maturity Plan - Institutional Dividend;;;0;0;0;23-Jun-2010
109515;Escorts Fixed Maturity Plan - Institutional Growth;;;0;0;0;23-Jun-2010

SBI Mutual Fund
106864;SBI Capital Protection Oriented Fund - Series I Growth;INF200K01II2;;10.7120;N.A.;N.A.;23-Jun-2010
112820;SBI Debt Fund Series -370 Days 3- Dividend (Payout);;;10.1407;N.A.;N.A.;23-Jun-2010
112819;SBI Debt Fund Series -370 Days 3- Growth;;;10.1409;N.A.;N.A.;23-Jun-2010
112818;REDEEMED-SBI Debt Fund Series - 15 Months - 5 (09/03/2010)-DIVIDEND;;;10.1854;N.A.;N.A.;23-Jun-2010
112817;REDEEMED-SBI Debt Fund Series - 15 Months - 5 (09/03/2010)-GROWTH;;;10.1854;N.A.;N.A.;23-Jun-2010
112860;Z-REDEEMED-SBI Debt Fund Series - 180 Days - 9 Dividend;;;10.1444;N.A.;N.A.;23-Jun-2010
112764;Z-REDEEMED-SBI Debt Fund Series - 180 days - 9 Growth;;;10.1444;N.A.;N.A.;23-Jun-2010
112916;Z-REDEEMED-SBI Debt Fund Series - 370 Days -4- Growth;;;10.0955;N.A.;N.A.;23-Jun-2010
112893;Z-REDEEMED-SBI Debt Fund Series - 370 Days -4-Dividend;;;10.0954;N.A.;N.A.;23-Jun-2010

Sundaram Mutual Fund
106461;SUNDARAM CAPITAL PROTECTION FUND  SERIES 1-5 YEARS;;;12.0685;12.0685;0.0000;23-Jun-2010
107002;SUNDARAM FIXED INCOME INTERVAL FUND QTRLY PLAN C INST  DIVIDEND;INF903J01CD7;;0.0000;0.0000;0.0000;23-Jun-2010
107000;SUNDARAM FIXED INCOME INTERVAL FUND QTRLY PLAN C REG DIVIDEND;INF903J01CB1;;10.0512;10.0512;0.0000;23-Jun-2010
106999;SUNDARAM FIXED INCOME INTERVAL FUND QTRLY PLAN C REG GROWTH;INF903J01CA3;;11.6678;11.6678;0.0000;23-Jun-2010
109962;SUNDARAM FIXED INCOME INTERVAL FUND QTRLY PLAN E INST   DIVIDEND;INF903J01CH8;;0.0000;0.0000;0.0000;23-Jun-2010
109961;SUNDARAM FIXED INCOME INTERVAL FUND QTRLY PLAN E INST   GROWTH;INF903J01CG0;;0.0000;0.0000;0.0000;23-Jun-2010
109964;SUNDARAM FIXED INCOME INTERVAL FUND QTRLY PLAN E REG  GROWTH;INF903J01CE5;;11.0002;11.0002;11.0002;23-Jun-2010
109963;SUNDARAM FIXED INCOME INTERVAL FUND QTRLY PLAN E REG DIVIDEND;INF903J01CF2;;10.0363;10.0363;10.0363;23-Jun-2010
112749;Sundaram FTP - AA - Dividend Option;;;10.1654;10.1654;10.1654;23-Jun-2010
112750;Sundaram FTP - AA - Growth Option;;;10.1654;10.1654;10.1654;23-Jun-2010
112303;Sundaram FTP - R - Dividend;;;10.2105;10.2105;10.2105;23-Jun-2010
112302;Sundaram FTP - R - Growth;;;10.3943;10.3943;10.3943;23-Jun-2010
112756;Sundaram FTP - U - Dividend Payout Option;;;10.1489;10.1489;10.1489;23-Jun-2010
112757;Sundaram FTP - U - Growth Option;;;10.1489;10.1489;10.1489;23-Jun-2010
112393;Sundaram FTP - Y - Dividend Option;;;10.2751;10.2751;10.2751;23-Jun-2010
112394;Sundaram FTP - Y - Growth Option;;;10.2751;10.2751;10.2751;23-Jun-2010
112704;Sundaram FTP - Z - Dividend Option;;;10.2201;10.2201;10.2201;23-Jun-2010
112705;Sundaram FTP - Z - Growth Option;;;10.2201;10.2201;10.2201;23-Jun-2010
109545;SUNDARAM INTERVAL FUND QUARTERLY SERIES PLAN  D INST  DIVIDEND;INF903J01BP3;;0.0000;0.0000;0.0000;23-Jun-2010
109542;SUNDARAM INTERVAL FUND QUARTERLY SERIES PLAN  D INST  GROWTH;INF903J01BO6;;0.0000;0.0000;0.0000;23-Jun-2010
109543;SUNDARAM INTERVAL FUND QUARTERLY SERIES PLAN  D REG DIVIDEND;INF903J01BN8;;10.0750;10.0750;10.0750;23-Jun-2010
109544;SUNDARAM INTERVAL FUND QUARTERLY SERIES PLAN  D REG GROWTH;INF903J01BM0;;11.8114;11.8114;11.8114;23-Jun-2010

Tata Mutual Fund
112142;Tata Fixed Maturity Plan Series 25 - Scheme A - High Investment Plan - Dividend;INF277K01097;INF277K01105;10.6020;0.0000;0.0000;23-Jun-2010
112141;Tata Fixed Maturity Plan Series 25 Scheme A - High Investment Plan - Growth;;;10.6020;0.0000;0.0000;23-Jun-2010
112139;Tata Fixed Maturity Plan Series 25 - Scheme A - Retail Investment Plan - Dividend;;;10.5719;0.0000;0.0000;23-Jun-2010
112140;Tata Fixed Maturity Plan Series 25 - Scheme A - Retail Investment Plan - Growth;;;10.5719;0.0000;0.0000;23-Jun-2010
112144;Tata Fixed Maturity Plan Series 25 - Scheme A - Super High Investment Plan - Dividend;;;10.6168;0.0000;0.0000;23-Jun-2010
112143;Tata Fixed Maturity Plan Series 25 - Scheme A - Super High Investment Plan - Growth;;;10.6168;0.0000;0.0000;23-Jun-2010
112162;Tata Fixed Maturity Plan Series 25 - Scheme B - High Investment Plan - Dividend;;INF277K01196;10.5079;0.0000;0.0000;23-Jun-2010
112163;Tata Fixed Maturity Plan Series 25 - Scheme B - High Investment Plan - Growth;;;10.5079;0.0000;0.0000;23-Jun-2010
112166;Tata Fixed Maturity Plan Series 25 - Scheme B - Retail Investment Plan - Dividend;;INF277K01162;10.5202;0.0000;0.0000;23-Jun-2010
112167;Tata Fixed Maturity Plan Series 25 - Scheme B - Retail Investment Plan - Growth;;;10.5202;0.0000;0.0000;23-Jun-2010
112164;Tata Fixed Maturity Plan Series 25 - Scheme B - Super High Investment Plan - Growth;;;10.4900;0.0000;0.0000;23-Jun-2010
112777;Tata Fixed Maturity Plan Series 26 - Scheme A - Growth;INF277K01AO5;;10.1713;0.0000;0.0000;23-Jun-2010
112778;Tata Fixed Maturity Plan Series 26 - Scheme A - Periodic Dividend;INF277K01AQ0;;10.1713;0.0000;0.0000;23-Jun-2010
112779;Tata Fixed Maturity Plan Series 26 - Scheme A - Quarterly Dividend;INF277K01AP2;;10.1713;0.0000;0.0000;23-Jun-2010

Taurus Mutual Fund
112384;Tarus FMP 15 Month Series 1 Institutional Growth Plan;;;10.2896;10.2896;10.2896;23-Jun-2010
112383;Taurus FMP 15 Month Series 1 Institutional Dividend Plan;;;0.0000;0.0000;0.0000;23-Jun-2010
112382;Taurus FMP 15 Months series 1 Retail Dividend Plan;;;10.2802;10.2802;10.2802;23-Jun-2010
112377;Taurus FMP 15 Months Series 1 Retail Growth Plan;;;10.2802;10.2802;10.2802;23-Jun-2010
112812;Taurus Fixed Maturity Plan 370 days - Series 3 - Retail Div Plan;;;10.1572;10.1572;10.1572;23-Jun-2010
112811;Taurus Fixed Maturity Plan 370 days - Series 3 - Retail Growth Plan;;;10.1572;10.1572;10.1572;23-Jun-2010
112841;Taurus FMP 385D S-I Inst Plan-Dividend;;;0.0000;0.0000;0.0000;23-Jun-2010
112840;Taurus FMP 385D S-I Inst Plan-G;;;10.1875;10.1875;10.1875;23-Jun-2010
112839;Taurus FMP 385D S-I RP-Dividend;;;10.1810;10.1810;10.1810;23-Jun-2010
112842;Taurus FMP 385D S-I RP-G;;;10.1810;10.1810;10.1810;23-Jun-2010

UTI Mutual Fund
106339;UTI F I I F-Annual Interval Plan Series - II - Institutional  Growth Option;INF789F01FP5;;10.5099;0;0;23-Jun-2010
106340;UTI F I I F-Annual Interval Plan Series - II - Institutional Dividend Option;INF789F01FN0;INF789F01FO8;10.5099;0;0;23-Jun-2010
106338;UTI F I I F-Annual Interval Plan Series - II - Regular Plan - Growth Option;INF789F01FM2;;12.6877;0;0;23-Jun-2010
106337;UTI FIIF Annual Interval Plan II - Regular Plan - IDCW;INF789F01FK6;INF789F01FL4;10.478;0;0;23-Jun-2010
107070;UTI FIIF Annual Interval Plan IV - Regular Plan - IDCW;INF789F01FW1;INF789F01FX9;10.2933;0;0;23-Jun-2010
111478;UTI Fixed Interval Income Fund (Annual Interval Plan) Series IV - Instn Dividend Option;INF789F01FZ4;INF789F01GA5;10.3405;0;0;23-Jun-2010
107071;UTI Fixed Interval Income Fund (Annual Interval Plan) Series IV - Regular Plan - Growth Option;INF789F01FY7;;12.2319;0;0;23-Jun-2010
107089;UTI FIIF Half Yearly Plan I - Regular Plan - IDCW;INF789F01EY0;INF789F01EZ7;10.0402;0;0;23-Jun-2010
107090;UTI Fixed  Income Interval Fund ( Half Yearly Plan - I) - Instn Dividend Option;INF789F01FB5;INF789F01FC3;10.0416;0;0;23-Jun-2010
107088;UTI Fixed  Income Interval Fund ( Half Yearly Plan - I) - Regular Plan - Growth Option;INF789F01FA7;;12.0508;0;0;23-Jun-2010
107226;UTI FIIF Half Yearly Plan II - Regular Plan - IDCW;INF789F01HG0;INF789F01HH8;10.0239;0;0;23-Jun-2010
107225;UTI Fixed Income Interval Fund ( Half Yearly Plan-II)- Instn. Dividend Option;INF789F01HJ4;INF789F01HK2;10.025;0;0;23-Jun-2010
107227;UTI Fixed Income Interval Fund ( Half Yearly Plan-II)- Instn. Growth Option;INF789F01HL0;;10.0251;0;0;23-Jun-2010
107228;UTI Fixed Income Interval Fund ( Half Yearly Plan-II)- Regular Plan - Growth Option;INF789F01HI6;;11.9036;0;0;23-Jun-2010
106145;UTI - Fixed Income Interval Fund - Monthly Interval Plan  - Regular Plan - Growth Option;INF789F01EU8;;12.5165;0;0;23-Jun-2010
106549;UTI - Fixed Income Interval Fund - Monthly Interval Plan - Institutional Dividend Option;INF789F01EV6;INF789F01EW4;10.0427;0;0;23-Jun-2010
106550;UTI - Fixed Income Interval Fund - Monthly Interval Plan - Institutional Growth Option;INF789F01EX2;;12.1929;0;0;23-Jun-2010
106146;UTI FIIF Monthly Interval Plan I - Regular Plan - Monthly IDCW;INF789F01ES2;INF789F01ET0;10.0427;0;0;23-Jun-2010
107195;UTI FIIF Monthly Interval Plan II - Regular Plan - Monthly IDCW;INF789F01EM5;INF789F01EN3;10.024;0;0;23-Jun-2010
107196;UTI Fixed Income Interval Fund - Monthly Interval Plan II-Instn Growth Option;INF789F01ER4;;10.0243;0;0;23-Jun-2010
107194;UTI Fixed Income Interval Fund - Monthly Interval Plan II-Instn. Dividend Option;INF789F01EP8;INF789F01EQ6;10.0242;0;0;23-Jun-2010
107193;UTI Fixed Income Interval Fund - Monthly Interval Plan II-Regular Plan - Growth Option;INF789F01EO1;;12.0417;0;0;23-Jun-2010
106365;UTI FIIF Quarterly Interval Plan III - Regular Plan - IDCW;INF789F01GI8;INF789F01GJ6;10.0428;0;0;23-Jun-2010
106368;UTI Fixed  Income Interval Fund ( Quarterly Interval Plan - III) - Inst Growth Plan;INF789F01GN8;;12.4048;0;0;23-Jun-2010
106366;UTI Fixed  Income Interval Fund ( Quarterly Interval Plan - III) -Regular Plan - Growth Option;INF789F01GK4;;12.3458;0;0;23-Jun-2010
106367;UTI Fixed  Income Interval Fund ( Quarterly Interval Plan -III) - Inst Dividend Plan;INF789F01GL2;INF789F01GM0;10.0444;0;0;23-Jun-2010
109465;UTI F I I F Series II -Quarterly Interval Plan - IV -Regular Plan - Growth Option;INF789F01GQ1;;11.5503;0;0;23-Jun-2010
109464;UTI FIIF Sr-2 Quarterly Interval Plan IV - Regular Plan - IDCW;INF789F01GO6;INF789F01GP3;10.0966;0;0;23-Jun-2010
110468;UTI F I I F Series II -Quarterly Interval Plan - VII - Regular Plan - Growth Option;INF789F01EI3;;11.4671;0;0;23-Jun-2010
110469;UTI FIIF Sr-2 Quarterly Interval Plan VII - Regular Plan - IDCW;INF789F01EG7;INF789F01EH5;10.1169;0;0;23-Jun-2010
107497;UTI - Investment Bond Fund - Dividend Option;;;10.3446;0;0;23-Jun-2010
107498;uti - Investment Bond Fund - Growth Option;;;10.3445;0;0;23-Jun-2010
106185;UTI Annual Interval Fund - I - ( Instn Growth Option );INF789F01FJ8;;12.7917;0;0;23-Jun-2010
106183;UTI Annual Interval Fund - I - Regular Plan - Growth Option;INF789F01FG4;;12.6277;0;0;23-Jun-2010
106186;UTI Annual Interval Fund - I - Regular Plan - IDCW;INF789F01FE9;INF789F01FF6;10.5782;0;0;23-Jun-2010
106707;UTI Annual Interval Fund - II - Regular Plan - Growth Option;INF789F01FS9;;12.5494;0;0;23-Jun-2010
106706;UTI Annual Interval Fund - II - Regular Plan - IDCW;INF789F01FQ3;INF789F01FR1;10.3689;0;0;23-Jun-2010
106708;UTI Fixed Interval Income Fund (Annual Interval Fund)  Series III - Instn Dividend Option;INF789F01FT7;INF789F01FU5;10.4067;0;0;23-Jun-2010
106709;UTI Fixed Interval Income Fund (Annual Interval Fund)  Series III - Instn Growth Option;INF789F01FV3;;12.6975;0;0;23-Jun-2010
104954;UTI Capital Protection Oriented Scheme - 5 Years -Growth Option;;;13.223;0;0;23-Jun-2010
104953;UTI Capital Protection Orinted Scheme - Plan 5 years- Income Option;;;13.223;0;0;23-Jun-2010
112248;UTI Fixed Maturity Plan Yearly Series -Sept 09 - Dividend Option;;;10.1561;0;0;23-Jun-2010
112251;UTI Fixed Maturity Plan Yearly Series -Sept 09 - Growth Option;;;10.5061;0;0;23-Jun-2010
112249;UTI Fixed Maturity Plan Yearly Series -Sept 09 - Instn Dividend Option;;;10.167;0;0;23-Jun-2010
112250;UTI Fixed Maturity Plan Yearly Series -Sept 09 - Instn Growth Option	;;;10.5419;0;0;23-Jun-2010
110133;UTI Fixed Term Income Fund S-V - P-III (24 Mths) - Dividend Option;;;10.4329;0;0;23-Jun-2010
110134;UTI Fixed Term Income Fund S-V - P-III (24 Mths) - Growth Option;;;12.1267;0;0;23-Jun-2010
110135;UTI Fixed Term Income Fund S-V - P-III (24 Mths) - Instn Growth Option;;;12.3565;0;0;23-Jun-2010
112808;UTI FTIF - Series VII -Plan II - Growth Option;;;10.2149;0;0;23-Jun-2010
112807;UTI FTIF - Series VII -Plan II - Income Option;;;10.2149;0;0;23-Jun-2010
112910;UTI FTIF Series VII - III (367 D) - Growth Option;;;10.1129;0;0;23-Jun-2010
112909;UTI FTIF Series VII - III (367 D) - Income Option;;;10.1129;0;0;23-Jun-2010
112951;UTI FTIF Series VIII - I ( 367 D ) - Dividend Option;;;10.0415;0;0;23-Jun-2010
112950;UTI FTIF Series VIII - I ( 367 D ) - Growth Option;;;10.0415;0;0;23-Jun-2010
113067;UTI FTIF Series VIII - Plan II - Dividend Option;;;10.002;0;0;23-Jun-2010
113068;UTI FTIF Series VIII - Plan II - Growth Option;;;10.0026;0;0;23-Jun-2010
106058;UTI Fixed  Income Interval Fund ( Quarterly Interval Plan - I) - Inst Dividend Plan;INF789F01GF4;INF789F01GG2;10.0092;0;0;23-Jun-2010
106059;UTI Fixed  Income Interval Fund ( Quarterly Interval Plan - I) - Inst Growth Plan;INF789F01GH0;;10.1511;0;0;23-Jun-2010
106060;UTI Quarterly Interval Fund - I - Regular Plan - Growth Option;INF789F01GE7;;12.595;0;0;23-Jun-2010
106057;UTI Quarterly Interval Fund - I - Regular Plan - IDCW;INF789F01GC1;INF789F01GD9;10.0089;0;0;23-Jun-2010
109619;UTI F I I F Series II -Quarterly Interval Plan - V - Instn Dividend Option;INF789F01GX7;INF789F01GY5;10.066;0;0;23-Jun-2010
109617;UTI Quarterly Interval Fund - II - Regular Plan - Growth Option;INF789F01GW9;;11.3333;0;0;23-Jun-2010
109618;UTI Quarterly Interval Fund - II - Regular Plan - IDCW;INF789F01GU3;INF789F01GV1;10.0664;0;0;23-Jun-2010
110022;UTI F I I F Series II -Quarterly Interval Plan - VI-Institutional Divided Option;INF789F01HD7;INF789F01HE5;10.0209;0;0;23-Jun-2010
110023;UTI F I I F Series II -Quarterly Interval Plan - VI-Institutional Growth Option;INF789F01HF2;;10.1766;0;0;23-Jun-2010
110024;UTI Quarterly Interval Fund - III -Regular Plan - Growth Option;INF789F01HC9;;11.2852;0;0;23-Jun-2010
110021;UTI Quarterly Interval Fund - III -Regular Plan - IDCW;INF789F01HA3;INF789F01HB1;10.0204;0;0;23-Jun-2010
112850;UTI-FMP-Yearly Series March 10 - Growth Option;;;10.1597;0;0;23-Jun-2010
112849;UTI-FMP-Yearly Series March 10 - Income Option;;;10.1597;0;0;23-Jun-2010
112851;UTI-FMP-Yearly Series March 10 - Instn Growth Option;;;10.1701;0;0;23-Jun-2010
112334;UTI-FMP-Yearly Series Nov 09 - Dividend Option;;;10.1365;0;0;23-Jun-2010
112335;UTI-FMP-Yearly Series Nov 09 - Growth Option;;;10.2869;0;0;23-Jun-2010
112336;UTI-FMP-Yearly Series Nov 09 - Instn Dividend Option;;;10.1485;0;0;23-Jun-2010
112337;UTI-FMP-Yearly Series Nov 09 - Instn Growth Option;;;10.3138;0;0;23-Jun-2010
112392;UTI - UTI-FTIF Series VII Plan I  - Growth Option;;;10.2675;0;0;23-Jun-2010
112391;UTI - UTI-FTIF Series VII Plan I- Dividend Option;;;10.2675;0;0;23-Jun-2010

Close Ended Schemes ( Growth )


Canara Robeco Mutual Fund
104861;Canara Robeco Multicap-DIVIDEND OPTION;INF760K01AU7;INF760K01AV5;13.7100;13.7100;13.7100;23-Jun-2010
104860;Canara Robeco Multicap-GROWTH OPTION;INF760K01AW3;;14.7800;14.7800;14.7800;23-Jun-2010

Deutsche Mutual Fund
109992;DWS FIXED TERM FUND SERIES 59 INST DIV;;;10.5643;10.3530;10.5643;23-Jun-2010
109991;DWS FIXED TERM FUND SERIES 59 INST GR;;;12.0394;11.7986;12.0394;23-Jun-2010
109994;DWS FIXED TERM FUND SERIES 59 REG DIV;;;10.5133;10.3030;10.5133;23-Jun-2010
109993;DWS FIXED TERM FUND SERIES 59 REG GR;;;11.9853;11.7456;11.9853;23-Jun-2010

Principal Mutual Fund
106723;Principal Pnb Long Term Equity Fund 3 Year Plan Series II - Dividend Option;;;11.54;11.54;11.54;23-Jun-2010
106722;Principal Pnb Long Term Equity Fund 3 Year Plan Series II - Growth Option;;;11.54;11.54;11.54;23-Jun-2010

SBI Mutual Fund
106097;OLD-SBI INFRASTRUCTURE FUND - SERIES I REPURCHASE DIVIDEND (6/7/2007);;;10.12;N.A.;N.A.;23-Jun-2010
106098;OLD-SBI INFRASTRUCTURE FUND - SERIES I REPURCHASE GROWTH (6/7/2007);;;10.12;N.A.;N.A.;23-Jun-2010

Sundaram Mutual Fund
104998;Sundaram Select Small Cap Dividend;;;12.5982;12.5982;0.0000;23-Jun-2010
104999;Sundaram Select Small Cap- Growth;;;12.5975;12.5975;0.0000;23-Jun-2010

UTI Mutual Fund
107432;UTI - Infrastructure Advantage Fund - Growth Option;;;8.96;0;0;23-Jun-2010
107431;UTI - Infrastructure Advantage Fund -Dividend Option;;;8.96;0;0;23-Jun-2010
104459;UTI Wealth Builder Fund - Dividend Option;;;13.66;0;0;23-Jun-2010
104460;UTI Wealth Builder Fund - Growth Option;;;15.68;0;0;23-Jun-2010

Close Ended Schemes ( Balanced )


Tata Mutual Fund
105729;Tata SIP Fund - Scheme II - Dividend;;;11.9592;11.9550;0.0000;23-Jun-2010
105728;Tata SIP Fund - Scheme II - Growth;;;12.9776;12.9734;0.0000;23-Jun-2010
112009;Tata Smart Investment Plan - 1 - Scheme A - Dividend;INF277K01022;;11.3018;0.0000;0.0000;23-Jun-2010
112008;Tata Smart Investment Plan - 1 - Scheme A - Growth;INF277K01014;;11.3018;0.0000;0.0000;23-Jun-2010
112011;Tata Smart Investment Plan - 1 - Scheme B - Dividend;INF277K01048;;10.7140;0.0000;0.0000;23-Jun-2010
112010;Tata Smart Investment Plan - 1 - Scheme B - Growth;INF277K01030;;10.7140;0.0000;0.0000;23-Jun-2010

Close Ended Schemes ( ELSS )


Bandhan Mutual Fund
108864;IDFC Tax Saver (ELSS) Fund A DIVIDEND;INF194K01276;INF194K01284;13.7686;13.7686;13.7686;23-Jun-2010
108865;IDFC Tax Saver (ELSS) Fund A GROWTH;INF194K01268;;13.7689;13.7689;13.7689;23-Jun-2010

ICICI Prudential Mutual Fund
112101;ICICI Prudential R.I.G.H.T. Fund Dividend;INF109KA1XQ0;;11.38;N.A.;N.A.;23-Jun-2010
112100;ICICI Prudential R.I.G.H.T. Fund Growth;INF109KA1XP2;;11.38;N.A.;N.A.;23-Jun-2010

ING Mutual Fund
105324;ING RetireInvest Fund Series I - Dividend;INF084M01143;;12.1100;11.7288;N.A.;23-Jun-2010
105325;ING RetireInvest Fund Series I - Growth;INF084M01135;;12.1100;11.7288;N.A.;23-Jun-2010

Invesco Mutual Fund
107714;Invesco India AGILE Tax Fund - Dividend Option;INF205K01FT4;;6.92;0.00;0.00;23-Jun-2010
107773;Invesco India AGILE Tax Fund - Growth Option;INF205K01FS6;;6.92;0.00;0.00;23-Jun-2010

L&T Mutual Fund
112625;L&T Long Term Advantage Fund I - Regular Plan - Dividend;INF917K01BQ9;;15.01;0.00;0.00;23-Jun-2010
112624;L&T Long Term Advantage Fund I - Regular Plan - Growth;INF917K01BR7;;20.42;0.00;0.00;23-Jun-2010

Nippon India Mutual Fund
107900;Reliance Equity Linked Saving Fund - Series I - Dividend Plan;INF204K01ON2;;13.5786;13.5786;13.5786;23-Jun-2010
107901;Reliance Equity Linked Saving Fund - Series I - Growth Plan;INF204K01OM4;;13.5786;13.5786;13.5786;23-Jun-2010

SBI Mutual Fund
108144;SBI TAX ADVANTAGE FUND - SERIES I - DIVIDEND;INF200K01IK8;;11.97;N.A.;N.A.;23-Jun-2010
108145;SBI TAX ADVANTAGE FUND - SERIES I - GROWTH;INF200K01IJ0;;11.97;N.A.;N.A.;23-Jun-2010

Tata Mutual Fund
111779;Tata Infrastructure Tax Saving Fund - Dividend;INF277K01790;;16.9719;0.0000;0.0000;23-Jun-2010
111778;Tata Infrastructure Tax Saving Fund - Growth;INF277K01808;;16.9719;0.0000;0.0000;23-Jun-2010
103470;Tata Tax Advantage Fund -1;INF277K01HK8;;15.1450;0.0000;0.0000;23-Jun-2010

UTI Mutual Fund
101834;UTI - Master Equity Plan Unit Scheme;;;46.29;0;0;23-Jun-2010
105497;UTI Long Term Advantage Fund  - Dividend Option;;;12.41;0;0;23-Jun-2010
105498;UTI Long Term Advantage Fund  - Growth Option;;;12.41;0;0;23-Jun-2010
108231;UTI-Long Term Advantage Fund Series -II - Growth Option;;;13.57;0;0;23-Jun-2010
108232;UTI-Long Term Advantage Fund Series-II - Dividend Option;;;13.57;0;0;23-Jun-2010

Close Ended Schemes ( Fund of Funds - Domestic )


ING Mutual Fund
106865;ING OptiMix Dynamic Multi Manager FoF Scheme-Series IV - Dividend Option;;;9.5772;9.5505;0.0000;23-Jun-2010
106866;ING OptiMix Dynamic Multi Manager FoF Scheme-Series IV - Growth Option;;;9.5771;9.5504;0.0000;23-Jun-2010
106318;ING OptiMix Dynamic Multi-Manager FoF Scheme - Series III - Dividend;;;10.2959;10.2834;0.0000;23-Jun-2010
106319;ING OptiMix Dynamic Multi-Manager FoF Scheme - Series III - Growth;;;10.2959;10.2834;0.0000;23-Jun-2010
107048;ING OptiMix Equity Multi Manager FoF Scheme-Series II Dividend Option;;;9.9103;9.8552;0.0000;23-Jun-2010
107049;ING OptiMix Equity Multi Manager FoF Scheme-Series II Growth Option;;;9.9103;9.8552;0.0000;23-Jun-2010

Kotak Mahindra Mutual Fund
106847;Kotak Blended FOF - Dividend;;;10.581;10.581;10.581;23-Jun-2010

Interval Fund Schemes ( Income )


LIC Mutual Fund
108438;LIC MF Interval Fund Annual Plan-Series 1-Regular Plan-Dividend;INF767K01329;INF767K01337;10.0265;9.8761;0.0000;23-Jun-2010
108439;LIC MF Interval Fund Annual Plan-Series 1-Regular Plan-Growth;INF767K01345;;11.6871;11.5118;0.0000;23-Jun-2010
108416;LIC MF Interval Fund Monthly Plan-Series 1-Regular Plan-Dividend;INF767K01295;INF767K01303;9.9998;9.9748;0.0000;23-Jun-2010
108417;LIC MF Interval Fund Monthly Plan-Series 1-Regular Plan-Growth;INF767K01311;;11.6509;11.6218;0.0000;23-Jun-2010
108408;LIC MF Interval Fund Quarterly Plan-Series 1-Regular Plan-Dividend;INF767K01238;INF767K01246;10.0409;9.9907;0.0000;23-Jun-2010
108411;LIC MF Interval Fund Quarterly Plan-Series 1-Regular Plan-Growth;INF767K01253;;11.7116;11.6530;0.0000;23-Jun-2010
109917;LIC MF Interval Fund Quarterly Plan-Series 2-Regular Plan-Dividend;INF767K01261;INF767K01279;10.1556;10.1048;0.0000;23-Jun-2010
109916;LIC MF Interval Fund Quarterly Plan-Series 2-Regular Plan-Growth;INF767K01287;;11.4859;11.4285;0.0000;23-Jun-2010

Nippon India Mutual Fund
105662;NIPPON INDIA ANNUAL INTERVAL FUND - SERIES I - RETAIL Plan - IDCW Option;INF204K01EA0;INF204K01EB8;10.0555;10.0555;10.0555;23-Jun-2010
105661;Nippon India Interval Fund Annual Interval Fund Series-I-Retail Plan Growth Option;INF204K01DZ9;;12.7760;12.7760;12.7760;23-Jun-2010
105229;Nippon India Interval Fund-Monthly Interval Fund-Series-I- Growth Option;INF204K01CV0;;12.5756;12.5756;12.5756;23-Jun-2010
105232;Nippon India Interval Fund-Monthly Interval Fund-Series-I-Institutional Plan-Dividend Option;INF204K01CZ1;INF204K01DA2;10.0152;10.0152;10.0152;23-Jun-2010
105230;NIPPON INDIA MONTHLY INTERVAL FUND - SERIES I - IDCW Option;INF204K01CW8;INF204K01CX6;10.0147;10.0147;10.0147;23-Jun-2010
105231;Reliance Interval Fund-Monthly Interval Fund-Series-I-Institutional Plan-Growth Option;INF204K01CY4;;12.5816;12.5816;12.5816;23-Jun-2010
105400;Nippon India Interval Fund-Monthly Interval Fund-Series-II -Growth Option;INF204K01DB0;;12.5645;12.5645;12.5645;23-Jun-2010
105402;Nippon India Interval Fund-Monthly Interval Fund-Series-II-Institutional Plan-Dividend Option;INF204K01DF1;INF204K01DG9;10.0385;10.0385;10.0385;23-Jun-2010
105401;NIPPON INDIA MONTHLY INTERVAL FUND - SERIES II - IDCW Option;INF204K01DC8;INF204K01DD6;10.0370;10.0370;10.0370;23-Jun-2010
105399;Reliance Interval Fund-Monthly Interval Fund-Series-II-Institutional Plan-Growth Option;INF204K01DE4;;12.5703;12.5703;12.5703;23-Jun-2010
105691;Nippon India Interval Fund-Quarterly Interval Fund Serie-II-Institutional Plan -Dividend Option;INF204K01DR6;INF204K01DS4;10.0609;10.0609;10.0609;23-Jun-2010
105689;Nippon India Interval Fund-Quarterly Interval Fund Series-II-Growth Option;INF204K01DN5;;12.6521;12.6521;12.6521;23-Jun-2010
105692;NIPPON INDIA QUARTERLY INTERVAL FUND - SERIES II - IDCW Option;INF204K01DO3;INF204K01DP0;10.0578;10.0578;10.0578;23-Jun-2010
105690;Reliance Interval Fund-Quarterly Interval Fund Serie-II-Institutional Plan Growth Option;INF204K01DQ8;;12.7161;12.7161;12.7161;23-Jun-2010
105434;NIPPON INDIA INTERVAL FUND - QUARTERLY PLAN - SERIES I - IDCW Option;INF204K01DI5;INF204K01DJ3;10.1205;10.1205;10.1205;23-Jun-2010
105436;NIPPON INDIA INTERVAL FUND - QUARTERLY PLAN - SERIES I - INSTITUTIONAL IDCW Option;INF204K01DL9;INF204K01DM7;10.1257;10.1257;10.1257;23-Jun-2010
105433;Nippon India Interval Fund-Quarterly Interval Fund-Series-I - Growth Option;INF204K01DH7;;12.7784;12.7784;12.7784;23-Jun-2010
105435;Reliance Interval Fund-Quarterly Interval Fund-Series-I-Institutional Plan-Growth Option;INF204K01DK1;;10.1183;10.1183;10.1183;23-Jun-2010
105884;Nippon India Interval Fund-Quarterly Interval Fund-Series-III- Growth Option;INF204K01DT2;;12.5282;12.5282;12.5282;23-Jun-2010
105882;Nippon India Interval Fund-Quarterly Interval Fund-Series-III-Institutional Plan-Growth Option;INF204K01DW6;;12.5345;12.5345;12.5345;23-Jun-2010
105885;NIPPON INDIA QUARTERLY INTERVAL FUND - SERIES III - IDCW Option;INF204K01DU0;INF204K01DV8;10.0261;10.0261;10.0261;23-Jun-2010
105883;NIPPON INDIA QUARTERLY INTERVAL FUND - SERIES III - INSTITUTIONAL IDCW Option;INF204K01DX4;INF204K01DY2;10.0263;10.0263;10.0263;23-Jun-2010
